ImageId,EncodedPixels
0114f484a16c152baa2d82fdd43740880a762c93f436c8988ac461c5c9dbe7d5,44850 5 45104 9 45358 13 45613 14 45868 15 46124 15 46380 15 46636 14 46892 13 47149 11 47407 7
0114f484a16c152baa2d82fdd43740880a762c93f436c8988ac461c5c9dbe7d5,50280 7 50534 10 50789 12 51043 14 51298 16 51554 16 51809 17 52065 16 52321 16 52577 16 52833 15 53089 15 53346 13 53602 12 53860 8
0114f484a16c152baa2d82fdd43740880a762c93f436c8988ac461c5c9dbe7d5,10893 4 11147 8 11401 10 11656 12 11911 13 12166 14 12422 14 12677 14 12933 14 13189 13 13445 12 13701 12 13957 11 14214 8 14471 6
0114f484a16c152baa2d82fdd43740880a762c93f436c8988ac461c5c9dbe7d5,31632 6 31885 11 32139 14 32394 16 32649 17 32904 18 33160 18 33416 18 33671 19 33927 18 34183 17 34439 16 34696 14 34952 12 35209 10 35467 6
0114f484a16c152baa2d82fdd43740880a762c93f436c8988ac461c5c9dbe7d5,50842 4 51096 7 51351 9 51605 11 51860 12 52115 13 52371 13 52626 13 52882 13 53137 13 53393 12 53648 12 53904 11 54161 9 54417 8 54674 5
0114f484a16c152baa2d82fdd43740880a762c93f436c8988ac461c5c9dbe7d5,31134 1 31389 3 31645 4 31900 5 32156 5 32412 5 32669 4
0114f484a16c152baa2d82fdd43740880a762c93f436c8988ac461c5c9dbe7d5,38564 5 38819 7 39074 8 39327 12 39582 13 39837 14 40093 14 40349 13 40605 13 40861 13 41118 11 41374 11 41630 10 41887 8 42144 6
0999dab07b11bc85fb8464fc36c947fbd8b5d6ec49817361cb780659ca805eac,47749 1 48268 2 48787 2 49306 3 49825 4 50344 5 50863 5 51382 6 51901 6 52420 7 52939 8 53458 9 53977 10 54496 11 55015 12 55534 14 56053 16 56572 18 57091 20 57610 21 58129 23 58154 2 58648 28 59167 29 59686 29 60205 28 60724 28 61243 29 61762 29 62281 29 62800 30 63319 30 63838 30 64357 30 64876 30 65395 30 65914 30 66433 31 66952 32 67471 32 67990 33 68509 34 69028 35 69547 36 70066 37 70585 38 71104 39 71623 40 72142 41 72661 42 73180 43 73699 44 74218 44 74737 45 75256 46 75775 47 76294 50 76813 57 77332 60 77851 61 78370 62 78889 63 79408 63 79927 64 80446 64 80966 63 81486 63 82005 63 82525 62 83045 61 83565 60 84084 60 84604 59 85123 59 85643 58 86163 57 86683 56 87202 56 87722 55 88241 54 88761 53 89280 53 89800 52 90319 52 90839 51 91359 50 91878 51 92398 50 92917 51 93437 51 93957 51 94476 52 94996 52 95515 53 96035 54 96554 55 97073 56 97593 56 98112 57 98632 57 99151 57 99670 58 100190 57 100709 58 101228 59 101748 59 102267 60 102787 60 103307 60 103827 59 104347 59 104867 58 105387 58 105907 58 106428 57 106948 56 107469 55 107990 54 108510 54 109031 52 109551 52 110071 52 110591 53 111111 54 111631 54 112151 54 112671 54 113191 54 113710 56 114230 55 114750 55 115270 55 115790 55 116309 55 116829 55 117349 55 117868 55 118388 55 118907 55 119427 55 119946 55 120466 55 120986 55 121506 54 122025 55 122545 55 123065 55 123584 56 124104 56 124623 56 125143 57 125664 56 126184 56 126704 56 127224 57 127286 6 127744 70 128263 71 128783 71 129303 70 129822 71 130341 72 130861 71
0999dab07b11bc85fb8464fc36c947fbd8b5d6ec49817361cb780659ca805eac,25978 2 26493 8 27010 11 27527 14 28044 16 28562 18 29080 19 29599 19 30117 20 30635 21 31153 22 31672 22 32191 22 32709 22 33229 20 33748 19 34267 18 34787 16 35307 13 35826 12 36347 8 36867 5
0999dab07b11bc85fb8464fc36c947fbd8b5d6ec49817361cb780659ca805eac,9392 4 9910 6 10429 7 10947 9 11465 10 11983 13 12501 16 13020 17 13539 17 14058 17 14577 18 15096 18 15615 18 16134 17 16653 17 17173 15 17692 14 18211 13 18730 13 19249 12 19769 10 20288 9 20808 8 21328 6
0999dab07b11bc85fb8464fc36c947fbd8b5d6ec49817361cb780659ca805eac,29648 1 30163 8 30680 13 31197 16 31715 18 32233 19 32751 20 33270 20 33788 20 34307 19 34826 18 35345 17 35865 15 36384 14 36904 12 37423 11 37942 10 38461 9 38981 6 39502 1
0999dab07b11bc85fb8464fc36c947fbd8b5d6ec49817361cb780659ca805eac,50419 1 50938 2
0999dab07b11bc85fb8464fc36c947fbd8b5d6ec49817361cb780659ca805eac,66005 1 66522 6 67040 10 67559 11 68078 12 68597 12 69115 13 69632 15 70151 16 70670 15 71189 15 71709 13 72228 13 72747 13 73267 12 73786 12 74306 11 74825 11 75344 8 75863 3 76383 1
0999dab07b11bc85fb8464fc36c947fbd8b5d6ec49817361cb780659ca805eac,52036 6 52552 11 53070 13 53588 14 54106 15 54624 17 55142 18 55660 19 56179 19 56698 19 57216 19 57735 19 58254 18 58773 17 59292 16 59811 16 60331 14 60850 13 61369 13 61890 10 62410 8 62930 6 63449 6
0999dab07b11bc85fb8464fc36c947fbd8b5d6ec49817361cb780659ca805eac,131 14 650 14 1169 10 1181 2 1689 9 2209 8 2729 7 2740 1 3248 7 3259 1 3767 8 3777 2 4287 11 4807 10 5327 8 5851 2
0999dab07b11bc85fb8464fc36c947fbd8b5d6ec49817361cb780659ca805eac,114326 5 114844 7 115361 11 115878 15 116396 19 116915 20 117434 21 117954 11 117969 5 118473 7 118489 3 118993 5
0999dab07b11bc85fb8464fc36c947fbd8b5d6ec49817361cb780659ca805eac,92026 5 92543 10 93060 13 93075 3 93578 19 94097 19 94616 17 94634 1 95135 17 95154 1 95654 17 95672 2 96173 20 96692 20 97211 19 97731 18 98251 17 98770 16 99291 14 99812 10 100335 5
0999dab07b11bc85fb8464fc36c947fbd8b5d6ec49817361cb780659ca805eac,86855 4 87374 4 87896 1 88414 2 88933 2 89451 3 89971 2
0999dab07b11bc85fb8464fc36c947fbd8b5d6ec49817361cb780659ca805eac,60907 2 61427 1
0999dab07b11bc85fb8464fc36c947fbd8b5d6ec49817361cb780659ca805eac,92593 8 93111 10 93627 14 94145 15 94664 16 95183 17 95702 17 96221 18 96740 18 97259 19 97778 20 98298 19 98817 19 99337 18 99857 16 100377 14 100896 14 101416 12 101936 10 102457 8 102979 2
0999dab07b11bc85fb8464fc36c947fbd8b5d6ec49817361cb780659ca805eac,67691 2 68209 5 68728 8 69247 9 69765 10 70284 10 70803 10 71321 11 71839 12 72357 13 72875 14 73394 14 73913 14 74433 12 74951 13 75470 13 75989 13 76508 13 77027 13 77546 12 78065 12 78584 12 79104 11 79623 11 80144 9 80664 6 81184 3
0999dab07b11bc85fb8464fc36c947fbd8b5d6ec49817361cb780659ca805eac,117027 6 117545 8 118062 11 118580 12 119098 13 119616 14 120134 15 120652 16 121170 18 121688 19 122206 20 122724 21 123243 21 123761 22 124280 22 124799 25 125318 31 125837 34 126356 36 126876 36 127397 36 127918 7 127927 26 128447 25 128966 25 129485 25 130004 25 130524 24 131043 24
0999dab07b11bc85fb8464fc36c947fbd8b5d6ec49817361cb780659ca805eac,55282 1 55285 4 55799 11 56317 14 56836 15 57354 17 57872 19 58389 21 58907 24 59426 25 59946 24 60467 22 60987 21 61506 20 62028 16 62548 14 63070 10 63590 7
0999dab07b11bc85fb8464fc36c947fbd8b5d6ec49817361cb780659ca805eac,27795 13 28313 18 28831 20 29349 22 29867 23 30386 23 30904 24 31423 24 31942 24 32461 24 32980 24 33500 22 34019 22 34539 20 35058 18 35578 15 36099 12 36620 9
0999dab07b11bc85fb8464fc36c947fbd8b5d6ec49817361cb780659ca805eac,118126 5 118644 8 119158 14 119677 15 120195 17 120714 18 121233 18 121752 18 122272 17 122793 15 123315 12 123836 9 124357 6 124879 1
0999dab07b11bc85fb8464fc36c947fbd8b5d6ec49817361cb780659ca805eac,130584 4 131102 6
0999dab07b11bc85fb8464fc36c947fbd8b5d6ec49817361cb780659ca805eac,12271 3 12786 9 13303 12 13820 14 14338 17 14857 19 15375 21 15894 22 16412 23 16931 23 17451 22 17969 24 18488 23 19008 22 19527 22 20046 22 20566 20 21085 20 21605 18 22126 15 22646 12 23166 9 23687 4
0999dab07b11bc85fb8464fc36c947fbd8b5d6ec49817361cb780659ca805eac,78187 1 78701 7 79219 8 79737 9 80255 10 80774 2 80782 2
0999dab07b11bc85fb8464fc36c947fbd8b5d6ec49817361cb780659ca805eac,82335 1
0999dab07b11bc85fb8464fc36c947fbd8b5d6ec49817361cb780659ca805eac,41864 9 42381 15 42898 19 43417 20 43935 22 44453 24 44972 25 45491 25 46010 25 46528 26 47047 26 47567 25 48086 24 48606 22 49125 21 49645 19 50166 14
0999dab07b11bc85fb8464fc36c947fbd8b5d6ec49817361cb780659ca805eac,12317 8 12834 11 13352 13 13870 14 14388 16 14906 17 15424 19 15942 20 16460 21 16979 21 17497 21 18016 21 18535 21 19054 20 19573 20 20092 19 20612 17 21131 16 21651 15 22171 12 22691 10 23212 6
0999dab07b11bc85fb8464fc36c947fbd8b5d6ec49817361cb780659ca805eac,22217 7 22734 10 23251 14 23769 16 24287 17 24806 17 25324 18 25843 18 26361 19 26880 20 27399 19 27917 20 28436 20 28955 19 29474 19 29992 20 30511 19 31030 19 31549 18 32069 16 32588 14 33108 12 33628 9 34148 3
0999dab07b11bc85fb8464fc36c947fbd8b5d6ec49817361cb780659ca805eac,118230 2 118747 5 119264 7 119782 9 120300 10 120819 10 121338 10 121857 10 122376 10 122895 10 123414 9 123933 9 124452 8 124973 5
0999dab07b11bc85fb8464fc36c947fbd8b5d6ec49817361cb780659ca805eac,454 3 973 3 1493 1
0999dab07b11bc85fb8464fc36c947fbd8b5d6ec49817361cb780659ca805eac,458 5 978 4 1497 4 2017 1
0999dab07b11bc85fb8464fc36c947fbd8b5d6ec49817361cb780659ca805eac,27977 7 28494 13 29012 16 29529 19 30047 21 30075 7 30565 22 30591 13 31084 40 31602 40 32121 40 32639 41 33158 41 33677 42 34196 42 34715 43 35234 43 35753 44 36272 44 36791 44 37310 43 37830 16 37848 24 38350 12 38368 22 38871 8 38888 20 39408 18 39928 16 40449 1 40452 7
0999dab07b11bc85fb8464fc36c947fbd8b5d6ec49817361cb780659ca805eac,51877 2 52394 6 52912 8 53431 9 53949 11 54468 11 54987 12 55506 12 56025 13 56544 13 57063 13 57583 12 58102 13 58621 13 59140 13 59659 13 60179 12 60698 12 61217 12 61737 11 62256 11 62776 10 63295 9 63815 8 64335 6 64856 3
0999dab07b11bc85fb8464fc36c947fbd8b5d6ec49817361cb780659ca805eac,505 5 1025 3
0a849e0eb15faa8a6d7329c3dd66aabe9a294cccb52ed30a90c8ca99092ae732,1793 1 2049 3 2305 3 2342 5 2561 4 2593 11 2817 6 2833 7 2848 13 3073 7 3086 11 3104 15 3329 8 3339 16 3360 16 3585 27 3615 18 3841 28 3871 18 4097 49 4353 49 4609 49 4865 50 5121 50 5377 50 5633 50 5889 49 6145 49 6401 3 6408 41 6665 39 6922 36 7179 34 7436 16 7455 12 7693 13 7951 9
0a849e0eb15faa8a6d7329c3dd66aabe9a294cccb52ed30a90c8ca99092ae732,13825 2 14081 4 14337 5 14593 6 14849 6 15105 6 15361 6 15617 6 15873 6 16129 6 16385 6 16641 5 16897 5 17153 4 17409 4 17665 3 17921 3 18177 2
0a849e0eb15faa8a6d7329c3dd66aabe9a294cccb52ed30a90c8ca99092ae732,34817 1 35073 2 35329 3 35585 3 35841 3 36097 4 36353 3 36609 3 36865 3 37121 2
0a849e0eb15faa8a6d7329c3dd66aabe9a294cccb52ed30a90c8ca99092ae732,43009 4 43265 6 43521 8 43777 9 44033 10 44289 10 44545 11 44801 11 45057 11 45313 9
0a849e0eb15faa8a6d7329c3dd66aabe9a294cccb52ed30a90c8ca99092ae732,52737 1 52993 2 53249 3 53505 4 53761 4 54017 5 54273 5 54529 5 54785 6 55041 6 55297 6 55553 6 55809 6 56065 5 56321 5 56577 5 56833 4 57089 4 57345 3 57601 3 57857 2
0a849e0eb15faa8a6d7329c3dd66aabe9a294cccb52ed30a90c8ca99092ae732,59393 2 59649 3 59905 3 60161 3 60417 3 60673 3 60929 4 61185 4 61441 5 61697 5 61953 5 62209 6 62465 6 62721 5 62977 5 63233 5 63489 5 63745 5 64001 4 64257 4 64513 4 64769 4 65025 3 65281 3
0a849e0eb15faa8a6d7329c3dd66aabe9a294cccb52ed30a90c8ca99092ae732,51980 3 52235 6 52490 7 52745 9 53000 10 53256 10 53512 10 53768 9 54024 8 54281 6 54538 5
0a849e0eb15faa8a6d7329c3dd66aabe9a294cccb52ed30a90c8ca99092ae732,36905 4 37160 7 37415 9 37670 11 37925 12 38181 13 38436 14 38691 15 38947 15 39191 26 39445 28 39700 29 39954 30 40209 30 40464 30 40720 30 40975 30 41231 28 41487 27 41743 25 41999 24 42255 24 42511 24 42767 24 43024 22 43280 22 43537 20 43794 18 44051 15 44308 12 44565 10 44822 7 45082 1
0a849e0eb15faa8a6d7329c3dd66aabe9a294cccb52ed30a90c8ca99092ae732,52002 4 52255 10 52510 12 52765 13 53021 14 53276 15 53531 16 53787 16 54043 16 54298 17 54554 18 54810 18 55066 19 55322 21 55578 22 55835 21 56092 21 56353 17 56610 16 56866 16 57123 15 57380 15 57636 14 57893 13 58149 13 58406 12 58661 13 58917 17 59172 18 59427 20 59683 21 59939 21 60195 22 60451 22 60707 22 60963 21 61219 21 61475 21 61731 20 61987 20 62243 20 62500 18 62756 17 63013 15 63268 16 63524 16 63780 16 64035 17 64291 17 64547 18 64802 19 65058 20 65314 20
0a849e0eb15faa8a6d7329c3dd66aabe9a294cccb52ed30a90c8ca99092ae732,10021 7 10275 11 10530 13 10785 15 11041 16 11296 18 11551 19 11807 19 12062 20 12317 22 12573 22 12829 23 13085 23 13341 23 13597 22 13853 22 14109 22 14365 22 14621 22 14879 19 15135 19 15392 18 15648 17 15905 15 16161 13 16418 10 16676 6 16935 1
0a849e0eb15faa8a6d7329c3dd66aabe9a294cccb52ed30a90c8ca99092ae732,29220 4 29474 7 29730 8 29985 9 30241 10 30497 10 30753 11 31009 11 31266 10 31522 10 31778 10 32034 10 32291 8 32548 6
0a849e0eb15faa8a6d7329c3dd66aabe9a294cccb52ed30a90c8ca99092ae732,46388 6 46642 10 46896 13 47151 15 47405 17 47660 19 47916 19 48172 19 48427 20 48683 19 48939 19 49196 17 49452 17 49708 17 49964 17 50221 16 50477 15 50734 14 50990 14 51247 13 51504 12 51761 10 52019 8 52277 5
0a849e0eb15faa8a6d7329c3dd66aabe9a294cccb52ed30a90c8ca99092ae732,20273 3 20527 8 20782 10 21037 11 21292 13 21548 13 21804 13 22060 13 22316 13 22572 13 22829 12 23085 12 23342 10 23599 8 23857 5
0a849e0eb15faa8a6d7329c3dd66aabe9a294cccb52ed30a90c8ca99092ae732,38207 5 38461 8 38716 10 38971 11 39226 13 39481 14 39736 16 39992 16 40247 17 40503 17 40758 18 41014 18 41270 18 41526 18 41781 18 42037 18 42293 17 42549 16 42806 15 43062 13 43320 10 43579 5
0a849e0eb15faa8a6d7329c3dd66aabe9a294cccb52ed30a90c8ca99092ae732,65339 9
0a849e0eb15faa8a6d7329c3dd66aabe9a294cccb52ed30a90c8ca99092ae732,26437 4 26691 8 26947 9 27203 10 27459 10 27714 11 27970 11 28226 12 28482 12 28739 11 28995 10 29252 7 29509 5
0a849e0eb15faa8a6d7329c3dd66aabe9a294cccb52ed30a90c8ca99092ae732,27511 9 27765 13 28020 16 28275 17 28530 19 28786 19 29041 20 29297 19 29553 19 29809 18 30066 17 30322 16 30579 14 30835 13 31093 10 31350 8 31608 4
0a849e0eb15faa8a6d7329c3dd66aabe9a294cccb52ed30a90c8ca99092ae732,4985 3 5239 7 5494 11 5749 13 6005 14 6260 16 6516 17 6772 17 7028 17 7285 16 7541 16 7797 16 8052 17 8309 16 8565 16 8821 15 9078 14 9335 11 9592 9 9851 5
0a849e0eb15faa8a6d7329c3dd66aabe9a294cccb52ed30a90c8ca99092ae732,20364 7 20617 11 20872 13 21127 15 21382 17 21638 18 21893 19 22149 19 22405 19 22660 20 22916 20 23172 19 23429 18 23685 17 23942 15 24199 12 24458 7
0a849e0eb15faa8a6d7329c3dd66aabe9a294cccb52ed30a90c8ca99092ae732,2960 4 3215 7 3471 8 3727 9 3982 11 4238 12 4494 13 4750 14 5007 14 5263 15 5519 16 5776 16 6032 16 6290 15 6547 14 6804 14 7061 13 7321 9 7579 7 7836 5 8094 1
0a849e0eb15faa8a6d7329c3dd66aabe9a294cccb52ed30a90c8ca99092ae732,9888 9 10143 13 10398 15 10653 17 10909 18 11164 19 11420 20 11675 21 11922 30 12177 31 12432 32 12688 31 12943 32 13199 30 13454 29 13710 22 13966 21 14222 20 14478 19 14734 19 14991 18 15247 17 15504 16 15762 13 16026 3
0a849e0eb15faa8a6d7329c3dd66aabe9a294cccb52ed30a90c8ca99092ae732,154 14 410 14 667 12 924 11 1182 7
0a849e0eb15faa8a6d7329c3dd66aabe9a294cccb52ed30a90c8ca99092ae732,30637 3 30891 7 31146 9 31401 10 31657 11 31912 13 32168 13 32424 13 32679 15 32935 15 33191 15 33447 14 33704 13 33960 12 34216 11 34473 9 34731 6 34988 4
0a849e0eb15faa8a6d7329c3dd66aabe9a294cccb52ed30a90c8ca99092ae732,16051 8 16306 10 16560 12 16815 14 17070 16 17325 18 17580 20 17836 20 18092 20 18348 20 18605 18 18861 18 19118 16 19375 14 19632 13 19889 10 20147 7
0a849e0eb15faa8a6d7329c3dd66aabe9a294cccb52ed30a90c8ca99092ae732,22193 2 22448 6 22703 8 22958 10 23214 12 23469 14 23725 15 23981 15 24237 16 24493 17 24749 17 25005 17 25262 16 25520 13 25778 6
0a849e0eb15faa8a6d7329c3dd66aabe9a294cccb52ed30a90c8ca99092ae732,5049 4 5304 6 5559 8 5814 11 6069 15 6325 17 6580 20 6836 21 7093 20 7350 19 7607 17 7863 16 8120 15 8376 15 8633 12 8890 6 9147 2
0a849e0eb15faa8a6d7329c3dd66aabe9a294cccb52ed30a90c8ca99092ae732,193 17 449 17 705 17 961 16 1218 15 1475 13 1732 12 1991 8 2248 6 2506 1
0a849e0eb15faa8a6d7329c3dd66aabe9a294cccb52ed30a90c8ca99092ae732,8922 7 9176 11 9431 13 9686 15 9942 16 10197 17 10453 17 10709 17 10965 17 11221 17 11477 16 11734 15 11990 14 12246 12 12503 9 12760 6 13016 4 13271 5 13524 8 13779 14 14033 17 14288 20 14542 23 14798 23 15054 24 15309 26 15565 27 15821 28 16077 29 16333 29 16590 29 16846 29 17102 29 17359 29 17616 28 17872 28 18129 27 18386 26 18643 25 18902 22 19162 17 19422 13 19679 11 19937 8
0a849e0eb15faa8a6d7329c3dd66aabe9a294cccb52ed30a90c8ca99092ae732,25813 4 26067 8 26321 12 26576 15 26831 17 27087 18 27342 19 27598 20 27854 20 28111 19 28367 19 28623 19 28879 19 29136 17 29392 17 29649 15 29907 12 30164 10 30423 5
0a849e0eb15faa8a6d7329c3dd66aabe9a294cccb52ed30a90c8ca99092ae732,40407 5 40662 10 40916 13 41170 16 41426 17 41681 18 41937 18 42193 18 42449 18 42705 18 42961 19 43217 19 43472 4 43478 14 43728 4 43735 13 43985 3 43991 13 44247 13 44503 12 44759 11 45015 9 45271 7 45528 5
0a849e0eb15faa8a6d7329c3dd66aabe9a294cccb52ed30a90c8ca99092ae732,2528 5 2783 9 3038 12 3294 12 3550 12 3805 14 4061 14 4317 14 4573 14 4829 14 5086 12 5343 11 5601 8
0a849e0eb15faa8a6d7329c3dd66aabe9a294cccb52ed30a90c8ca99092ae732,62435 4 62689 9 62944 12 63199 14 63454 16 63710 17 63966 17 64222 18 64477 19 64733 19 64989 20 65245 19 65501 19
0a849e0eb15faa8a6d7329c3dd66aabe9a294cccb52ed30a90c8ca99092ae732,32232 13 32487 14 32740 17 32995 18 33250 19 33505 20 33761 20 34017 19 34273 19 34529 19 34786 17 35042 17 35299 16 35555 16 35812 14 36069 11 36327 6
0a849e0eb15faa8a6d7329c3dd66aabe9a294cccb52ed30a90c8ca99092ae732,48105 4 48360 8 48614 11 48868 14 49124 15 49380 16 49636 16 49892 17 50148 17 50403 19 50659 19 50915 19 51171 18 51428 17 51684 16 51941 13 52199 10 52456 8 52714 5
0a849e0eb15faa8a6d7329c3dd66aabe9a294cccb52ed30a90c8ca99092ae732,20459 9 20713 13 20969 15 21224 16 21480 17 21736 17 21992 18 22247 19 22503 19 22759 19 23015 19 23271 19 23527 19 23784 17 24040 17 24297 15 24553 13 24810 11 25067 8 25324 6 25582 3
0a849e0eb15faa8a6d7329c3dd66aabe9a294cccb52ed30a90c8ca99092ae732,38638 7 38892 11 39147 14 39402 16 39658 17 39913 18 40168 20 40424 21 40680 21 40936 21 41193 20 41450 19 41707 18 41968 12 42226 10 42484 6
0a849e0eb15faa8a6d7329c3dd66aabe9a294cccb52ed30a90c8ca99092ae732,9975 4 10229 7 10485 8 10740 10 10997 10 11253 12 11509 12 11766 11 12023 10 12280 9 12538 6
0a849e0eb15faa8a6d7329c3dd66aabe9a294cccb52ed30a90c8ca99092ae732,32768 1 33023 2 33279 2 33535 2 33791 2 34047 2 34303 2 34560 1
0e132f71c8b4875c3c2dd7a22997468a3e842b46aa9bd47cf7b0e8b7d63f0925,47625 6 47880 8 48135 10 48391 11 48646 12 48902 12 49158 12 49414 12 49670 11 49926 11 50183 9 50439 9 50697 5
0e132f71c8b4875c3c2dd7a22997468a3e842b46aa9bd47cf7b0e8b7d63f0925,28424 6 28679 9 28935 10 29191 11 29447 12 29704 11 29961 10 30219 8 30476 6 30733 4 30990 2
0e132f71c8b4875c3c2dd7a22997468a3e842b46aa9bd47cf7b0e8b7d63f0925,9770 9 10022 14 10277 16 10532 18 10788 19 11044 20 11301 19 11558 18 11817 15 12076 11 12335 7
0e132f71c8b4875c3c2dd7a22997468a3e842b46aa9bd47cf7b0e8b7d63f0925,35124 4 35378 8 35634 9 35889 11 36145 12 36401 12 36657 12 36913 13 37169 12 37425 12 37682 10 37939 8 38196 5
0e132f71c8b4875c3c2dd7a22997468a3e842b46aa9bd47cf7b0e8b7d63f0925,45629 3 45883 6 46138 8 46393 10 46649 11 46904 12 47160 13 47416 13 47672 13 47928 13 48185 12 48442 11 48702 6 48960 3
0e132f71c8b4875c3c2dd7a22997468a3e842b46aa9bd47cf7b0e8b7d63f0925,20035 2 20289 7 20544 10 20799 12 21055 12 21311 13 21567 13 21823 13 22079 13 22335 13 22591 12 22848 11 23105 9 23362 7
0e132f71c8b4875c3c2dd7a22997468a3e842b46aa9bd47cf7b0e8b7d63f0925,37458 3 37713 5 37967 8 38222 10 38478 10 38734 10 38990 9 39247 7 39503 6
0e132f71c8b4875c3c2dd7a22997468a3e842b46aa9bd47cf7b0e8b7d63f0925,23130 6 23384 9 23640 10 23895 9 24151 6 24406 5 24662 4 24919 3
0e132f71c8b4875c3c2dd7a22997468a3e842b46aa9bd47cf7b0e8b7d63f0925,211 14 468 13 732 3
0ed3555a4bd48046d3b63d8baf03a5aa97e523aa483aaa07459e7afa39fb96c6,34308 4 34561 8 34817 9 35073 9 35329 10 35585 10 35841 10 36097 9 36353 8 36609 7 36865 4
0ed3555a4bd48046d3b63d8baf03a5aa97e523aa483aaa07459e7afa39fb96c6,58125 4 58379 8 58634 10 58889 11 59145 11 59401 11 59657 11 59913 10 60169 10 60425 10 60682 8 60939 6
0ed3555a4bd48046d3b63d8baf03a5aa97e523aa483aaa07459e7afa39fb96c6,28275 2 28529 6 28784 8 29040 8 29296 8 29552 8 29809 7 30066 5
0ed3555a4bd48046d3b63d8baf03a5aa97e523aa483aaa07459e7afa39fb96c6,31611 4 31866 6 32122 7 32378 7 32634 6 32890 6 33148 2
0ed3555a4bd48046d3b63d8baf03a5aa97e523aa483aaa07459e7afa39fb96c6,38079 4 38334 6 38589 8 38844 9 39100 9 39353 12 39607 13 39863 11 40118 8 40374 8 40629 8 40886 7 41142 6 41399 4
0ed3555a4bd48046d3b63d8baf03a5aa97e523aa483aaa07459e7afa39fb96c6,37586 4 37840 11 38095 14 38351 14 38607 15 38863 15 39119 15 39375 15 39632 14 39888 13 40143 14 40399 14 40654 15 40910 16 41166 16 41422 16 41678 16 41934 16 42192 13 42449 11 42705 10 42962 8 43220 3
0ed3555a4bd48046d3b63d8baf03a5aa97e523aa483aaa07459e7afa39fb96c6,43990 1 44243 6 44498 8 44753 10 45009 10 45264 11 45520 11 45777 10 46033 11 46289 11 46545 10 46802 9 47060 5
0ed3555a4bd48046d3b63d8baf03a5aa97e523aa483aaa07459e7afa39fb96c6,43752 6 44002 12 44257 14 44512 15 44768 16 45023 18 45279 18 45535 18 45791 18 46048 6 46055 1 46057 8 46314 7 46570 7 46827 5 47085 1
0ed3555a4bd48046d3b63d8baf03a5aa97e523aa483aaa07459e7afa39fb96c6,39910 5 40165 6 40420 7 40675 8 40931 8 41187 8 41443 7 41700 5
0ed3555a4bd48046d3b63d8baf03a5aa97e523aa483aaa07459e7afa39fb96c6,34793 4 35048 6 35059 2 35303 8 35314 4 35559 8 35570 5 35815 8 35825 7 36071 8 36081 7 36328 7 36337 7 36584 7 36593 7 36842 15 37098 15 37354 15 37610 14 37867 9 38123 9 38380 8 38638 5
0ed3555a4bd48046d3b63d8baf03a5aa97e523aa483aaa07459e7afa39fb96c6,19199 2 19454 3 19710 3 19967 2 20223 2 20480 1 20735 2 20991 2 21246 3 21502 3 21758 3 22015 2 22272 1
0f1f896d9ae5a04752d3239c690402c022db4d72c0d2c087d73380896f72c466,125 39 230 3 258 57 637 37 742 3 770 57 1147 36 1254 4 1282 57 1658 36 1767 10 1794 56 2170 36 2218 5 2280 9 2307 54 2682 3 2690 28 2725 12 2793 9 2820 52 3203 14 3218 11 3235 15 3305 9 3333 51 3720 8 3730 11 3746 16 3787 1 3818 5 3824 4 3847 48 4232 7 4241 12 4257 18 4297 8 4330 4 4337 4 4360 47 4744 3 4751 13 4768 19 4807 11 4849 4 4863 4 4872 47 5250 4 5256 2 5263 13 5279 21 5318 13 5362 4 5373 8 5385 45 5762 8 5775 13 5790 22 5828 16 5873 5 5883 12 5897 45 6226 1 6274 8 6287 38 6339 17 6377 2 6383 8 6393 60 6737 2 6787 7 6799 39 6850 18 6889 76 7249 2 7299 7 7311 39 7361 20 7401 33 7435 40 7761 2 7811 7 7823 39 7872 22 7913 32 7947 39 8272 3 8323 7 8335 38 8383 24 8426 31 8460 36 8784 5 8835 7 8847 38 8894 25 8938 30 8972 32 9295 9 9312 4 9323 2 9346 9 9360 36 9405 27 9450 30 9485 26 9806 11 9822 5 9835 4 9844 2 9858 9 9873 34 9916 28 9963 29 9998 21 10316 14 10333 6 10346 6 10355 4 10369 11 10387 33 10427 30 10474 30 10511 16 10828 24 10857 17 10881 12 10900 32 10938 31 10986 30 11031 5 11340 46 11392 16 11415 29 11449 37 11498 30 11852 17 11870 27 11904 16 11927 29 11960 39 12009 30 12364 45 12416 18 12440 28 12471 41 12520 31 12876 46 12927 20 12952 74 13030 33 13388 13 13403 33 13438 21 13464 110 13900 12 13916 55 13976 110 14337 4 14412 13 14428 54 14488 109 14849 6 14923 71 14999 110 15361 7 15435 70 15511 68 15581 39 15873 8 15946 70 16022 69 16094 37 16385 9 16457 71 16534 22 16557 46 16606 36 16899 8 16969 52 17023 16 17046 21 17070 45 17117 35 17412 7 17482 68 17558 20 17583 80 17925 7 17994 67 18070 20 18095 80 18438 7 18506 9 18516 55 18583 18 18607 53 18666 22 18952 11 19018 9 19029 54 19095 18 19119 52 19184 17 19465 11 19530 9 19541 54 19607 17 19630 53 19699 15 19978 10 20042 8 20053 54 20118 17 20142 53 20213 13 20490 11 20553 9 20565 54 20630 17 20653 54 20730 7 21003 10 21064 9 21076 55 21142 17 21165 54 21245 4 21518 9 21576 7 21588 54 21654 17 21676 46 21727 3 21757 5 22032 8 22088 7 22098 56 22165 18 22189 44 22269 6 22544 9 22601 65 22678 17 22701 42 22781 6 23055 11 23113 66 23190 16 23214 40 23294 5 23565 13 23626 65 23702 16 23726 37 23806 4 24076 15 24138 65 24214 16 24239 35 24589 18 24609 6 24650 65 24725 17 24751 34 25101 27 25161 65 25237 17 25263 34 25613 28 25673 64 25750 16 25775 33 26125 29 26164 2 26186 49 26236 12 26264 13 26287 33 26637 22 26664 6 26675 3 26702 43 26749 11 26776 13 26799 32 27150 20 27177 13 27214 41 27261 11 27288 12 27310 32 27663 11 27679 2 27690 12 27726 40 27773 10 27800 11 27822 31 28175 11 28203 12 28238 40 28285 9 28313 9 28334 29 28688 10 28716 17 28750 40 28796 10 28825 8 28846 6 28855 19 29200 10 29231 14 29256 3 29262 40 29308 9 29337 4 29358 5 29368 17 29713 9 29745 12 29767 5 29773 41 29820 9 29871 3 29881 15 30226 9 30258 5 30265 5 30279 48 30332 8 30393 15 30734 1 30739 8 30770 4 30776 7 30790 49 30844 7 30906 13 31245 15 31281 14 31301 49 31356 6 31424 7 31757 16 31792 17 31812 51 31868 5 31938 3 32269 18 32305 70 32380 5 32782 18 32809 2 32817 70 32892 4 33288 1 33295 18 33314 1 33319 6 33328 80 33799 3 33807 110 34305 9 34320 109 34819 8 34832 108 35333 1 35337 2 35344 108 35849 3 35856 107 36361 4 36368 106 36873 5 36879 2 36883 102 37385 9 37397 12 37411 85 37897 10 37911 5 37917 4 37924 83 38407 12 38425 1 38430 3 38437 82 38917 14 38937 2 38942 3 38952 78 39425 18 39448 4 39465 77 39937 17 39957 7 39978 76 40449 27 40490 75 40961 26 41003 73 41473 26 41520 67 41985 26 42040 55 42497 30 42554 52 43009 31 43067 51 43521 32 43579 52 44033 32 44091 54 44545 32 44603 47 44652 6 45057 32 45117 44 45164 4 45569 33 45634 37 45676 2 46081 35 46148 34 46593 37 46661 32 47105 39 47175 27 47617 40 47694 18 48129 40 48208 14 48641 41 48722 6 49153 41 49665 42 50177 43 50689 44 51201 44 51713 46 52225 48 52737 49 53249 49 53761 49 54273 50 54785 50 55297 52 55809 52 56321 53 56833 55 57345 57 57857 57 58369 57 58881 58 59393 58 59905 59 59980 1 60417 60 60491 3 60929 64 61003 3 61441 64 61515 4 61953 64 62028 4 62465 64 62540 4 62977 64 63052 4 63489 64 63564 3 64001 64 64075 4 64513 64 64587 4 65025 64 65099 4 65539 62 65610 6 66053 60 66122 7 66566 59 66634 8 67079 58 67146 9 67592 57 67654 13 68104 57 68164 15 68617 56 68676 15 69130 55 69187 16 69644 54 69699 16 70158 69 70671 53 70725 14 71185 49 71237 14 71699 46 71749 15 72213 43 72261 15 72726 43 72773 15 73240 42 73285 15 73754 40 73797 15 74267 40 74310 14 74783 36 74822 15 75296 35 75334 15 75809 28 75840 2 75845 16 76322 27 76352 3 76356 17 76835 26 76865 20 77347 50 77859 51 78372 33 78409 13 78884 13 78900 16 78922 12 79397 3 79402 7 79413 15 79435 11 79909 2 79915 6 79926 13 79947 10 80428 6 80437 14 80457 12 80942 17 80962 19 81455 12 81468 3 81475 17 81967 10 81980 3 81988 16 82479 10 82492 3 82500 11 82514 2 82992 9 83003 3 83012 11 83513 4 83524 11 84025 4 84036 11 84536 5 84547 3 84552 6 85049 3 85059 3 85571 3 86083 5 86595 5 87108 1
0f1f896d9ae5a04752d3239c690402c022db4d72c0d2c087d73380896f72c466,185857 3 186369 4 186881 5 187393 6 187905 8 188417 9 188929 10 189441 11 189953 12 190465 12 190977 13 191489 13 192001 14 192513 14 193025 14 193537 14 194049 14 194561 14 195073 15 195585 16 196097 17 196609 17 197121 18 197633 18 198145 17 198657 16 199169 15 199681 13 200193 12 200705 11 201217 10 201729 8
0f1f896d9ae5a04752d3239c690402c022db4d72c0d2c087d73380896f72c466,212481 1 212993 1 213505 1 214017 1 214529 2 215041 2 215553 2 216065 2 216577 2 217089 2 217601 2 218113 2 218625 2 219137 1
0f1f896d9ae5a04752d3239c690402c022db4d72c0d2c087d73380896f72c466,228406 2 228915 8 229424 13 229933 17 230445 19 230957 20 231469 21 231981 22 232493 22 233005 23 233517 23 234030 23 234542 25 235054 25 235566 26 236078 27 236592 27 236623 2 237111 26 237152 7 237628 21 237661 12 238140 21 238171 15 238652 21 238681 18 239164 21 239192 19 239675 22 239701 21 240186 22 240212 5 240218 16 240693 35 240735 10 241202 38 241249 8 241713 38 241765 4 242222 40 242278 3 242730 43 242790 3 243239 45 243303 2 243749 46 243815 1 244259 47 244769 48 245279 49 245790 43 245834 5 246301 42 246346 5 246810 44 246858 5 247321 44 247370 5 247831 44 247882 5 248342 44 248394 5 248853 44 248906 4 249364 44 249418 4 249876 43 249929 5 250388 43 250437 9 250900 45 250948 9 251412 57 251924 57 252436 58 252499 2 252947 66 253459 66 253971 65 254482 66 254992 67 255502 70 256011 73 256521 76 257032 77 257544 39 257585 37 258055 40 258096 22 258120 16 258566 63 258633 16 259077 64 259145 16 259588 66 259656 17 260099 87 260609 21 260632 67 261121 21 261144 68 261633 21 261656 40 261698 27 262145 63 262209 29 262657 35 262698 52 263169 34 263210 20 263231 6 263240 23 263681 32 263723 17 263743 5 263752 24 264193 26 264235 16 264255 4 264265 23 264705 24 264748 12 264767 3 264777 24 265217 24 265260 11 265288 26 265729 23 265773 10 265785 5 265800 28 266241 23 266285 10 266296 6 266313 29 266753 23 266798 16 266825 30 267265 22 267317 9 267338 3 267344 23 267777 22 267829 9 267858 23 268289 22 268341 9 268372 1 268382 13 268396 2 268801 22 268853 9 268897 14 269313 22 269365 9 269409 14 269825 22 269878 8 269921 11 270337 22 270390 7 270433 10 270849 20 270902 7 270946 9 271361 19 271414 7 271460 7 271873 18 271926 7 271974 4 272385 17 272438 7 272897 17 272950 7 273409 16 273463 6 273921 15 273975 6 274433 15 274487 6 274945 7 274954 5 274999 6 275457 7 275465 5 275511 6 275969 12 276024 4 276481 11 276537 2 276993 10 277505 9 278017 8 278529 7 279041 6 279553 5 280065 4 280577 3 281089 3 281601 3 282113 2 282625 2 283137 1
0f1f896d9ae5a04752d3239c690402c022db4d72c0d2c087d73380896f72c466,165026 7 165398 7 165537 14 165905 15 166047 18 166415 18 166558 20 166927 19 167069 23 167438 22 167581 24 167949 24 167982 4 168093 25 168461 25 168493 7 168604 27 168972 26 169005 7 169115 29 169483 28 169517 8 169626 30 169994 29 170029 9 170139 29 170505 31 170541 10 170654 26 171016 32 171053 11 171166 26 171528 33 171566 12 171678 26 172039 34 172080 11 172144 3 172190 25 172551 35 172593 13 172655 8 172703 23 173063 35 173105 14 173158 3 173164 14 173216 22 173574 37 173617 15 173668 25 173729 21 174086 37 174129 16 174177 31 174242 20 174597 39 174641 17 174687 34 174755 20 175109 39 175153 18 175197 38 175268 19 175621 39 175665 18 175708 42 175782 18 176133 39 176177 19 176220 42 176295 18 176645 39 176689 20 176732 43 176808 18 177156 40 177201 20 177241 47 177320 18 177668 39 177713 20 177749 51 177833 18 178179 41 178224 21 178260 53 178331 3 178345 18 178691 28 178726 7 178735 22 178772 54 178838 9 178856 19 179203 27 179239 30 179275 63 179349 10 179368 20 179715 28 179751 31 179783 68 179860 12 179879 21 180227 29 180264 100 180371 13 180391 21 180739 30 180776 101 180883 13 180902 22 181251 31 181287 103 181394 14 181414 22 181763 31 181799 104 181905 16 181926 21 182275 30 182310 125 182438 21 182788 28 182820 128 182950 21 183300 28 183331 151 183813 27 183842 152 184325 181 184838 179 185350 179 185863 136 186002 38 186377 134 186514 15 186535 16 186890 12 186903 119 187026 15 187048 14 187405 4 187416 118 187539 13 187560 13 187928 117 188052 11 188073 12 188440 10 188451 106 188564 10 188586 11 188952 9 188965 104 189077 9 189099 9 189465 7 189479 101 189591 6 189612 5 189979 5 189992 100 190125 3 190491 4 190506 4 190514 90 190638 1 191003 3 191027 89 191539 89 192051 89 192563 89 193074 90 193586 90 194098 89 194610 88 195123 86 195636 49 195688 31 196148 48 196200 5 196207 22 196654 2 196659 48 196713 3 196724 15 197165 4 197170 48 197226 1 197238 10 197676 54 197752 6 198188 53 198699 54 199211 53 199725 51 200238 49 200751 48 201269 36 201309 2 201783 33 201822 5 202295 32 202334 5 202808 32 202846 5 203320 32 203357 6 203831 44 204342 45 204854 2 204858 40 205365 2 205373 1 205379 31 205891 30 206403 30 206915 29 207427 29 207938 30 208448 32 208959 32 209469 33 209980 34 210492 34 211003 34 211514 35 212026 34 212538 33 213049 34 213561 33 214073 32 214584 32 215096 31 215608 30 216120 29 216632 28 217145 26 217659 22 218172 19 218684 18 219197 16 219710 13 220228 4
0f1f896d9ae5a04752d3239c690402c022db4d72c0d2c087d73380896f72c466,201244 2 201755 5 202266 6 202778 6 203290 6 203801 7 204313 6 204326 2 204825 16 205336 18 205848 19 206359 21 206871 22 207382 23 207893 25 208404 26 208915 29 209426 31 209937 32 210449 32 210961 32 211472 33 211984 33 212021 2 212495 35 212532 4 213007 41 213519 40 214031 40 214543 38 215055 35 215567 34 216079 34 216591 33 217103 33 217615 32 218127 32 218638 33 219150 33 219663 31 220175 31 220687 30 221199 30 221711 29 222224 27 222736 26 223248 25 223760 24 224272 22 224788 17 225302 14 225817 10 226332 5
0f1f896d9ae5a04752d3239c690402c022db4d72c0d2c087d73380896f72c466,139799 1
0f1f896d9ae5a04752d3239c690402c022db4d72c0d2c087d73380896f72c466,290842 2 291353 3
0f1f896d9ae5a04752d3239c690402c022db4d72c0d2c087d73380896f72c466,155178 2 155689 4 156200 5 156712 5 157224 5 157737 4 158249 4 158761 4 159274 2 159786 2
0f1f896d9ae5a04752d3239c690402c022db4d72c0d2c087d73380896f72c466,133689 1 133696 7 134200 16 134711 18 135222 19 135734 19 136245 20 136757 20 137269 20 137780 21 138292 21 138804 22 139315 23 139826 24 140338 24 140849 25 141360 25 141871 25 142382 25 142894 25 143405 25 143917 22 144428 22 144939 22 145451 21 145962 21 146474 20 146986 19 147498 18 148010 17 148522 16 149034 15 149547 13 150058 14 150570 13 151082 11 151595 7 152107 7 152620 3
0f1f896d9ae5a04752d3239c690402c022db4d72c0d2c087d73380896f72c466,85557 1
0f1f896d9ae5a04752d3239c690402c022db4d72c0d2c087d73380896f72c466,88121 1
0f1f896d9ae5a04752d3239c690402c022db4d72c0d2c087d73380896f72c466,281660 1 282172 1 282684 2 283196 1 283708 1
0f1f896d9ae5a04752d3239c690402c022db4d72c0d2c087d73380896f72c466,301632 1 302144 1
0f1f896d9ae5a04752d3239c690402c022db4d72c0d2c087d73380896f72c466,23620 1 24132 2 24644 2
0f1f896d9ae5a04752d3239c690402c022db4d72c0d2c087d73380896f72c466,89679 1 90190 3 90702 3 91215 1
0f1f896d9ae5a04752d3239c690402c022db4d72c0d2c087d73380896f72c466,84049 1 84561 1
0f1f896d9ae5a04752d3239c690402c022db4d72c0d2c087d73380896f72c466,86098 1 86610 1
0f1f896d9ae5a04752d3239c690402c022db4d72c0d2c087d73380896f72c466,392 121 904 121 1416 121 1928 121 2440 121 2952 121 3464 121 3976 121 4489 120 5001 120 5513 120 6024 121 6535 122 7047 122 7558 123 8069 124 8581 124 9093 124 9603 126 10113 128 10564 2 10623 130 11062 9 11074 4 11135 7 11144 121 11572 18 11647 6 11656 121 12083 20 12159 3 12168 121 12594 21 12679 122 13102 25 13191 122 13613 26 13702 123 14125 26 14214 123 14636 27 14726 123 15148 28 15238 123 15659 29 15749 124 16171 29 16258 127 16683 30 16769 128 17194 31 17279 130 17704 33 17790 131 18215 34 18302 131 18727 34 18811 134 19239 33 19318 1 19321 136 19751 33 19830 139 20263 33 20342 139 20775 32 20854 139 21287 32 21367 138 21800 30 21879 138 22311 30 22391 138 22820 33 22903 138 23307 57 23415 138 23818 58 23927 138 24330 58 24439 138 24841 60 24943 5 24950 139 25315 12 25353 60 25454 147 25825 15 25865 59 25965 148 26336 16 26376 59 26475 150 26847 18 26873 6 26888 58 26986 151 27358 20 27384 8 27400 58 27498 151 27869 22 27895 10 27912 59 28010 151 28380 24 28406 11 28423 61 28522 151 28891 38 28935 65 29034 151 29402 39 29447 66 29546 151 29913 40 29959 68 30058 151 30423 42 30470 72 30557 2 30565 156 30933 44 30981 75 31068 4 31075 158 31444 45 31493 75 31580 4 31585 160 31954 48 32005 75 32084 3 32092 165 32465 50 32516 75 32596 5 32603 166 32975 129 33108 173 33486 130 33620 173 33997 55 34053 75 34133 172 34509 39 34549 15 34565 76 34645 172 35020 39 35061 15 35077 76 35157 172 35532 39 35573 92 35669 172 36043 40 36085 92 36181 172 36555 134 36693 172 37067 134 37205 172 37578 135 37717 172 38090 135 38228 173 38602 135 38740 173 39113 54 39170 79 39251 174 39566 5 39625 51 39682 79 39763 174 40077 7 40137 50 40195 254 40588 8 40647 51 40707 254 41099 11 41157 53 41219 19 41239 234 41610 13 41668 53 41733 14 41752 233 42120 16 42179 54 42247 11 42264 233 42631 18 42691 54 42761 8 42775 234 43143 20 43203 54 43287 234 43654 22 43692 1 43715 54 43798 235 44165 24 44202 4 44227 54 44309 236 44677 25 44714 4 44739 53 44820 237 45186 29 45225 5 45251 51 45332 237 45697 30 45737 5 45763 50 45845 9 45858 223 46208 31 46249 5 46276 49 46357 11 46371 222 46720 32 46761 6 46789 29 46821 15 46869 13 46885 220 47210 1 47218 4 47231 33 47272 8 47301 28 47333 15 47381 14 47398 219 47721 16 47743 33 47784 9 47813 28 47845 14 47891 238 48233 19 48255 33 48296 10 48324 29 48356 13 48402 239 48745 19 48768 32 48808 11 48836 29 48867 12 48913 240 49257 20 49280 32 49319 11 49348 27 49379 9 49425 240 49768 21 49792 32 49831 11 49861 25 49891 9 49937 240 50280 22 50305 34 50341 12 50373 23 50402 9 50449 240 50791 24 50818 47 50885 18 50914 9 50961 29 50995 206 51302 25 51331 46 51397 14 51425 10 51473 28 51509 204 51813 26 51842 47 51910 8 51935 12 51984 28 52024 201 52324 28 52354 25 52383 18 52422 7 52446 13 52496 28 52537 200 52836 53 52896 17 52934 6 52957 13 53007 28 53050 199 53348 51 53409 16 53447 4 53468 14 53518 28 53563 111 53677 84 53860 50 53921 16 53979 15 54029 29 54076 110 54191 82 54372 50 54433 15 54490 16 54541 29 54589 6 54601 97 54703 82 54884 51 54945 15 55002 17 55052 30 55101 5 55114 96 55215 82 55395 53 55457 14 55513 19 55534 2 55562 32 55613 4 55625 98 55726 83 55905 57 55968 15 56024 25 56073 33 56125 3 56137 184 56416 59 56480 16 56535 28 56585 33 56648 185 56928 59 56991 17 57046 30 57083 3 57096 34 57159 186 57439 60 57502 18 57556 33 57593 6 57604 1 57607 35 57670 187 57951 60 58013 19 58067 34 58104 49 58182 92 58277 92 58463 27 58492 52 58578 34 58615 49 58693 93 58790 91 58974 27 59007 49 59090 33 59127 47 59205 94 59301 92 59485 27 59520 48 59601 33 59643 42 59717 188 59996 28 60032 48 60112 34 60156 40 60229 188 60507 27 60544 48 60623 35 60668 37 60741 188 61018 27 61055 49 61134 35 61181 35 61253 188 61530 26 61566 50 61645 36 61699 28 61765 188 62042 26 62074 57 62155 38 62211 27 62277 188 62553 27 62585 41 62627 17 62666 39 62723 25 62789 188 63065 26 63096 40 63142 14 63177 40 63235 24 63300 189 63577 26 63607 39 63655 9 63690 38 63747 24 63811 190 64089 25 64118 39 64168 7 64203 37 64258 24 64322 191 64601 24 64629 40 64680 8 64715 36 64768 25 64834 191 65113 24 65141 39 65192 8 65227 36 65278 25 65345 192 65625 23 65652 40 65703 12 65739 36 65790 23 65856 193 66136 23 66163 40 66215 19 66251 35 66301 22 66367 194 66648 22 66674 41 66727 20 66761 37 66813 20 66879 194 67160 21 67185 41 67238 21 67271 39 67324 20 67391 194 67672 21 67696 42 67750 19 67781 40 67837 19 67903 194 68184 66 68261 19 68293 39 68351 16 68414 195 68697 65 68773 19 68804 39 68864 14 68926 195 69209 65 69284 20 69316 4 69322 32 69377 12 69438 195 69721 65 69796 20 69828 3 69833 32 69891 9 69950 195 70234 49 70284 15 70307 20 70339 3 70345 32 70404 8 70462 195 70747 48 70796 14 70819 20 70855 33 70921 3 70974 195 71259 48 71308 14 71331 20 71367 32 71486 195 71775 44 71820 13 71842 20 71878 32 71993 200 72290 41 72332 12 72354 20 72390 32 72505 200 72803 40 72845 11 72866 19 72902 32 73017 200 73317 38 73357 11 73378 19 73413 31 73529 200 73830 37 73869 11 73889 20 73915 2 73924 30 74040 201 74343 1 74350 29 74381 12 74401 15 74419 1 74425 4 74435 30 74551 202 74862 29 74893 12 74913 15 74936 5 74945 32 75062 203 75374 29 75406 11 75425 15 75448 5 75456 32 75574 203 75886 29 75918 10 75937 16 75958 3 75964 35 76085 204 76398 29 76430 10 76448 26 76475 33 76597 204 76910 28 76942 9 76960 58 77083 4 77110 154 77265 48 77421 29 77454 9 77471 58 77591 9 77622 153 77778 47 77933 29 77966 8 77983 57 78096 17 78134 153 78291 46 78445 28 78478 8 78495 57 78607 18 78645 154 78804 45 78957 28 78989 9 79010 53 79118 19 79156 154 79318 43 79469 28 79501 8 79523 52 79629 20 79666 155 79833 40 79981 27 80013 8 80035 22 80059 27 80140 21 80178 155 80346 39 80493 26 80524 9 80548 4 80554 14 80571 27 80651 22 80689 156 80858 39 81005 26 81036 10 81060 4 81065 13 81083 26 81163 22 81198 158 81368 41 81517 26 81546 12 81572 10 81594 26 81675 22 81709 159 81879 42 82029 41 82085 9 82107 24 82187 22 82219 162 82390 43 82540 41 82598 7 82619 24 82698 23 82731 164 82901 5 82909 4 82917 28 83052 40 83110 7 83132 23 83210 23 83243 166 83411 6 83431 26 83564 38 83623 5 83645 22 83722 24 83756 172 83943 26 84076 37 84157 21 84233 26 84271 169 84454 27 84588 36 84670 12 84684 6 84745 27 84779 2 84783 168 84965 28 85101 33 85182 12 85200 1 85257 27 85288 174 85476 29 85613 31 85695 11 85769 26 85799 175 85987 30 86126 30 86208 2 86213 8 86280 26 86311 175 86499 16 86516 13 86638 29 86727 1 86790 28 86823 175 87011 14 87028 13 87150 29 87302 27 87334 176 87527 9 87541 12 87662 28 87814 26 87846 177 88039 6 88053 12 88175 16 88197 5 88326 25 88358 177 88552 5 88565 12 88687 12 88839 23 88870 177 89067 2 89077 12 89199 11 89351 22 89382 177 89579 2 89589 12 89711 11 89864 20 89893 178 90090 4 90101 12 90223 11 90377 18 90404 179 90602 5 90613 12 90736 9 90891 15 90916 180 91114 4 91125 12 91253 4 91403 14 91427 183 91626 3 91637 12 91765 4 91915 14 91934 189 92133 1 92149 12 92278 3 92426 15 92445 191 92642 4 92661 12 92937 16 92956 193 93151 6 93173 12 93449 17 93467 202 93686 11 93962 219 94199 10 94476 217 94712 9 94992 10 95004 202 95225 8 95511 1 95517 208 95737 8 96029 213 96249 8 96541 69 96612 145 96761 8 97053 70 97124 157 97565 228 98076 229 98588 178 98768 49 99078 1 99099 177 99281 48 99590 2 99611 167 99779 9 99796 45 100102 11 100122 168 100291 8 100310 3 100316 37 100612 13 100634 177 100829 36 101123 14 101146 175 101342 21 101365 12 101634 16 101658 174 101854 21 101878 11 102146 16 102169 174 102366 21 102391 10 102658 17 102681 173 102879 20 102904 9 103171 16 103192 174 103395 16 103418 7 103683 17 103703 174 103908 15 103931 6 104196 27 104225 163 104421 14 104444 5 104707 28 104737 162 104934 13 104957 4 105218 29 105248 162 105447 12 105470 3 105729 193 105959 12 105982 3 106241 193 106471 11 106495 2 106753 193 106984 10 107262 1 107265 193 107497 9 107773 2 107777 192 108014 4 108285 196 108526 4 108797 196 109039 3 109310 196 109552 1 109821 198 110333 198 110845 40 110887 157 111356 41 111400 156 111867 42 111911 157 112378 43 112423 156 112887 47 112935 156 113399 203 113910 34 113947 167 114422 33 114461 165 114934 33 114974 164 115446 34 115486 164 115957 36 115997 166 116469 37 116509 166 116981 38 117021 166 117494 205 118006 206 118518 5 118525 2 118528 196 119032 2 119041 195 119552 197 120063 4 120069 192 120574 5 120581 192 121086 6 121098 188 121598 7 121611 188 122109 8 122123 189 122620 8 122635 189 123131 9 123147 190 123641 11 123660 190 124151 14 124172 192 124662 15 124684 192 125174 15 125196 193 125686 15 125708 195 126198 15 126220 197 126710 15 126732 198 127223 14 127244 199 127736 14 127756 201 128248 18 128267 203 128757 2 128760 19 128780 203 129267 23 129293 205 129778 24 129805 208 130290 24 130317 212 130802 24 130829 213 131314 25 131340 215 131826 243 132081 3 132338 259 132849 262 133351 1 133361 263 133863 2 133867 2 133872 32 133905 233 134376 6 134383 33 134417 171 134590 62 134888 277 135399 267 135671 7 135911 266 136184 6 136423 14 136439 250 136697 3 136935 13 136951 24 136977 157 137135 67 137447 12 137463 182 137648 67 137720 1 137957 14 137975 182 138161 68 138232 2 138468 15 138486 183 138673 69 138744 4 138979 17 138998 256 139255 6 139490 284 140002 284 140514 285 141027 222 141252 61 141539 219 141767 58 142051 4 142058 212 142280 57 142563 4 142571 209 142799 50 143074 5 143083 206 143313 48 143584 7 143596 203 143826 47 144092 11 144108 203 144339 46 144603 12 144620 203 144852 45 145114 14 145132 203 145367 42 145626 15 145644 203 145883 38 146138 15 146156 204 146396 37 146650 15 146668 204 146909 6 146917 28 147162 15 147180 204 147422 3 147430 27 147675 15 147692 205 147944 25 148187 15 148203 206 148457 24 148699 20 148722 157 148880 42 148971 22 149211 20 149233 157 149393 41 149486 19 149723 178 149905 42 149999 3 150005 12 150235 177 150418 41 150511 2 150518 5 150525 4 150747 177 150930 42 151031 2 151259 178 151441 43 151770 226 152281 20 152302 207 152793 19 152815 206 153305 19 153328 205 153817 19 153840 205 154328 21 154352 205 154840 223 155066 3 155353 222 155868 220 156382 218 156896 217 157117 4 157409 225 157921 226 158433 226 158946 225 159458 14 159474 209 159970 14 159986 209 160482 226 160995 225 161507 226 162019 228 162531 230 163044 231 163308 3 163557 233 163818 5 164070 238 164330 4 164582 240 164842 3 165075 1 165094 240 165354 2 165587 1 165606 242 165866 2 166098 3 166118 245 166376 5 166609 4 166630 246 166884 10 167121 4 167142 248 167394 13 167411 7 167632 5 167655 282 168145 4 168168 281 168658 3 168682 279 169170 4 169194 279 169682 5 169707 278 170193 7 170219 278 170704 9 170731 278 171214 12 171243 278 171725 13 171744 2 171755 177 171934 99 172238 12 172256 2 172266 179 172446 5 172453 87 172543 2 172752 11 172768 3 172778 183 172967 84 173055 2 173265 10 173281 2 173290 180 173481 82 173568 1 173778 9 173793 3 173802 180 173993 81 174080 1 174291 8 174304 5 174315 178 174505 74 174581 3 174804 7 174816 6 174827 178 175017 7 175027 42 175070 14 175085 5 175317 20 175339 175 175528 7 175539 56 175829 20 175851 173 176039 8 176051 57 176342 18 176363 173 176540 1 176551 8 176563 53 176618 2 176855 16 176876 173 177051 2 177063 8 177075 14 177090 38 177367 16 177388 25 177414 151 177575 8 177586 12 177604 36 177880 14 177899 25 177927 150 178085 26 178116 36 178392 13 178411 3 178416 19 178440 148 178595 10 178607 57 178904 11 178923 3 178928 18 178952 149 179107 10 179119 56 179417 10 179429 2 179434 4 179440 18 179464 149 179619 11 179631 53 179929 20 179952 19 179975 151 180130 63 180441 20 180463 240 180954 229 181185 30 181217 4 181465 228 181698 35 181977 151 182129 74 182211 34 182490 149 182642 73 182724 33 183002 150 183154 72 183237 34 183514 150 183667 72 183749 35 184026 151 184180 72 184260 36 184538 152 184692 74 184768 40 185051 152 185204 110 185317 3 185564 262 185831 2 186077 261 186588 263 187100 218 187321 22 187346 17 187612 207 187825 4 187834 21 187858 18 188124 206 188337 4 188346 44 188637 50 188688 154 188849 4 188857 46 189149 205 189361 4 189368 48 189662 206 189871 6 189879 50 190174 200 190375 26 190405 40 190686 199 190888 25 190917 41 191197 199 191401 24 191429 42 191708 200 191914 71 192219 200 192428 72 192731 201 192942 72 193243 168 193413 33 193454 73 193755 168 193929 31 193966 78 194267 168 194442 32 194478 82 194778 170 194955 32 194989 84 195290 172 195467 74 195543 42 195801 174 195979 65 196045 7 196056 41 196314 174 196491 65 196558 7 196569 40 196826 174 197003 30 197035 33 197072 4 197089 32 197339 173 197516 29 197548 32 197586 2 197603 2 197607 26 197851 173 198027 29 198061 23 198086 6 198120 25 198363 205 198574 18 198599 4 198633 24 198874 186 199062 23 199087 16 199145 24 199386 186 199574 24 199600 14 199657 24 199898 186 200085 25 200113 12 200168 4 200175 18 200409 194 200607 15 200628 9 200680 4 200688 17 200921 194 201119 14 201142 6 201192 4 201200 17 201432 186 201620 7 201630 8 201639 6 201654 6 201704 4 201712 17 201944 185 202133 7 202141 8 202152 5 202166 6 202216 4 202225 16 202456 185 202645 15 202664 5 202678 6 202728 4 202738 15 202968 185 203157 14 203176 6 203190 7 203241 2 203250 15 203480 186 203669 15 203688 6 203702 7 203762 15 203992 205 204200 7 204214 8 204275 14 204504 215 204726 8 204787 6 204795 6 205016 195 205214 17 205238 8 205299 5 205528 194 205726 9 205736 7 205750 7 205810 7 206021 2 206041 194 206238 9 206249 6 206263 5 206323 6 206533 2 206553 214 206777 1 206835 6 207045 3 207066 213 207347 6 207558 4 207578 213 207860 7 208071 5 208090 214 208371 2 208377 3 208583 6 208593 1 208603 197 208802 17 208884 1 208889 4 209095 11 209115 197 209315 19 209401 5 209608 11 209627 198 209827 19 209913 5 210120 11 210138 219 210425 5 210633 11 210650 213 210937 5 211147 10 211161 214 211451 4 211660 11 211672 215 211963 4 212172 227 212468 12 212684 191 212877 35 212979 13 213197 190 213389 36 213490 15 213708 191 213901 37 214001 16 214220 192 214413 37 214513 16 214732 231 215025 16 215243 233 215486 3 215538 15 215756 233 215997 5 216051 12 216267 194 216463 39 216508 7 216526 3 216570 3 216779 194 216975 41 217020 10 217037 5 217290 195 217487 43 217531 13 217547 7 217800 263 218312 262 218823 263 219335 263 219846 263 220358 262 220869 263 221380 264 221891 171 222066 91 222402 170 222579 91 222914 168 223092 90 223426 166 223605 90 223937 124 224062 41 224118 89 224449 122 224577 37 224631 89 224960 122 225089 37 225145 87 225472 89 225564 30 225602 38 225659 85 225983 89 226075 31 226115 38 226176 47 226226 31 226495 89 226587 31 226629 36 226689 46 226739 31 227006 89 227099 31 227140 36 227202 45 227254 29 227518 85 227610 32 227646 3 227651 37 227715 44 227768 28 228030 84 228122 32 228158 41 228228 43 228281 29 228542 83 228633 27 228662 3 228669 42 228744 39 228796 27 229054 82 229145 26 229181 42 229258 30 229290 4 229312 24 229566 82 229657 26 229693 5 229699 35 229771 29 229832 17 230079 81 230169 28 230205 4 230212 34 230284 20 230305 7 230346 16 230590 82 230682 29 230717 4 230724 34 230795 20 230819 3 230859 16 231102 82 231194 30 231231 3 231236 2 231240 30 231307 20 231371 17 231613 83 231706 31 231743 3 231752 30 231820 19 231884 19 232125 83 232218 31 232255 3 232265 28 232337 14 232396 19 232636 85 232730 32 232767 3 232777 28 232850 13 232908 19 233147 87 233243 31 233280 1 233289 28 233363 12 233420 20 233658 88 233755 30 233792 2 233800 29 233875 11 233934 20 234170 89 234268 29 234300 2 234304 3 234312 29 234388 10 234448 20 234682 89 234780 28 234812 7 234824 24 234849 4 234900 10 234960 22 235194 89 235293 26 235325 3 235336 23 235362 2 235413 10 235473 22 235706 90 235805 26 235838 1 235845 26 235926 10 235986 4 235995 13 236218 91 236318 24 236356 27 236439 10 236508 13 236730 92 236831 24 236861 2 236867 29 236951 11 237022 12 237240 95 237344 24 237371 12 237384 25 237464 11 237535 12 237749 100 237857 14 237875 3 237886 7 237897 25 237976 11 238048 13 238260 38 238302 60 238370 11 238398 7 238409 2 238413 21 238489 10 238562 12 238771 38 238815 60 238884 8 238910 7 238926 20 239001 10 239080 7 239283 38 239329 60 239397 6 239422 6 239437 22 239514 9 239593 6 239794 40 239845 58 239933 7 239944 1 239948 23 240026 10 240106 6 240306 44 240359 57 240444 7 240454 30 240539 10 240619 6 240818 22 240843 20 240875 5 240882 27 240910 19 240955 7 240966 31 241051 10 241133 7 241329 22 241356 19 241388 3 241395 47 241467 6 241477 33 241564 10 241646 6 241841 22 241871 17 241900 3 241906 49 241978 6 241990 33 242076 10 242159 6 242353 23 242383 21 242405 4 242412 4 242417 52 242489 6 242502 33 242589 9 242671 8 242864 25 242895 89 243001 6 243015 32 243102 8 243184 13 243376 122 243514 4 243535 24 243615 7 243697 13 243888 124 244048 23 244128 7 244212 10 244368 2 244400 64 244465 63 244560 22 244641 6 244725 9 244878 6 244888 2 244912 64 244980 32 245015 27 245050 2 245055 2 245058 2 245072 19 245092 1 245153 6 245234 12 245390 14 245423 65 245495 29 245529 27 245561 12 245584 18 245666 5 245745 13 245901 16 245935 32 245969 31 246009 28 246041 44 246092 6 246100 14 246178 6 246257 13 246413 16 246447 26 246474 4 246481 31 246522 28 246553 45 246604 6 246613 14 246691 7 246770 11 246924 18 246959 26 246987 3 246993 31 247034 69 247106 5 247116 6 247125 18 247204 7 247283 10 247436 19 247470 32 247505 31 247546 68 247619 4 247628 6 247637 19 247717 7 247796 8 247949 19 247982 31 248017 31 248059 66 248132 2 248141 6 248149 19 248230 6 248308 7 248461 22 248493 29 248529 33 248573 63 248654 6 248661 6 248668 13 248742 6 248821 5 248973 25 249005 29 249041 33 249086 61 249168 11 249180 7 249189 4 249255 5 249333 5 249485 25 249517 29 249554 33 249598 5 249605 54 249682 17 249701 4 249767 5 249845 4 249997 26 250028 30 250067 33 250111 4 250117 54 250196 15 250214 3 250280 4 250357 4 250509 26 250540 29 250581 31 250624 60 250709 14 250727 2 250793 3 250868 5 251021 26 251052 30 251094 31 251137 59 251222 14 251378 8 251533 26 251563 31 251607 31 251650 59 251736 12 251887 11 252045 27 252074 34 252119 32 252163 59 252249 12 252398 11 252557 64 252631 33 252676 22 252702 33 252762 12 252909 12 253069 65 253144 32 253189 4 253195 14 253215 33 253275 11 253421 11 253581 66 253656 33 253702 3 253708 13 253728 6 253737 23 253788 11 253933 10 254093 66 254170 31 254215 3 254220 13 254242 3 254250 23 254303 8 254445 9 254605 66 254683 31 254727 17 254756 1 254763 21 254815 8 254954 11 255117 67 255196 30 255239 16 255274 21 255296 5 255328 7 255466 11 255629 67 255709 29 255752 15 255784 30 255841 7 255978 10 256141 68 256222 28 256264 15 256297 33 256355 6 256490 9 256653 69 256735 26 256776 15 256809 36 256868 5 257002 9 257165 69 257247 26 257289 15 257321 38 257380 6 257514 8 257677 70 257760 24 257802 15 257825 3 257834 38 257893 6 258025 9 258189 70 258273 23 258315 16 258336 5 258346 39 258405 7 258536 10 258701 71 258785 23 258828 27 258858 40 258918 6 259045 12 259213 72 259298 21 259340 52 259393 19 259431 5 259557 12 259725 73 259810 21 259852 52 259906 19 259944 5 260069 12 260237 74 260326 17 260365 52 260418 19 260456 5 260581 11 260749 75 260839 15 260878 71 260968 6 261094 10 261261 75 261352 13 261397 65 261480 7 261606 10 261773 76 261865 11 261908 66 261992 8 262118 9 262286 76 262378 9 262419 68 262504 8 262629 10 262798 24 262824 50 262894 6 262930 69 263017 7 263141 9 263311 22 263337 49 263407 5 263442 68 263530 7 263653 9 263824 21 263849 31 263882 16 263920 4 263954 68 264043 6 264164 9 264337 20 264362 31 264394 17 264433 4 264467 67 264556 6 264675 10 264849 19 264878 8 264887 36 264946 3 264979 67 265069 5 265187 10 265362 18 265391 6 265400 36 265459 2 265492 66 265581 6 265698 10 265875 17 265912 37 266004 53 266059 11 266094 6 266210 10 266387 17 266424 38 266516 52 266572 10 266606 8 266721 11 266900 17 266936 38 267029 50 267085 9 267119 7 267233 11 267413 16 267448 37 267542 49 267597 9 267631 8 267745 10 267926 15 267960 7 267981 14 268053 50 268110 8 268144 7 268257 10 268438 15 268473 5 268496 15 268565 51 268622 8 268656 8 268693 1 268768 10 268951 14 268986 4 269009 15 269076 66 269169 7 269205 2 269279 11 269464 13 269499 2 269523 13 269588 65 269682 7 269717 2 269790 12 269976 13 270038 10 270100 60 270195 7 270230 2 270301 12 270489 12 270552 8 270613 57 270707 8 270742 3 270813 12 271002 11 271065 8 271125 9 271138 2 271143 35 271220 7 271253 4 271324 13 271515 10 271578 7 271638 7 271656 33 271733 7 271765 4 271836 11 272027 10 272091 7 272152 4 272170 30 272245 7 272276 5 272347 10 272540 9 272603 8 272666 3 272686 26 272758 7 272786 3 272859 10 273053 8 273117 6 273179 1 273199 25 273271 6 273297 4 273371 9 273565 8 273632 3 273712 23 273783 7 273809 4 273883 8 274078 7 274145 2 274224 23 274296 6 274322 3 274395 8 274591 6 274657 3 274737 22 274808 7 274832 5 274907 8 275104 5 275169 3 275249 22 275320 7 275341 9 275420 9 275617 4 275682 3 275761 22 275832 8 275852 10 275931 11 276130 3 276195 2 276273 22 276344 9 276364 10 276443 12 276642 3 276708 3 276786 21 276857 8 276878 8 276954 12 277155 1 277220 4 277299 20 277369 10 277391 5 277465 12 277733 3 277812 19 277881 11 277903 5 277975 10 278245 3 278326 17 278394 11 278415 5 278485 9 278758 2 278840 14 278907 11 278927 5 278996 9 279353 13 279420 11 279439 6 279507 10 279865 13 279933 13 279950 8 280019 9 280378 11 280446 14 280462 8 280531 8 280890 11 280959 23 281042 8 281402 11 281471 21 281552 10 281914 11 281984 19 282062 12 282426 11 282497 11 282511 4 282572 13 282938 10 283010 10 283025 1 283084 12 283449 11 283523 10 283596 11 283961 12 284035 10 284108 10 284472 13 284548 10 284622 7 284984 13 285061 10 285137 2 285496 12 285574 10 286009 11 286086 11 286521 11 286600 9 287033 11 287113 9 287545 11 287626 9 288058 9 288139 8 288570 9 288652 8 289082 8 289165 8 289594 7 289677 8 290106 6 290190 8 290618 4 290703 8 291130 4 291215 8 291642 3 291728 8 292154 3 292240 8 292665 5 292753 7 293176 6 293266 7 293688 10 293779 6 294200 10 294292 6 294712 10 294805 6 295223 11 295318 6 295736 9 295830 7 296248 6 296343 7 296760 5 296856 7 297272 5 297369 7 297784 5 297882 6 298296 5 298394 6 298807 7 298907 5 299319 7 299420 5 299830 9 299933 5 300342 9 300446 4 300854 8 300958 5 301366 6 301470 6 301878 5 301983 6 302390 5 302495 6 302901 5 303008 5 303413 5 303520 6 303915 2 303924 6 304033 5 304426 4 304436 6 304545 6 304938 15 305057 8 305450 15 305569 9 305964 13 306081 10 306477 11 306594 10 306991 9 307107 10 307505 7 307621 11 308018 7 308133 11 308530 7 308646 10 309042 8 309158 10 309554 8 309670 9 310066 7 310170 21 310578 6 310678 24 311091 4 311189 25 311604 2 311700 25 312206 30 312717 29 313227 27 313737 25 314191 3 314246 23 314699 7 314756 20 315211 8 315224 2 315231 2 315267 19 315723 8 315733 5 315742 4 315778 18 316235 16 316253 6 316288 17 316747 24 316798 16 317259 25 317309 15 317771 25 317819 14 318284 25 318323 19 318802 20 318828 2 318833 18 319314 47 319827 45 320339 7 320348 34 320853 2 320861 29 321375 16 321392 9 321889 13 321906 5 322408 6 322921 4
0f1f896d9ae5a04752d3239c690402c022db4d72c0d2c087d73380896f72c466,139879 3 140390 5 140902 4 141413 5 141924 5 142435 4 142947 4 142967 2 143458 5 143472 9 143970 5 143982 10 144481 6 144493 11 144993 23 145505 23 146017 24 146528 25 147039 18 147058 7 147550 19 147570 6 148061 27 148571 21 148594 6 149082 19 149107 5 149594 5 149602 5 149609 1 149621 3 150106 3 150114 3 150617 4 151129 5 151642 6 152155 5 152668 4 153180 4 153692 3 154204 3 154716 3 155229 1
0f1f896d9ae5a04752d3239c690402c022db4d72c0d2c087d73380896f72c466,217189 4 217698 9 218210 10 218722 11 219235 10 219747 11 220259 11 220771 11 221283 11 221796 10 222308 10 222820 8 223332 6
0f1f896d9ae5a04752d3239c690402c022db4d72c0d2c087d73380896f72c466,91863 3 92374 4 92885 5 93387 2 93395 6 93897 4 93906 6 94401 12 94417 6 94911 13 94928 7 95421 14 95437 9 95883 4 95932 27 96394 8 96443 30 96905 11 96954 34 97416 13 97465 37 97925 18 97954 2 97964 3 97976 40 98436 20 98465 3 98474 5 98487 42 98947 22 98976 4 98985 7 98998 44 99457 25 99488 4 99496 8 99508 48 99968 26 100000 4 100007 61 100479 27 100512 69 100990 29 101024 69 101495 2 101502 30 101535 28 101567 38 102007 3 102013 61 102081 36 102518 65 102593 36 103029 64 103102 39 103538 64 103612 41 104049 64 104122 43 104561 63 104633 44 105073 63 105144 45 105584 64 105656 45 106096 64 106167 45 106608 63 106679 44 107120 62 107190 44 107632 62 107702 44 108145 60 108214 43 108657 60 108726 42 109168 61 109237 42 109680 60 109749 41 110192 50 110243 9 110262 38 110704 49 110756 7 110775 36 111215 50 111268 7 111289 34 111726 50 111780 7 111802 32 112238 50 112292 7 112315 31 112749 50 112803 7 112829 29 113261 49 113313 9 113326 1 113343 27 113772 49 113826 8 113837 3 113856 26 114284 49 114339 13 114369 24 114795 49 114852 13 114882 23 115307 48 115367 10 115394 23 115819 47 115881 8 115907 22 116330 47 116392 9 116419 22 116842 46 116904 10 116931 21 117353 47 117415 11 117443 22 117864 47 117926 12 117955 22 118376 50 118438 13 118467 22 118888 51 118949 15 118979 21 119401 50 119461 15 119491 20 119913 51 119973 16 120004 17 120426 51 120485 16 120516 16 120938 51 120997 17 121030 6 121041 1 121450 51 121509 18 121528 3 121544 3 121963 47 122021 23 122475 46 122533 24 122989 44 123045 26 123503 41 123557 27 124017 39 124069 29 124531 35 124576 36 125045 21 125072 5 125088 38 125563 13 125600 40 126078 3 126112 42 126625 43 127137 44 127649 44 128162 43 128674 42 129187 38 129699 36 130212 34 130724 32 131237 31 131749 30 132261 30 132774 28 133287 26 133802 23 134315 21 134828 9 134838 10 135342 6 135352 6
0f1f896d9ae5a04752d3239c690402c022db4d72c0d2c087d73380896f72c466,317033 2 317545 2 318058 1
0f1f896d9ae5a04752d3239c690402c022db4d72c0d2c087d73380896f72c466,95852 1
0f1f896d9ae5a04752d3239c690402c022db4d72c0d2c087d73380896f72c466,241775 1 242286 3 242797 4 243309 4 243822 3
0f1f896d9ae5a04752d3239c690402c022db4d72c0d2c087d73380896f72c466,218226 1 218737 2
0f1f896d9ae5a04752d3239c690402c022db4d72c0d2c087d73380896f72c466,7285 3 7797 3 8310 2 8823 1 9335 1
0f1f896d9ae5a04752d3239c690402c022db4d72c0d2c087d73380896f72c466,223355 5 223866 6 224378 6 224890 6 225401 7 225912 8 226423 9 226933 12 227445 13 227958 13 228472 12 228986 10 229499 9 230014 5 230526 5 231039 2
0f1f896d9ae5a04752d3239c690402c022db4d72c0d2c087d73380896f72c466,268921 4 269432 5 269944 5 270456 5 270970 3
0f1f896d9ae5a04752d3239c690402c022db4d72c0d2c087d73380896f72c466,98426 2 98938 2 99450 2 99962 2
0f1f896d9ae5a04752d3239c690402c022db4d72c0d2c087d73380896f72c466,5759 1 6270 2 6782 1
0f1f896d9ae5a04752d3239c690402c022db4d72c0d2c087d73380896f72c466,93311 3 93822 4 94334 4 94846 4 94853 2 95358 9 95871 7 96384 6
0f1f896d9ae5a04752d3239c690402c022db4d72c0d2c087d73380896f72c466,41089 2 41601 2
0f1f896d9ae5a04752d3239c690402c022db4d72c0d2c087d73380896f72c466,171140 6 171650 10 172162 10 172675 8 173188 6 173701 4 174214 2
0f1f896d9ae5a04752d3239c690402c022db4d72c0d2c087d73380896f72c466,228999 2 229510 3 230022 3 230534 3 231046 3 231559 1
0f1f896d9ae5a04752d3239c690402c022db4d72c0d2c087d73380896f72c466,132745 4 133258 3 133771 2
0f1f896d9ae5a04752d3239c690402c022db4d72c0d2c087d73380896f72c466,29840 3 30352 2 30863 3 31373 2 31884 2 32395 2 32906 3 33418 2
0f1f896d9ae5a04752d3239c690402c022db4d72c0d2c087d73380896f72c466,197279 8 197291 4 197790 18 198300 21 198809 24 199319 27 199830 28 200340 31 200851 34 201362 36 201872 40 202383 42 202894 44 203406 44 203917 46 204429 47 204941 47 205453 47 205965 47 206477 48 206989 48 207502 48 208014 48 208526 48 209039 47 209551 47 210064 46 210576 47 211088 47 211601 46 212113 46 212626 45 213138 45 213650 44 214161 45 214673 45 215185 44 215697 44 216210 43 216722 42 217234 42 217747 41 218259 41 218770 42 219282 42 219793 43 220304 44 220815 45 221326 45 221838 45 222350 2 222357 37 222870 35 223383 33 223884 4 223894 34 224396 5 224405 34 224908 5 224916 35 225423 39 225937 36 226449 36 226961 35 227473 34 227985 6 227997 21 228497 7 228510 19 229009 7 229023 16 229521 7 229535 15 230033 7 230047 14 230545 6 230559 13 231052 10 231070 12 231563 4 231569 5 231582 10 232074 4 232082 5 232094 4 232587 2 232594 5 232606 3 233106 4 233618 2
0f1f896d9ae5a04752d3239c690402c022db4d72c0d2c087d73380896f72c466,324237 2 324747 5 325260 4 325772 4
0f1f896d9ae5a04752d3239c690402c022db4d72c0d2c087d73380896f72c466,318610 2 319122 2 319634 1 320146 2 320657 3 321170 2
0f1f896d9ae5a04752d3239c690402c022db4d72c0d2c087d73380896f72c466,36500 1 37012 1 37524 1
0f1f896d9ae5a04752d3239c690402c022db4d72c0d2c087d73380896f72c466,39063 3 39575 3 40087 3 40599 3
0f1f896d9ae5a04752d3239c690402c022db4d72c0d2c087d73380896f72c466,94359 1
0f1f896d9ae5a04752d3239c690402c022db4d72c0d2c087d73380896f72c466,321687 4 322199 5 322711 6 323223 5 323735 4 324247 2
0f1f896d9ae5a04752d3239c690402c022db4d72c0d2c087d73380896f72c466,300186 4 300698 3 301210 3 301722 2 302235 1
0f1f896d9ae5a04752d3239c690402c022db4d72c0d2c087d73380896f72c466,116384 3 116895 4 117407 5 117918 5 118430 5 118942 2
0f1f896d9ae5a04752d3239c690402c022db4d72c0d2c087d73380896f72c466,305310 2 305822 1
0f1f896d9ae5a04752d3239c690402c022db4d72c0d2c087d73380896f72c466,288928 3 289440 3 289952 4 290464 4 290976 3 291489 2 292001 1
0f1f896d9ae5a04752d3239c690402c022db4d72c0d2c087d73380896f72c466,333476 4 333989 3 334501 3 335014 1 335526 1
0f1f896d9ae5a04752d3239c690402c022db4d72c0d2c087d73380896f72c466,337578 3 338091 2
0f1f896d9ae5a04752d3239c690402c022db4d72c0d2c087d73380896f72c466,38571 1 39084 1
0f1f896d9ae5a04752d3239c690402c022db4d72c0d2c087d73380896f72c466,140460 1 140971 8 141484 9 141997 9 142510 10 143022 10 143536 6
0f1f896d9ae5a04752d3239c690402c022db4d72c0d2c087d73380896f72c466,270006 4 270517 8 271029 9 271542 8 272054 9 272566 9 273078 9 273591 7 274103 6 274615 6 275127 5 275638 6 276149 6 276660 7 277173 6 277685 7 278197 7 278710 5 279221 6 279733 5 280245 5 280756 6 281267 7 281774 12 282286 12 282798 12 283311 12 283823 12 284335 13 284847 12 285360 11 285872 11 286385 10 286897 11 287409 12 287922 11 288435 9 288947 9 289460 8 289972 8 290485 8 290997 9 291509 9 291521 2 292021 9 292034 1 292533 9 292546 1 293046 9 293057 2 293548 3 293559 12 294059 5 294071 12 294572 6 294584 11 295087 6 295096 11 295600 7 295608 10 296113 17 296626 15 297139 13 297652 12 298167 10 298681 9 299194 9 299706 9 300218 10 300730 10 301242 11 301754 11 302267 11 302780 11 303294 10 303807 10 304319 10 304832 10 305345 10 305858 10 306372 9 306885 9 307398 10 307912 9 308425 9 308938 9 309451 9 309964 9 310478 8 310990 9 311503 10 312016 9 312528 10 313041 9 313554 9 314067 9 314581 9 315094 8 315607 8 316121 6 316634 6 317147 6 317660 8 318173 9 318686 10 319199 10 319712 9 320229 5 320744 2
0f1f896d9ae5a04752d3239c690402c022db4d72c0d2c087d73380896f72c466,141499 2 142010 4 142521 5 143034 11 143547 9 144060 6 144574 3
0f1f896d9ae5a04752d3239c690402c022db4d72c0d2c087d73380896f72c466,342714 2 343226 3 343738 2
0f1f896d9ae5a04752d3239c690402c022db4d72c0d2c087d73380896f72c466,170177 3 170688 4 171200 4 171713 3 172226 2 172739 2
0f1f896d9ae5a04752d3239c690402c022db4d72c0d2c087d73380896f72c466,87750 2 88261 3 88773 3 89284 4 89794 5 90306 4 90818 3
0f1f896d9ae5a04752d3239c690402c022db4d72c0d2c087d73380896f72c466,138435 1
0f1f896d9ae5a04752d3239c690402c022db4d72c0d2c087d73380896f72c466,185028 2 185540 2
0f1f896d9ae5a04752d3239c690402c022db4d72c0d2c087d73380896f72c466,134347 1
0f1f896d9ae5a04752d3239c690402c022db4d72c0d2c087d73380896f72c466,156365 1 156876 3 157388 3 157900 3 158413 2
0f1f896d9ae5a04752d3239c690402c022db4d72c0d2c087d73380896f72c466,250574 1 251085 2 251598 1
0f1f896d9ae5a04752d3239c690402c022db4d72c0d2c087d73380896f72c466,177358 1
0f1f896d9ae5a04752d3239c690402c022db4d72c0d2c087d73380896f72c466,116454 2 116966 7 117478 7 117989 8 118499 10 119010 10 119522 9 120027 4 120033 9 120538 15 121050 14 121561 15 122072 15 122583 16 123094 16 123605 17 124117 16 124628 16 125139 16 125651 13 126163 12 126675 11 127187 10 127699 9 128212 5 128724 4 129236 2
0f1f896d9ae5a04752d3239c690402c022db4d72c0d2c087d73380896f72c466,156376 1 156887 2
0f1f896d9ae5a04752d3239c690402c022db4d72c0d2c087d73380896f72c466,216 10 729 9 1243 6 1758 2
0f1f896d9ae5a04752d3239c690402c022db4d72c0d2c087d73380896f72c466,169182 2 169694 3 170206 3 170719 2
0f1f896d9ae5a04752d3239c690402c022db4d72c0d2c087d73380896f72c466,87277 2 87787 4 88294 9 88804 10 89315 10 89827 10 90340 4
0f1f896d9ae5a04752d3239c690402c022db4d72c0d2c087d73380896f72c466,98534 1
0f1f896d9ae5a04752d3239c690402c022db4d72c0d2c087d73380896f72c466,102129 1 102640 3 103150 5 103661 7 104172 8 104685 8 105199 6 105711 7 106223 7 106735 6 107248 5 107760 4 108272 4 108778 2 108785 4 109290 3 109298 3 109801 4 109810 2 110313 4 110322 2 110825 4 110833 3 111337 10 111850 8 112363 6 112876 4
0f1f896d9ae5a04752d3239c690402c022db4d72c0d2c087d73380896f72c466,280812 2 281323 4 281835 4 282347 4 282859 4 283372 3 283885 3 284399 1
0f1f896d9ae5a04752d3239c690402c022db4d72c0d2c087d73380896f72c466,74477 1 74988 2
0f1f896d9ae5a04752d3239c690402c022db4d72c0d2c087d73380896f72c466,318710 3 319221 4 319732 6 320243 7 320754 7 321265 7 321775 9 322287 8 322798 9 323310 8 323822 7 324334 5
0f1f896d9ae5a04752d3239c690402c022db4d72c0d2c087d73380896f72c466,98546 3 99058 3
0f1f896d9ae5a04752d3239c690402c022db4d72c0d2c087d73380896f72c466,48889 2 49401 3 49912 4 50424 4 50936 4 51448 4 51960 3 52472 2 52984 2
0f1f896d9ae5a04752d3239c690402c022db4d72c0d2c087d73380896f72c466,313093 1 313604 3 314115 4 314627 4 315138 4 315650 3 316162 2 316670 4 317180 6 317692 6 318204 6 318719 2
0f1f896d9ae5a04752d3239c690402c022db4d72c0d2c087d73380896f72c466,45827 2 46339 3 46851 4 47364 2
0f1f896d9ae5a04752d3239c690402c022db4d72c0d2c087d73380896f72c466,76039 1
0f1f896d9ae5a04752d3239c690402c022db4d72c0d2c087d73380896f72c466,277270 1 277782 1
0f1f896d9ae5a04752d3239c690402c022db4d72c0d2c087d73380896f72c466,282390 2 282902 3 283414 3 283926 4 284438 4 284950 4 285463 2
0f1f896d9ae5a04752d3239c690402c022db4d72c0d2c087d73380896f72c466,279321 3 279832 5 280345 4 280857 4
0f1f896d9ae5a04752d3239c690402c022db4d72c0d2c087d73380896f72c466,299802 1
0f1f896d9ae5a04752d3239c690402c022db4d72c0d2c087d73380896f72c466,302370 2 302881 4 303392 6 303904 6 304417 1 304420 2
0f1f896d9ae5a04752d3239c690402c022db4d72c0d2c087d73380896f72c466,66358 2 66869 3 67381 2
0f1f896d9ae5a04752d3239c690402c022db4d72c0d2c087d73380896f72c466,313156 3 313667 4 314180 2
0f1f896d9ae5a04752d3239c690402c022db4d72c0d2c087d73380896f72c466,252231 3 252744 3
0f1f896d9ae5a04752d3239c690402c022db4d72c0d2c087d73380896f72c466,9545 1 10056 1
0f1f896d9ae5a04752d3239c690402c022db4d72c0d2c087d73380896f72c466,333 22 845 22 1356 23 1867 24 2379 24 2890 3 2894 21 3401 3 3406 21 3913 3 3918 21 4425 2 4430 21 4943 20 5456 19 5968 19 6481 17 6995 15 7509 2
0f1f896d9ae5a04752d3239c690402c022db4d72c0d2c087d73380896f72c466,272729 5 273241 6 273754 5 274266 5 274779 4 275292 2
0f1f896d9ae5a04752d3239c690402c022db4d72c0d2c087d73380896f72c466,260442 2 260954 3 261466 2 261978 1
0f1f896d9ae5a04752d3239c690402c022db4d72c0d2c087d73380896f72c466,276889 1 277401 2 277913 1
0f1f896d9ae5a04752d3239c690402c022db4d72c0d2c087d73380896f72c466,252334 2 252846 2 253357 4 253869 5 254382 5 254894 5 255406 6 255918 6 256431 5 256944 4
0f1f896d9ae5a04752d3239c690402c022db4d72c0d2c087d73380896f72c466,300462 3 300974 4 301486 4 301999 3 302512 2
0f1f896d9ae5a04752d3239c690402c022db4d72c0d2c087d73380896f72c466,286155 3 286663 8 287174 8 287685 8 288192 12 288702 13 289213 13 289724 14 290236 13 290748 13 291260 12 291771 13 292280 15 292791 15 293303 13 293814 13 294326 13 294837 14 295349 13 295860 13 296372 12 296884 11 297396 11 297907 12 298418 12 298930 12 299443 10 299955 10 300468 8 300981 7 301494 6 302006 5 302518 4 303030 4 303541 4 304052 5 304563 5 305075 4 305586 4 306098 2
0f1f896d9ae5a04752d3239c690402c022db4d72c0d2c087d73380896f72c466,231351 1 231863 2
0f1f896d9ae5a04752d3239c690402c022db4d72c0d2c087d73380896f72c466,208826 2 209337 4 209849 5 210361 6 210874 7 211386 8 211900 6 212413 5 212926 3 213439 1
0f1f896d9ae5a04752d3239c690402c022db4d72c0d2c087d73380896f72c466,102860 1
0f1f896d9ae5a04752d3239c690402c022db4d72c0d2c087d73380896f72c466,87516 3 88027 4 88540 3
0f1f896d9ae5a04752d3239c690402c022db4d72c0d2c087d73380896f72c466,151007 2 151519 2 152031 2 152543 3 153055 4 153568 4 154081 3
0f1f896d9ae5a04752d3239c690402c022db4d72c0d2c087d73380896f72c466,152552 1 153065 3 153577 4 154089 4 154602 3 155115 1
0f1f896d9ae5a04752d3239c690402c022db4d72c0d2c087d73380896f72c466,158196 1
0f1f896d9ae5a04752d3239c690402c022db4d72c0d2c087d73380896f72c466,159736 3 160248 4 160760 4 161273 3 161785 3 162298 2 162809 6 163321 8 163834 7 164346 7 164859 6
1747f62148a919c8feb6d607faeebdf504b5e2ad42b6b1710b1189c37ebcdb2c,196609 3 197121 3 197633 3 198145 3 198657 3 199169 6 199681 7 200193 7 200705 7 200722 3 201217 7 201230 1 201234 3 201729 7 201742 1 201744 4 202241 8 202255 6 202753 9 202767 7 203265 11 203279 7 203777 12 203791 5 204289 15 204305 2 204801 10 204815 2 205313 2 205317 6 205327 4 205825 2 205830 7 205839 5 206337 1 206342 7 206352 5 206856 3 206866 2
1747f62148a919c8feb6d607faeebdf504b5e2ad42b6b1710b1189c37ebcdb2c,281601 2 282113 1
1747f62148a919c8feb6d607faeebdf504b5e2ad42b6b1710b1189c37ebcdb2c,195077 2 195589 2
1747f62148a919c8feb6d607faeebdf504b5e2ad42b6b1710b1189c37ebcdb2c,208393 2 208905 2
1747f62148a919c8feb6d607faeebdf504b5e2ad42b6b1710b1189c37ebcdb2c,207373 2 207885 2
1747f62148a919c8feb6d607faeebdf504b5e2ad42b6b1710b1189c37ebcdb2c,195598 3 195602 3 196110 8 196626 4
1747f62148a919c8feb6d607faeebdf504b5e2ad42b6b1710b1189c37ebcdb2c,208401 2 208911 4 209423 4 209935 4 210447 4 210959 4 211471 3
1747f62148a919c8feb6d607faeebdf504b5e2ad42b6b1710b1189c37ebcdb2c,197648 2 198160 2
1747f62148a919c8feb6d607faeebdf504b5e2ad42b6b1710b1189c37ebcdb2c,210453 3 210964 5 211477 5 211991 2
1747f62148a919c8feb6d607faeebdf504b5e2ad42b6b1710b1189c37ebcdb2c,208406 2 208918 2
1747f62148a919c8feb6d607faeebdf504b5e2ad42b6b1710b1189c37ebcdb2c,199703 2 200216 1
1747f62148a919c8feb6d607faeebdf504b5e2ad42b6b1710b1189c37ebcdb2c,141877 9 142387 13 142898 15 143409 18 143921 18 144433 19 144941 2 144945 19 145453 24 145965 26 146479 24 146988 1 146991 24 147499 2 147504 23 148011 3 148017 22 148523 3 148534 18 149034 4 149046 19 149546 2 149558 19 150057 3 150068 21 150567 6 150576 24 151079 33 151592 32 152105 31 152616 32 153127 33 153639 33 154151 33 154663 33 155175 33 155687 32 156200 31 156712 30 157224 30 157737 28 158249 28 158761 2 158765 24 159277 20 159298 3 159789 21 160302 1 160305 15 160819 5 161333 2
1747f62148a919c8feb6d607faeebdf504b5e2ad42b6b1710b1189c37ebcdb2c,181455 2 181965 7 182475 10 182987 14 183498 15 184008 18 184517 22 185027 24 185538 25 186049 28 186561 28 187073 29 187584 30 188096 31 188606 33 189117 35 189629 35 190140 36 190652 37 191164 38 191676 39 191727 7 192188 40 192233 17 192700 41 192744 20 193214 64 193726 65 194238 66 194751 66 195264 66 195777 66 196291 65 196804 65 197318 64 197831 64 198343 64 198856 64 199368 64 199881 64 200393 65 200906 64 201418 65 201930 64 202443 64 202955 64 203467 64 203980 63 204493 62 205005 62 205517 62 206030 61 206543 2 206549 54 207062 52 207575 2 207578 47 208087 2 208090 47 208599 50 209114 47 209625 48 210137 47 210649 46 211160 47 211672 47 212184 46 212696 45 213208 41 213720 40 214232 40 214744 36 215256 35 215769 27 215798 4 216282 26 216311 2 216795 25 217307 25 217819 24 218332 22 218845 19 219359 16 219872 14 220386 10 220901 5 221413 3
1747f62148a919c8feb6d607faeebdf504b5e2ad42b6b1710b1189c37ebcdb2c,207563 2 208075 2 208587 3 209097 5 209606 9 210116 11 210628 7 210637 2 211139 13 211651 13 212162 13 212674 12 213188 9 213696 2 213700 9 214207 14 214719 15 215230 15 215743 13 216255 12 216767 11 217278 9 217790 5 218303 3 218816 2 219329 3
1747f62148a919c8feb6d607faeebdf504b5e2ad42b6b1710b1189c37ebcdb2c,7398 2 7906 7 8417 8 8929 14 9441 15 9953 16 10465 18 10977 20 11486 24 11997 26 12509 27 13021 28 13533 29 14045 29 14557 30 15069 31 15580 32 16093 32 16606 31 17119 30 17631 30 18144 29 18657 28 19171 26 19683 1 19686 22 20199 19 20712 17 21226 12 21239 1 21739 10 22252 1 22258 2
1747f62148a919c8feb6d607faeebdf504b5e2ad42b6b1710b1189c37ebcdb2c,91901 2 92412 3 92924 3 93437 3 93442 3 93941 3 93949 12 94453 5 94461 12 94482 5 94964 7 94972 14 94994 6 95476 22 95499 4 95508 5 95988 29 96019 8 96500 14 96516 25 97011 15 97030 24 97522 17 97544 25 98034 17 98056 26 98546 17 98568 4 98574 20 99060 15 99080 3 99087 20 99572 15 99592 2 99599 22 100084 16 100104 2 100112 22 100595 24 100626 20 101106 26 101139 18 101618 4 101624 12 101641 4 101652 17 102130 3 102137 10 102154 3 102165 19 102642 2 102650 9 102666 4 102678 19 103155 4 103162 5 103169 1 103178 3 103190 19 103666 5 103673 5 103689 1 103705 17 104177 5 104186 3 104191 2 104201 1 104219 15 104689 5 104698 3 104703 2 104732 14 105201 5 105210 7 105244 14 105713 5 105721 8 105756 15 106224 15 106267 4 106273 10 106733 17 106786 10 107245 17 107298 10 107758 17 107803 18 107824 2 108269 20 108315 25 108781 20 108805 1 108827 2 108831 25 109293 20 109316 3 109343 27 109806 20 109827 5 109854 30 110318 26 110365 32 110830 29 110876 34 111342 31 111388 36 111855 19 111876 11 111900 36 112367 33 112410 39 112880 34 112916 3 112921 43 113393 2 113397 8 113407 70 113908 16 113925 64 114421 5 114429 6 114438 1 114441 60 114932 5 114942 5 114950 1 114952 61 115444 4 115455 18 115474 52 115967 6 115975 2 115980 4 115987 52 116479 4 116484 5 116493 2 116499 52 116997 4 117005 2 117011 2 117014 49 117509 4 117523 1 117529 46 118022 3 118041 46 118536 1 118554 46 119068 44 119582 42 120095 41 120607 42 121119 43 121631 43 122144 41 122656 40 123169 39 123681 39 124194 38 124707 36 125219 36 125732 35 126245 33 126758 31 127271 30 127785 27 128298 26 128814 21 129327 19 129843 12 130356 9 130871 5 131384 2
1747f62148a919c8feb6d607faeebdf504b5e2ad42b6b1710b1189c37ebcdb2c,224560 1 225067 2 225071 6 225081 2 225579 17 226088 20 226598 25 227109 27 227620 28 228131 30 228639 38 229130 1 229138 4 229151 39 229642 17 229662 40 230154 60 230665 62 231177 62 231686 65 232197 66 232707 68 233218 69 233730 69 234241 70 234754 70 235266 71 235777 72 236289 72 236801 72 237313 71 237824 72 238336 72 238848 71 239360 70 239871 69 240383 68 240894 69 241406 63 241471 3 241919 61 241984 1 242430 62 242942 62 243454 62 243966 63 244479 63 244992 62 245504 62 246016 62 246529 62 247042 61 247555 60 248067 62 248583 59 249095 58 249608 56 250121 55 250633 55 251146 55 251659 54 252171 54 252683 54 253198 51 253710 51 254222 50 254734 49 255247 46 255759 46 256273 43 256786 42 257298 41 257810 39 258323 38 258836 37 259349 35 259863 33 260375 32 260888 31 261403 25 261916 24 262428 23 262949 11 263462 7
1747f62148a919c8feb6d607faeebdf504b5e2ad42b6b1710b1189c37ebcdb2c,105229 2 105741 4 106252 4 106760 1 106762 6 107272 8 107785 6 108298 5 108811 3 108815 1 109327 4 109837 6 110348 2 110352 2
1747f62148a919c8feb6d607faeebdf504b5e2ad42b6b1710b1189c37ebcdb2c,14616 3 14622 2 15127 11 15636 18 16147 21 16658 23 17170 24 17681 29 18193 30 18704 32 19216 35 19728 39 20239 42 20751 43 21264 44 21776 45 22288 46 22801 46 23313 47 23825 47 24338 45 24851 44 25364 43 25878 41 26391 40 26904 39 27418 36 27933 32 28446 31 28958 30 29471 27 29987 22 30501 20 31020 12 31535 7
1747f62148a919c8feb6d607faeebdf504b5e2ad42b6b1710b1189c37ebcdb2c,108309 1 108820 3 109332 2
1747f62148a919c8feb6d607faeebdf504b5e2ad42b6b1710b1189c37ebcdb2c,71969 3 72480 4 72992 1
1747f62148a919c8feb6d607faeebdf504b5e2ad42b6b1710b1189c37ebcdb2c,83744 1
1747f62148a919c8feb6d607faeebdf504b5e2ad42b6b1710b1189c37ebcdb2c,66852 1 67364 1 67876 3 68388 3 68899 2 69410 2
1747f62148a919c8feb6d607faeebdf504b5e2ad42b6b1710b1189c37ebcdb2c,84258 1 84770 3 85282 3 85795 2
1747f62148a919c8feb6d607faeebdf504b5e2ad42b6b1710b1189c37ebcdb2c,76069 2 76581 2 77092 4 77604 4 78117 2
1747f62148a919c8feb6d607faeebdf504b5e2ad42b6b1710b1189c37ebcdb2c,83237 1 83749 2
1747f62148a919c8feb6d607faeebdf504b5e2ad42b6b1710b1189c37ebcdb2c,60215 6 60727 8 61237 10 61745 13 62257 13 62769 12 63282 4 63290 2 63794 4 64306 5 64312 6 64816 14 65325 6 65334 8 65835 19 66343 2 66346 21 66855 24 66887 2 67368 23 67398 3 67881 22 67908 5 68394 23 68418 8 68906 32 69418 13 69433 13 69447 4 69930 13 69946 11 69960 3 70443 12 70458 11 70955 13 70970 12 71469 25 71500 3 71981 28 72011 4 72493 35 73005 35 73516 37 74028 37 74537 40 75049 40 75560 36 75599 1 76072 36 76585 34 77098 33 77611 32 78124 28 78636 27 79154 21 79669 4 79675 12 80181 4 80187 12 80695 17 81209 15 81721 2 81725 13 82237 14 82749 14 83261 15 83774 16 84286 19 84798 19 85309 19 85821 13 85839 1 86333 12 86845 11 87358 10 87872 8 88384 9 88395 1 88896 12 89407 2 89412 3 89419 1
1747f62148a919c8feb6d607faeebdf504b5e2ad42b6b1710b1189c37ebcdb2c,87343 12 87854 13 88366 13 88878 12 89388 13 89900 14 90413 14 90926 14 91439 13 91952 13 92465 15 92977 7 92990 2 93490 1 93503 1
1747f62148a919c8feb6d607faeebdf504b5e2ad42b6b1710b1189c37ebcdb2c,84278 3 84789 4 85300 3
1747f62148a919c8feb6d607faeebdf504b5e2ad42b6b1710b1189c37ebcdb2c,57148 3 57660 2 58172 2 58684 1 59196 1
1747f62148a919c8feb6d607faeebdf504b5e2ad42b6b1710b1189c37ebcdb2c,55109 2 55621 3 56132 4 56643 5 57155 6 57667 6 58180 6 58692 7 59203 8 59712 11 60224 7 60736 2
1747f62148a919c8feb6d607faeebdf504b5e2ad42b6b1710b1189c37ebcdb2c,62279 3 62785 2 62790 4 63298 1 63301 5 63810 1 63813 2 64322 4 64835 3 65348 1
1747f62148a919c8feb6d607faeebdf504b5e2ad42b6b1710b1189c37ebcdb2c,91460 1 91971 1
1747f62148a919c8feb6d607faeebdf504b5e2ad42b6b1710b1189c37ebcdb2c,64329 1 64839 3 65352 1
1747f62148a919c8feb6d607faeebdf504b5e2ad42b6b1710b1189c37ebcdb2c,65867 1 66379 2 66891 2
1747f62148a919c8feb6d607faeebdf504b5e2ad42b6b1710b1189c37ebcdb2c,68429 2 68941 2 69453 1
1747f62148a919c8feb6d607faeebdf504b5e2ad42b6b1710b1189c37ebcdb2c,253799 2 254311 3 254822 5 254831 1 255334 11 255846 13 256358 15 256870 17 257382 17 257891 22 258403 23 258915 25 259427 26 259938 28 260449 30 260961 31 261472 33 261984 33 262496 34 263008 34 263520 35 264032 35 264544 35 265056 35 265568 35 266080 35 266592 35 267104 35 267616 35 268128 34 268640 34 269152 33 269664 33 270177 31 270690 30 271202 29 271714 29 272227 28 272740 26 273252 26 273765 24 274277 23 274790 21 275304 18 275818 10 276331 7 276848 1
1747f62148a919c8feb6d607faeebdf504b5e2ad42b6b1710b1189c37ebcdb2c,94609 3 95120 4 95631 4 96143 4 96655 4 97167 4 97675 2 97678 5 98187 8 98699 7 99212 10 99229 2 99724 11 99739 4 100236 11 100250 5 100748 10 100762 5 101260 9 101272 6 101279 1 101772 3 101776 17 102284 2 102288 17 102801 16 103313 7 103321 8 103822 9 103834 7 104334 9 104347 6 104846 2 104849 7 104859 5 105358 10 105371 4 105870 11 105882 6 106382 8 106391 9 106894 6 106903 9 107406 5 107414 10 107918 14 107933 2 108430 13 108943 12 109455 12 109966 14 110478 14 110992 5 110999 2 111003 3 111507 1
1747f62148a919c8feb6d607faeebdf504b5e2ad42b6b1710b1189c37ebcdb2c,180163 6 180668 1 180673 10 181179 20 181690 24 182201 27 182712 29 183223 32 183735 33 184246 34 184757 36 185269 37 185781 39 186293 41 186804 42 187315 42 187827 42 188339 42 188852 42 189364 43 189876 43 190388 43 190899 44 191411 43 191924 42 192437 41 192949 42 193461 42 193973 42 194485 42 195000 39 195513 37 196001 5 196025 35 196512 11 196527 1 196537 34 197022 20 197045 36 197533 59 198044 60 198556 55 198614 1 199067 52 199121 1 199579 45 199628 2 199633 2 200092 44 200604 44 201116 45 201628 45 202141 44 202653 44 203165 45 203674 50 204184 53 204695 54 205207 54 205719 55 206232 55 206742 58 207253 60 207763 62 208274 65 208786 66 209299 1 209302 62 209815 60 210327 61 210838 62 211350 62 211863 62 212376 61 212888 61 213400 62 213912 62 214424 62 214939 60 215452 59 215965 58 216479 56 216993 54 217506 53 218019 52 218533 50 219046 48 219559 46 220072 45 220586 44 221098 43 221614 39 222127 37 222639 36 223152 32 223669 27 224184 23 224699 3 224711 3
1747f62148a919c8feb6d607faeebdf504b5e2ad42b6b1710b1189c37ebcdb2c,204691 2
1747f62148a919c8feb6d607faeebdf504b5e2ad42b6b1710b1189c37ebcdb2c,199575 2 200087 2 200599 2
1747f62148a919c8feb6d607faeebdf504b5e2ad42b6b1710b1189c37ebcdb2c,99233 1 99745 2 100257 2 100769 1
1747f62148a919c8feb6d607faeebdf504b5e2ad42b6b1710b1189c37ebcdb2c,98726 1
1747f62148a919c8feb6d607faeebdf504b5e2ad42b6b1710b1189c37ebcdb2c,146353 2 146358 1 146864 16 147374 21 147885 23 148395 26 148906 29 149417 31 149929 33 150441 34 150952 35 151464 36 151976 37 152487 39 152998 40 153510 40 154022 40 154535 39 155047 40 155559 40 156070 41 156582 41 157094 40 157606 40 158119 39 158632 38 159144 38 159656 37 160168 37 160681 36 161193 36 161705 36 162218 34 162732 32 163244 31 163757 30 164270 27 164783 25 165296 23 165812 18 166325 17 166837 3 166842 11 167350 1 167354 7 167867 2
1747f62148a919c8feb6d607faeebdf504b5e2ad42b6b1710b1189c37ebcdb2c,101800 1
1747f62148a919c8feb6d607faeebdf504b5e2ad42b6b1710b1189c37ebcdb2c,190460 2 190972 4 191484 5 191993 1 191995 6 192504 9 193016 9 193528 9 194040 9 194552 9 195064 9 195577 8 196089 8 196601 8 197114 7 197627 6 198139 6 198653 4 199165 4 199677 4 200190 3 200703 2
17b9bf4356db24967c4677b8376ac38f826de73a88b93a8d73a8b452e399cdff,1 267 270 44 513 267 782 44 1025 268 1294 44 1537 247 1786 64 2049 248 2298 63 2561 258 2822 51 3073 257 3335 50 3585 257 3847 49 4097 258 4359 49 4609 258 4871 48 5121 310 5633 309 6145 309 6657 309 7169 309 7681 308 8193 308 8705 308 9217 308 9729 308 10241 307 10753 283 11039 21 11265 273 11552 20 11777 271 12064 19 12289 269 12576 19 12801 269 13087 19 13313 269 13599 18 13825 271 14111 17 14337 274 14612 5 14623 17 14849 284 15136 15 15361 286 15651 12 15873 286 16165 10 16385 287 16677 10 16897 288 17190 9 17409 289 17701 11 17921 303 18433 304 18945 305 19457 306 19969 306 20481 306 20993 305 21505 305 22017 304 22529 304 23041 305 23553 305 24065 306 24577 306 25089 307 25601 308 26113 309 26625 309 27137 309 27649 309 28161 310 28673 310 29185 310 29697 311 30209 314 30721 315 31233 315 31745 315 32257 315 32769 310 33080 4 33281 314 33793 314 34305 314 34817 313 35329 313 35841 312 36353 310 36865 309 37377 308 37889 308 38401 307 38913 307 39425 307 39937 306 40449 306 40961 305 41473 304 41985 302 42497 301 43009 300 43521 299 44033 299 44545 298 45057 297 45569 296 46081 296 46593 295 47105 295 47617 294 48129 293 48641 292 49153 291 49665 291 50177 290 50689 290 51201 289 51713 289 52225 288 52737 288 53249 288 53761 288 54273 287 54785 287 55297 287 55809 240 56052 23 56076 19 56321 238 56564 23 56588 19 56833 238 57077 32 57114 4 57345 241 57590 29 57627 2 57857 244 58102 27 58138 3 58369 247 58618 22 58650 2 58881 247 59132 20 59162 2 59393 248 59646 17 59673 2 59905 248 60159 16 60184 2 60417 198 60620 46 60671 15 60694 4 60929 195 61133 46 61182 15 61205 4 61441 195 61645 37 61683 26 61716 5 61953 195 62156 26 62185 9 62195 27 62228 5 62465 195 62668 24 62697 37 62739 6 62977 196 63179 9 63189 15 63208 38 63251 6 63489 197 63691 7 63701 57 63762 7 64001 198 64203 6 64213 57 64274 6 64513 199 64715 6 64726 13 64741 41 64785 7 65025 200 65228 5 65238 12 65253 42 65297 6 65537 201 65741 4 65755 7 65765 42 65808 7 66049 201 66253 3 66268 6 66277 49 66561 206 66783 5 66790 48 67073 206 67296 5 67303 46 67585 207 67808 5 67815 46 68097 208 68314 1 68321 4 68327 45 68609 209 68824 4 68834 50 69121 210 69336 4 69347 49 69633 210 69847 5 69860 47 70145 211 70358 6 70372 9 70382 37 70657 219 70884 7 70893 37 71169 218 71397 5 71406 36 71681 218 71910 4 71918 35 72193 218 72421 5 72431 33 72705 218 72932 5 72943 32 73217 218 73443 6 73456 30 73729 219 73949 12 73968 30 74241 202 74445 27 74480 29 74753 231 74993 28 75265 231 75505 27 75777 231 76018 26 76289 231 76531 24 76801 228 77044 22 77313 226 77548 5 77556 22 77825 228 78059 6 78069 20 78337 231 78570 8 78580 20 78849 263 79361 262 79873 262 80385 261 80897 260 81409 260 81921 259 82433 258 82945 257 83457 256 83969 255 84481 253 84993 251 85505 249 86017 127 86145 119 86529 126 86659 116 87041 126 87172 114 87553 121 87675 5 87683 114 88065 121 88187 17 88206 102 88577 138 88719 98 89089 137 89231 95 89601 137 89743 4 89748 87 90113 135 90254 3 90261 85 90625 134 90765 5 90774 83 91137 82 91221 50 91277 5 91286 82 91649 75 91733 50 91788 7 91797 82 92161 75 92245 146 92673 75 92756 147 93185 74 93268 43 93313 101 93697 74 93780 14 93796 27 93828 98 94209 73 94287 2 94291 15 94308 27 94339 98 94721 74 94798 150 95233 226 95745 14 95760 126 95889 4 95896 75 96257 13 96274 124 96401 3 96409 73 96769 13 96789 122 96913 3 96922 71 97281 19 97302 127 97434 70 97793 20 97814 63 97879 52 97932 9 97946 70 98305 82 98391 51 98446 10 98458 69 98817 81 98903 4 98910 43 98958 10 98971 67 99329 80 99415 3 99424 1 99428 36 99471 9 99484 65 99841 80 99927 3 99942 34 99983 4 99990 2 99997 63 100353 80 100439 2 100454 35 100495 4 100502 3 100511 60 100865 80 100951 2 100959 3 100965 36 101007 4 101014 3 101024 58 101377 81 101461 4 101468 46 101518 5 101525 5 101536 57 101889 81 101971 56 102030 74 102401 124 102527 87 102913 88 103002 35 103039 85 103425 87 103514 57 103575 58 103937 87 104026 57 104087 57 104449 16 104469 78 104548 46 104600 55 104961 18 104982 75 105063 44 105112 54 105473 19 105495 68 105565 3 105576 43 105625 52 105985 81 106067 8 106088 28 106119 12 106137 51 106497 80 106580 6 106599 29 106631 12 106648 51 107009 81 107093 5 107111 29 107144 12 107159 51 107521 81 107606 6 107622 30 107656 23 107682 39 108035 81 108117 8 108133 31 108169 22 108194 38 108548 89 108643 34 108681 22 108706 37 109062 88 109154 35 109194 22 109217 36 109576 87 109665 37 109706 57 110090 96 110189 27 110219 54 110603 94 110702 82 111116 93 111215 80 111628 86 111715 4 111730 76 112143 82 112243 73 112658 79 112746 2 112755 71 113171 78 113257 3 113267 70 113683 78 113765 8 113778 70 114196 78 114275 11 114289 71 114709 89 114803 68 115222 88 115316 5 115323 59 115735 87 115828 5 115835 58 116248 76 116329 7 116339 6 116347 57 116760 75 116842 73 117273 74 117354 19 117376 49 117785 74 117866 19 117889 44 118298 73 118377 8 118388 6 118401 39 118811 72 118889 8 118901 3 118912 38 119326 69 119401 8 119411 4 119420 40 119839 69 119913 13 119931 40 120352 68 120424 14 120443 4 120449 32 120864 68 120936 14 120962 29 121377 68 121448 14 121474 27 121889 69 121959 4 121966 9 121987 24 122401 74 122479 8 122499 22 122913 73 122992 8 123012 19 123428 70 123505 7 123524 17 123941 57 124002 9 124018 6 124036 16 124454 56 124514 10 124530 5 124547 16 124966 56 125027 8 125042 5 125059 16 125478 56 125539 8 125556 3 125571 16 125990 56 126050 8 126069 3 126075 4 126083 15 126502 56 126562 8 126581 12 126594 16 127014 57 127074 8 127093 28 127526 58 127586 8 127604 27 128042 56 128100 6 128115 26 128555 55 128615 3 128626 26 129068 55 129127 3 129138 26 129579 57 129638 4 129650 25 130091 63 130162 25 130603 63 130673 26 131116 62 131184 27 131628 63 131695 28 132140 29 132176 18 132197 6 132206 29 132652 29 132689 17 132710 5 132717 29 133164 29 133202 17 133223 35 133677 28 133715 17 133736 33 134190 27 134227 18 134248 33 134703 25 134740 18 134760 31 135216 18 135252 50 135728 17 135764 49 136240 16 136276 49 136752 16 136788 48 137264 15 137302 45 137776 14 137805 2 137815 44 138288 6 138295 6 138317 2 138327 43 138800 5 138808 5 138829 2 138840 41 139312 4 139320 5 139342 1 139352 40 139824 3 139833 4 139854 2 139865 39 140345 4 140366 3 140377 38 140858 3 140878 5 140890 36 141371 2 141391 5 141401 36 141906 42 142420 39 142932 38 143446 34 143957 34 144469 33 144980 33 145491 33 146001 34 146511 30 147022 30 147534 29 148046 28 148559 26 149071 25 149578 29 150090 28 150593 3 150601 28 151104 4 151112 28 151616 29 152127 29 152639 28 153151 27 153663 26 154175 25 154687 24 155200 21 155713 18 156227 14 156740 10
17b9bf4356db24967c4677b8376ac38f826de73a88b93a8d73a8b452e399cdff,135169 2 135681 3 136193 3 136705 2
17b9bf4356db24967c4677b8376ac38f826de73a88b93a8d73a8b452e399cdff,140289 5 140299 6 140801 18 140829 4 141313 18 141340 7 141825 19 141849 12 142337 19 142360 14 142849 20 142871 16 142899 3 143361 20 143383 16 143411 3 143873 38 143922 4 144385 38 144433 5 144897 45 144944 6 145409 53 145921 52 146433 49 146945 47 147457 39 147498 7 147969 37 148010 8 148481 34 148522 8 148993 33 149034 9 149505 33 149545 10 150017 33 150057 11 150529 33 150567 13 151041 34 151079 13 151553 34 151590 15 152065 34 152102 16 152577 6 152585 26 152615 16 153089 6 153101 22 153127 19 153601 6 153615 20 153639 20 154113 7 154129 18 154151 20 154625 7 154644 13 154664 20 155137 7 155153 1 155156 11 155176 20 155649 8 155662 16 155688 20 156163 7 156171 19 156200 21 156675 26 156713 21 157188 17 157208 5 157225 21 157700 16 157720 5 157737 21 158213 15 158233 4 158249 21 158724 16 158746 3 158762 20 159233 6 159240 12 159278 16 159745 19 159791 15 160257 20 160303 15 160769 21 160815 14 161281 22 161326 15 161793 15 161811 5 161837 15 162305 16 162323 6 162344 20 162817 25 162851 2 162855 20 163329 27 163363 24 163841 29 163874 24 164353 56 164865 35 164902 19 165377 23 165401 11 165414 19 165891 20 165912 33 166402 55 166913 48 166963 6 167425 47 167475 5 167937 47 167987 5 168449 47 168498 5 168961 54 169473 53 169985 51 170497 50 171009 50 171521 50 172033 50 172545 50 173057 50 173569 49 174081 6 174090 40 174593 5 174602 40 175105 4 175113 9 175126 4 175134 20 175619 1 175624 7 175640 2 175647 19 176136 6 176153 1 176160 18 176648 5 176665 1 176673 17 177161 4 177185 16 177675 1 177698 15 178209 16 178721 16 179232 16 179742 18 180252 20 180764 19 181277 18 181792 15 182299 2 182305 14 182809 22 183320 23 183832 23 184344 23 184858 21 185371 20 185883 19 186395 19 186906 19 187416 20 187917 2 187927 20 188429 3 188436 22 188941 3 188947 23 189454 27 189968 24 190480 23 190991 23 191502 23 192012 14 192027 9 192524 11 192540 7 193036 9 193053 5 193537 8 193548 7 193565 4 194049 9 194060 7 194077 4 194561 17 194588 4 195073 16 195099 5 195585 14 195611 4 196097 13 196123 4 196609 12 196636 2 197121 12 197633 12 198145 13 198657 13 199169 23 199193 3 199681 27 200193 27 200705 10 200717 10 200729 2 201217 10 201230 8 201729 10 201743 6 202241 5 202248 3 202255 3 202753 5 202761 2 202768 1 203265 5 203777 5 204289 4 204801 3 205313 2 205825 1 206337 2 206849 2 207361 2 207873 3 208385 3 208897 3 209409 2 209921 2 210433 3 210945 4 211457 5 211969 5 212481 5 212993 5 213505 6 214017 6 214529 6 215041 5 215553 3
17b9bf4356db24967c4677b8376ac38f826de73a88b93a8d73a8b452e399cdff,219652 1 220161 5 220673 5 221185 5 221699 3
17b9bf4356db24967c4677b8376ac38f826de73a88b93a8d73a8b452e399cdff,225793 1 226305 2 226817 2
17b9bf4356db24967c4677b8376ac38f826de73a88b93a8d73a8b452e399cdff,228868 3 229377 6 229889 5 230401 4
17b9bf4356db24967c4677b8376ac38f826de73a88b93a8d73a8b452e399cdff,231940 9 232453 8 232966 7 233480 5 233985 3 233993 4 234497 4 234506 3 235009 4 235018 3 235521 4 235530 2 236033 5 236041 3 236545 10 237057 9 237569 8 238081 6 238593 5 239105 4 239617 3 240130 3 240643 3 241155 3 241668 1
17b9bf4356db24967c4677b8376ac38f826de73a88b93a8d73a8b452e399cdff,178713 2 179225 2
17b9bf4356db24967c4677b8376ac38f826de73a88b93a8d73a8b452e399cdff,159266 2 159777 4 160289 5 160802 5 161315 3 161828 1
17b9bf4356db24967c4677b8376ac38f826de73a88b93a8d73a8b452e399cdff,143421 4 143931 7 144443 6 144954 7 145466 7 145978 8 146491 7 147005 6
17b9bf4356db24967c4677b8376ac38f826de73a88b93a8d73a8b452e399cdff,141386 2
17b9bf4356db24967c4677b8376ac38f826de73a88b93a8d73a8b452e399cdff,129179 4 129690 6 130202 7 130714 7 131226 7 131738 7 132251 6 132765 3
17b9bf4356db24967c4677b8376ac38f826de73a88b93a8d73a8b452e399cdff,131583 2 132094 3 132604 5 133115 6 133626 7 134137 8 134649 8 135160 9 135671 10 136182 11 136692 13 137203 14 137715 14 138225 16 138736 17 139247 18 139758 19 140270 19 140781 20 141293 20 141804 21 142316 21 142828 21 143340 21 143852 21 144363 22 144875 22 145387 22 145899 22 146411 22 146923 22 147434 23 147943 26 148452 29 148963 30 149472 33 149983 34 150493 36 151005 36 151516 37 152027 38 152537 40 153048 41 153559 42 154070 43 154581 44 155092 45 155603 46 156114 47 156625 48 157136 49 157648 49 158160 49 158673 48 159186 47 159699 46 160211 46 160722 47 161229 2 161232 49 161738 55 162249 56 162759 58 163269 60 163779 62 164290 63 164800 65 165311 66 165822 67 166333 68 166844 69 167355 70 167866 71 168377 72 168888 73 169400 73 169911 74 170422 75 170934 75 171445 76 171956 77 172467 78 172978 79 173489 80 174001 80 174512 81 175024 81 175535 82 176046 83 176558 83 177069 84 177580 85 178091 86 178602 87 179113 88 179624 89 180135 90 180646 91 181157 92 181669 92 182180 93 182692 93 183203 94 183715 94 184226 95 184737 96 185248 97 185760 97 186272 97 186784 97 187296 97 187808 97 188320 97 188831 98 189343 98 189854 99 190366 99 190878 99 191390 99 191903 98 192415 98 192928 97 193440 97 193952 97 194464 97 194976 97 195488 97 195999 98 196501 108 197011 110 197522 111 198033 112 198544 113 199056 113 199568 113 200080 113 200592 113 201103 114 201614 115 202124 117 202634 119 203146 119 203657 120 204166 123 204675 126 205186 127 205698 127 206210 127 206722 127 207233 128 207745 128 208258 127 208771 126 209284 125 209796 125 210308 125 210820 125 211333 124 211846 123 212357 124 212869 124 213379 126 213890 127 214402 127 214913 128 215425 128 215937 128 216448 129 216960 129 217470 131 217981 132 218493 132 219005 132 219516 133 220028 133 220539 134 221050 135 221562 135 222073 136 222585 136 223097 136 223609 136 224121 136 224633 136 225145 136 225657 136 226169 136 226681 136 227193 136 227705 136 228216 137 228728 137 229240 137 229752 137 230264 137 230776 137 231287 138 231799 138 232311 138 232823 138 233335 138 233847 138 234359 138 234871 138 235382 139 235894 139 236406 139 236918 139 237430 139 237942 139 238455 138 238967 138 239479 138 239991 138 240503 138 241016 137 241528 137 242040 137 242552 137 243064 137 243577 136 244089 136 244601 136 245114 135 245626 135 246138 135 246651 134 247163 134 247675 134 248187 134 248699 134 249212 133 249724 133 250236 133 250749 19 250769 112 251261 132 251773 132 252285 132 252797 132 253308 133 253819 134 254330 135 254841 136 255351 138 255862 139 256372 141 256882 143 257393 144 257905 144 258416 145 258928 145 259439 146 259951 146 260462 147 260973 148 261484 149 261996 149 262508 149 263020 149 263532 149 264044 149 264555 150 265067 150 265579 150 266090 151 266602 151 267112 153 267624 153 268135 154 268647 154 269158 155 269670 155 270182 155 270694 155 271206 155 271717 156 272229 156 272741 156 273253 156 273765 156 274276 157 274788 157 275299 158 275811 158 276323 158 276835 158 277347 158 277859 158 278371 158 278883 158 279395 158 279907 158 280419 158 280932 157 281444 157 281956 157 282468 157 282979 158 283491 158 284002 159 284514 159 285026 159 285538 159 286050 159 286561 160 287073 160 287585 160 288098 159 288610 159 289123 158 289635 158 290148 157 290660 157 291171 158 291683 158 292195 158 292707 158 293219 158 293731 4 293740 149 294244 3 294254 7 294263 138 294747 2 294757 2 294767 5 294775 138 295258 4 295269 2 295281 144 295770 5 295781 3 295794 143 296282 5 296293 3 296305 144 296794 6 296805 3 296816 145 297307 5 297317 3 297327 146 297820 11 297832 2 297838 147 298333 164 298845 164 299356 165 299868 165 300379 166 300890 167 301401 168 301913 168 302425 168 302935 170 303447 170 303958 171 304470 171 304982 171 305494 171 306006 171 306518 171 307029 172 307541 172 308053 172 308565 172 309077 172 309589 172 310102 171 310614 171 311126 171 311639 170 312152 169 312665 168 313177 20 313199 146 313689 20 313711 146 314201 168 314713 168 315225 168 315737 168 316250 167 316762 167 317274 167 317787 166 318299 166 318812 165 319325 164 319837 164 320349 164 320862 163 321375 162 321888 161 322402 159 322915 158 323428 157 323941 156 324454 155 324968 153 325481 152 325994 151 326490 5 326498 1 326508 149 326995 18 327023 146 327506 20 327537 144 328016 25 328052 141 328526 29 328569 136 329036 32 329083 134 329546 35 329595 134 330057 37 330108 133 330569 38 330621 132 331079 41 331134 131 331590 44 331646 131 332101 52 332157 132 332612 189 333123 190 333635 190 334146 191 334658 191 335169 192 335680 193 336191 194 336702 195 337214 195 337725 196 338236 197 338747 198 339259 198 339770 199 340282 199 340793 200 341304 201 341816 201 342327 202 342839 202 343350 203 343862 203 344374 203 344886 203 345398 203 345910 203 346422 203 346934 203 347446 203 347958 203
17b9bf4356db24967c4677b8376ac38f826de73a88b93a8d73a8b452e399cdff,12123 1 12635 3 13147 4 13660 4 14172 6 14685 8 15197 9 15709 9 16222 9 16734 9 17247 8 17760 8 18273 8 18786 9 19299 9 19812 17 20325 17 20838 16 21352 14 21870 8 22384 5
1879f4f4f05e2bada0ffeb46c128b8df7a79b14c84f38c3e216a69653495153b,38096 4 38605 8 39117 8 39629 14 39647 1 40140 15 40158 3 40650 16 40670 3 41162 16 41181 3 41674 15 41693 1 42185 16 42205 1 42695 17 42716 2 43205 18 43226 5 43716 29 44228 29 44741 28 45252 29 45764 30 46275 32 46787 18 46806 4 46813 5 47297 19 47321 1 47327 3 47810 18 47840 1 48322 13 48835 11 49347 11 49860 11 50372 12 50387 2 50883 14 50899 4 51396 14 51411 4 51907 20 52419 6 52433 5 52945 4 53457 3 53971 1
1879f4f4f05e2bada0ffeb46c128b8df7a79b14c84f38c3e216a69653495153b,28427 2 28932 5 28938 3 28944 4 29436 5 29443 10 29455 5 29946 26 30450 1 30456 29 30495 1 30961 4 30967 32 31001 3 31007 3 31458 4 31473 38 31513 3 31519 4 31969 10 31985 44 32030 7 32481 12 32497 32 32531 19 32999 7 33009 32 33043 20 33494 3 33510 8 33522 31 33554 23 33579 2 34006 4 34021 10 34034 2 34038 55 34518 3 34528 3 34532 15 34550 55 35029 3 35040 83 35541 3 35551 19 35571 65 36053 11 36069 12 36083 30 36114 34 36565 10 36581 12 36596 25 36623 2 36626 35 37077 6 37093 3 37097 8 37108 25 37135 39 37590 3 37605 3 37610 6 37620 16 37639 48 38117 4 38123 3 38131 16 38152 47 38630 3 38643 16 38664 47 39156 69 39669 69 40182 72 40694 20 40716 14 40732 35 41206 16 41228 14 41244 38 41719 15 41740 40 41782 13 42236 11 42250 41 42295 13 42748 11 42762 9 42774 29 42806 13 43259 12 43273 9 43289 42 43770 13 43785 4 43791 3 43801 38 43841 1 44281 14 44297 4 44303 3 44313 38 44357 2 44788 2 44793 10 44805 1 44810 4 44815 3 44823 6 44830 30 44861 2 44869 2 45299 3 45306 9 45317 1 45322 8 45335 6 45343 28 45373 2 45380 4 45809 4 45818 8 45836 6 45847 5 45855 11 45867 17 45885 2 45890 5 46321 17 46348 4 46359 5 46367 11 46380 26 46832 17 46861 2 46872 4 46880 10 46891 26 46919 2 47344 13 47384 4 47392 42 47856 11 47897 1 47904 42 48368 10 48412 2 48418 39 48882 7 48924 2 48931 38 49395 5 49437 1 49442 39 49908 7 49949 1 49953 41 50413 2 50420 7 50440 1 50458 3 50464 40 50923 3 50932 7 50951 2 50969 4 50975 40 51435 4 51443 7 51459 8 51481 46 51947 5 51953 8 51965 1 51969 10 51994 1 51997 5 52005 3 52009 30 52460 14 52477 12 52511 2 52517 2 52522 29 52972 15 52989 9 52999 2 53015 3 53029 1 53035 28 53479 4 53486 27 53522 3 53526 4 53541 1 53550 24 53961 3 53990 5 53999 26 54031 12 54058 2 54063 22 54465 4 54473 3 54478 2 54503 6 54512 26 54541 6 54548 8 54569 28 54978 3 54986 7 55016 6 55024 27 55053 14 55068 1 55081 27 55491 2 55499 8 55529 6 55537 5 55545 1 55550 6 55557 6 55568 9 55594 25 56003 3 56011 9 56041 6 56050 4 56056 2 56062 27 56105 26 56515 18 56557 14 56574 30 56614 29 57026 6 57033 12 57069 14 57085 31 57125 29 57537 6 57546 14 57569 3 57580 16 57597 32 57633 1 57637 29 58049 6 58057 16 58080 5 58089 19 58109 26 58139 2 58143 34 58561 36 58601 19 58622 25 58655 33 59073 36 59112 20 59134 26 59166 34 59586 36 59623 22 59646 26 59675 38 60098 86 60187 38 60609 34 60648 48 60699 38 61121 33 61160 41 61202 6 61211 37 61633 33 61672 40 61714 5 61721 37 62146 29 62183 41 62225 6 62232 37 62658 28 62694 42 62737 44 63171 28 63205 87 63683 29 63717 87 64196 28 64230 85 64708 28 64739 2 64743 83 65221 27 65249 4 65255 83 65733 33 65767 82 66246 112 66360 1 66759 111 67272 110 67786 108 68298 109 68810 110 68923 2 69322 111 69434 4 69835 116 70347 117 70858 118 71370 116 71882 116 72396 114 72909 112 73421 111 73933 111 74445 110 74957 109 75471 107 75983 21 76005 85 76495 20 76517 85 77008 18 77029 83 77522 15 77541 48 77591 33 78035 12 78051 4 78058 43 78103 31 78547 12 78563 4 78570 44 78615 30 79059 14 79075 3 79082 39 79123 3 79127 2 79130 27 79570 20 79593 25 79621 2 79625 8 79639 2 79643 26 80082 21 80105 24 80137 10 80150 3 80155 12 80171 9 80594 20 80616 25 80649 10 80662 4 80667 8 80677 2 80684 7 81107 13 81128 17 81150 3 81162 15 81182 5 81189 3 81197 6 81621 11 81640 14 81663 2 81675 13 81694 5 81702 1 81709 6 82135 13 82151 16 82183 20 82205 5 82217 2 82222 5 82648 12 82663 16 82695 20 82717 4 82729 2 82734 6 83161 10 83176 14 83207 20 83229 4 83235 4 83241 12 83674 7 83688 14 83719 20 83741 4 83746 19 84186 5 84199 14 84227 25 84253 22 84695 8 84711 14 84739 47 85207 8 85223 14 85250 48 85719 4 85725 2 85734 15 85757 33 85792 17 86236 2 86246 5 86252 10 86268 7 86276 26 86305 16 86765 6 86773 1 86779 8 86788 26 86818 14 87277 6 87290 4 87296 3 87300 27 87331 12 87789 8 87800 5 87812 26 87843 11 88300 20 88324 25 88355 10 88812 20 88836 25 88866 11 89324 18 89347 35 89384 5 89837 1 89839 14 89858 24 89884 10 89895 4 90347 2 90351 4 90358 6 90369 10 90381 14 90396 15 90863 28 90893 14 90908 14 91377 41 91419 15 91889 23 91916 28 92402 10 92417 3 92430 26 92915 8 92943 24 93428 7 93437 3 93455 21 93941 5 93947 5 93967 11 93981 4 94452 5 94459 4 94473 2 94479 11 94493 4 94964 3 94971 3 94983 6 94990 7 94998 4 95005 4 95484 2 95495 7 95505 4 95511 3 95517 3 96006 7 96018 3 96023 2 96519 2
1879f4f4f05e2bada0ffeb46c128b8df7a79b14c84f38c3e216a69653495153b,52941 2 53453 1
1879f4f4f05e2bada0ffeb46c128b8df7a79b14c84f38c3e216a69653495153b,79054 1
1879f4f4f05e2bada0ffeb46c128b8df7a79b14c84f38c3e216a69653495153b,31963 4 32475 4 32989 2
1879f4f4f05e2bada0ffeb46c128b8df7a79b14c84f38c3e216a69653495153b,38107 2 38619 2
1879f4f4f05e2bada0ffeb46c128b8df7a79b14c84f38c3e216a69653495153b,57054 1
1879f4f4f05e2bada0ffeb46c128b8df7a79b14c84f38c3e216a69653495153b,37601 2 38113 2 38625 2
1879f4f4f05e2bada0ffeb46c128b8df7a79b14c84f38c3e216a69653495153b,41189 2 41701 1
1879f4f4f05e2bada0ffeb46c128b8df7a79b14c84f38c3e216a69653495153b,57574 1
1879f4f4f05e2bada0ffeb46c128b8df7a79b14c84f38c3e216a69653495153b,28904 2
1879f4f4f05e2bada0ffeb46c128b8df7a79b14c84f38c3e216a69653495153b,47338 1
1879f4f4f05e2bada0ffeb46c128b8df7a79b14c84f38c3e216a69653495153b,84728 2
1879f4f4f05e2bada0ffeb46c128b8df7a79b14c84f38c3e216a69653495153b,50432 2 50944 2
1879f4f4f05e2bada0ffeb46c128b8df7a79b14c84f38c3e216a69653495153b,95488 2 96000 2 96513 1
1879f4f4f05e2bada0ffeb46c128b8df7a79b14c84f38c3e216a69653495153b,47371 1 47883 1
1879f4f4f05e2bada0ffeb46c128b8df7a79b14c84f38c3e216a69653495153b,46355 2 46866 3
1879f4f4f05e2bada0ffeb46c128b8df7a79b14c84f38c3e216a69653495153b,31005 1
1879f4f4f05e2bada0ffeb46c128b8df7a79b14c84f38c3e216a69653495153b,54048 1 54560 1
1879f4f4f05e2bada0ffeb46c128b8df7a79b14c84f38c3e216a69653495153b,79159 1 79671 1
1879f4f4f05e2bada0ffeb46c128b8df7a79b14c84f38c3e216a69653495153b,148818 1 149326 2 149329 6 149834 18 150346 22 150854 1 150857 24 151365 29 151395 6 151427 2 151876 67 152387 72 152899 76 153411 77 153922 80 154434 81 154941 2 154945 82 155453 87 155967 86 156479 87 156990 89 157501 91 158012 93 158524 94 159036 95 159548 95 160060 95 160571 97 161084 98 161596 98 162108 98 162620 98 163132 98 163644 99 164156 99 164668 98 165180 98 165692 98 166204 98 166716 99 167227 101 167739 101 168251 102 168762 105 169274 106 169786 106 170297 107 170809 107 171321 107 171832 108 172343 109 172855 109 173368 108 173880 109 174392 108 174904 108 175416 108 175929 106 176441 106 176953 106 177464 107 177976 107 178085 1 178488 110 179000 107 179108 2 179512 107 180024 106 180537 106 181050 105 181560 107 182072 107 182584 106 183096 106 183607 107 184119 107 184631 107 185143 107 185656 106 186168 106 186682 104 187195 103 187707 103 188220 101 188733 100 189246 99 189759 97 190271 97 190783 96 191295 96 191807 96 192319 96 192831 95 193344 94 193856 94 194368 93 194880 93 195392 92 195905 90 196418 89 196931 88 197443 88 197956 86 198473 81 198986 79 199499 77 200011 76 200523 76 201039 72 201552 71 202066 69 202579 68 203092 67 203606 63 204119 61 204631 58 205143 57 205659 52 206171 51 206683 50 207196 40 207240 5 207708 39 208221 34 208734 29 208765 1 209247 18 209267 7 209762 5 209770 7 209780 3 210275 3 210282 6
1879f4f4f05e2bada0ffeb46c128b8df7a79b14c84f38c3e216a69653495153b,70465 1
1879f4f4f05e2bada0ffeb46c128b8df7a79b14c84f38c3e216a69653495153b,58691 1 59203 1 59714 1 60226 2
1879f4f4f05e2bada0ffeb46c128b8df7a79b14c84f38c3e216a69653495153b,43336 1 43848 2
1879f4f4f05e2bada0ffeb46c128b8df7a79b14c84f38c3e216a69653495153b,88984 2 89491 2 89495 3 90003 8 90515 9 91019 19 91530 21 92041 23 92552 25 93061 29 93572 32 94082 35 94593 36 95105 36 95617 37 96128 39 96640 39 97152 40 97663 41 98174 42 98685 43 99197 14 99213 27 99709 14 99725 27 100221 14 100237 28 100732 16 100750 28 101244 46 101754 49 102265 50 102776 52 103288 52 103800 51 104311 52 104823 52 105337 50 105849 50 106361 50 106872 52 107383 53 107895 53 108406 54 108914 58 109425 59 109936 60 110448 60 110960 60 111472 59 111983 59 112495 59 113008 58 113520 58 114032 58 114544 57 115056 57 115568 57 116080 56 116592 56 117104 56 117617 54 118130 53 118642 53 119154 54 119666 54 120178 54 120691 52 121206 49 121719 48 122231 48 122742 49 123253 51 123766 50 124280 47 124792 47 125306 45 125818 45 126331 44 126843 43 127356 42 127869 41 128381 39 128894 38 129407 35 129919 34 130432 32 130947 26 131460 23 131973 21 132486 15 133001 2 133004 3
1879f4f4f05e2bada0ffeb46c128b8df7a79b14c84f38c3e216a69653495153b,54642 1
1879f4f4f05e2bada0ffeb46c128b8df7a79b14c84f38c3e216a69653495153b,45947 1 45949 5 45958 9 46456 12 46469 11 46968 25 47480 26 47991 29 48503 29 49014 30 49525 32 50037 32 50549 34 51059 37 51571 35 52083 34 52595 23 52619 10 53107 22 53131 10 53145 2 53620 16 53638 4 53643 18 54133 40 54645 39 55157 18 55176 18 55670 16 55689 19 56179 1 56182 15 56200 22 56690 46 57202 49 57715 2 57718 45 58230 45 58743 44 59255 44 59769 42 60281 42 60793 41 61305 40 61820 37 62332 3 62336 33 62843 3 62849 32 63355 2 63361 2 63366 25 63879 6 63888 11 64400 9 64912 6 65424 1
1879f4f4f05e2bada0ffeb46c128b8df7a79b14c84f38c3e216a69653495153b,58740 1 59251 2
1879f4f4f05e2bada0ffeb46c128b8df7a79b14c84f38c3e216a69653495153b,54689 1 55201 1
191b2b2205f2f5cc9da04702c5d422bc249faf8bca1107af792da63cccfba829,37151 1 37404 7 37659 9 37914 11 38169 12 38425 13 38680 14 38936 14 39192 14 39448 14 39704 14 39960 14 40216 14 40472 14 40728 14 40985 13 41241 12 41498 11 41754 10 42011 8 42268 6
191b2b2205f2f5cc9da04702c5d422bc249faf8bca1107af792da63cccfba829,54863 7 55117 11 55372 13 55627 14 55882 16 56137 17 56392 18 56647 19 56903 19 57159 19 57414 20 57670 20 57926 19 58182 19 58438 18 58694 18 58950 17 59207 15 59463 14 59720 12 59978 8 60236 2
191b2b2205f2f5cc9da04702c5d422bc249faf8bca1107af792da63cccfba829,40275 6 40530 8 40786 9 41041 10 41296 12 41552 12 41808 12 42064 11 42320 11 42576 11 42832 10 43088 10 43344 9 43600 8 43857 6
191b2b2205f2f5cc9da04702c5d422bc249faf8bca1107af792da63cccfba829,21356 4 21611 6 21866 8 22122 8 22377 9 22633 9 22889 9 23145 9 23400 10 23656 10 23912 9 24168 9 24424 8 24680 8 24937 6 25193 5
191b2b2205f2f5cc9da04702c5d422bc249faf8bca1107af792da63cccfba829,49042 5 49296 8 49551 10 49806 12 50062 12 50317 13 50573 13 50829 13 51085 12 51341 12 51597 11 51854 9 52110 9 52366 8 52623 6 52881 3
191b2b2205f2f5cc9da04702c5d422bc249faf8bca1107af792da63cccfba829,13252 2 13506 6 13761 8 14016 10 14272 10 14527 12 14783 12 15039 12 15295 12 15551 12 15807 12 16063 12 16320 10 16576 10 16833 8 17090 6
191b2b2205f2f5cc9da04702c5d422bc249faf8bca1107af792da63cccfba829,44513 5 44767 8 45021 11 45275 14 45530 15 45785 16 46041 16 46296 17 46552 17 46807 18 47063 17 47319 17 47575 16 47831 16 48087 15 48344 13 48601 11 48858 8 49116 3
191b2b2205f2f5cc9da04702c5d422bc249faf8bca1107af792da63cccfba829,28916 2 29170 6 29425 8 29680 9 29935 11 30191 11 30447 11 30704 10 30959 11 31215 11 31471 11 31727 11 31984 10 32240 9 32497 7 32754 5 33012 1
191b2b2205f2f5cc9da04702c5d422bc249faf8bca1107af792da63cccfba829,65280 1 65535 2
1962d0c5faf3e85cda80e0578e0cb7aca50826d781620e5c1c4cc586bc69f81a,3 7 521 9 1039 11 1558 12 2077 13 2596 14 3115 14 3634 14 4153 14 4672 14 5192 13 5712 11 6232 10 6752 9 7274 4
1962d0c5faf3e85cda80e0578e0cb7aca50826d781620e5c1c4cc586bc69f81a,31674 5 32192 4 32197 2 32710 4 32717 4 33229 13 33747 15 34265 17 34784 18 35302 20 35821 20 36339 22 36856 25 37374 27 37892 28 38411 29 38929 31 39448 31 39966 34 40485 37 41003 41 41521 45 42040 46 42559 4 42564 42 43078 3 43087 39 43597 3 43609 36 44116 3 44130 35 44635 2 44651 33 45154 2 45170 34 45690 33 46213 29 46734 28 47257 4 47263 18 47783 18 48302 19 48822 19 49341 18 49861 17 50381 16 50902 14 51423 12 51943 11 52463 10 52983 9 53503 8 54023 7 54544 5 55064 3
1962d0c5faf3e85cda80e0578e0cb7aca50826d781620e5c1c4cc586bc69f81a,70068 3 70587 4 71104 6 71623 7 72142 6 72661 6 73180 6 73699 7 74218 7 74737 7 75257 4
1962d0c5faf3e85cda80e0578e0cb7aca50826d781620e5c1c4cc586bc69f81a,75785 5 76301 10 76819 13 77338 14 77856 16 78375 17 78893 18 79412 19 79931 20 80450 20 80969 20 81488 20 82007 20 82526 20 83045 20 83564 20
1962d0c5faf3e85cda80e0578e0cb7aca50826d781620e5c1c4cc586bc69f81a,57634 3 58150 8 58668 13 59186 17 59704 19 60223 21 60741 23 61260 24 61779 24 62298 24 62816 25 63335 25 63855 24 64374 24 64894 23 65414 21 65935 19 66456 17 66975 17 67494 16 68014 15 68533 14 69053 13 69572 12 70091 11 70611 9
1962d0c5faf3e85cda80e0578e0cb7aca50826d781620e5c1c4cc586bc69f81a,24 10 543 10 1062 9 1581 9 2100 9 2619 9 3139 8 3659 7 4179 6 4699 4
1962d0c5faf3e85cda80e0578e0cb7aca50826d781620e5c1c4cc586bc69f81a,73750 2 74261 11 74776 16 75291 22 75809 25 76327 27 76846 6 76853 21 77364 7 77372 22 77883 32 78401 34 78920 34 79439 35 79958 35 80477 35 80996 35 81515 35 82034 36 82553 36 83072 36 83591 36
1962d0c5faf3e85cda80e0578e0cb7aca50826d781620e5c1c4cc586bc69f81a,42 15 561 15 1080 16 1600 15 2119 15 2638 16 3157 16 3676 17 4195 17 4714 17 5234 16 5754 15 6276 12 6795 12 7316 10 7836 9 8357 6 8879 1
1962d0c5faf3e85cda80e0578e0cb7aca50826d781620e5c1c4cc586bc69f81a,63378 1 63897 1 64416 1
1962d0c5faf3e85cda80e0578e0cb7aca50826d781620e5c1c4cc586bc69f81a,63901 1
1962d0c5faf3e85cda80e0578e0cb7aca50826d781620e5c1c4cc586bc69f81a,62346 2 62864 5 63384 6 63903 8 64423 9 64943 10 65463 10 65983 10 66502 11 67023 10 67543 9 68061 10 68579 12 69098 13 69618 13 70138 5 70147 4 70666 5 71186 4 71705 5 72225 4 72745 4 73264 4 73783 5 74303 4 74822 5 75342 4 75861 5 76380 5 76900 4 77419 5 77938 5 78458 4 78977 4 79496 4 80015 5 80535 4 81054 4 81573 4 82092 4 82612 3 83131 3 83650 3
1962d0c5faf3e85cda80e0578e0cb7aca50826d781620e5c1c4cc586bc69f81a,48333 2
1962d0c5faf3e85cda80e0578e0cb7aca50826d781620e5c1c4cc586bc69f81a,54590 7 55102 15 55619 18 56137 19 56656 19 57174 20 57693 20 58211 20 58730 20 59249 20 59768 19 60288 18 60807 18 61327 16 61846 14 62365 12 62885 11 63406 8 63926 7 64446 5 64966 4
1962d0c5faf3e85cda80e0578e0cb7aca50826d781620e5c1c4cc586bc69f81a,64975 3 65493 5 66012 6 66529 9 67046 12 67563 15 68081 17 68600 18 69119 18 69638 19 70157 20 70677 20 70702 3 71196 28 71226 3 71716 28 71746 3 72235 29 72265 4 72754 30 72785 4 73274 29 73304 5 73793 29 73824 4 74312 29 74343 5 74831 29 74863 5 75351 37 75870 37 76389 37 76909 35 77428 35 77947 34 78467 31 78986 30 79505 28 80025 27 80544 27 81063 26 81582 26 82101 8 82110 17 82621 7 82630 16 83140 8 83149 16 83659 8 83668 16
1962d0c5faf3e85cda80e0578e0cb7aca50826d781620e5c1c4cc586bc69f81a,14161 3 14673 13 15179 5 15191 17 15697 7 15710 19 16216 7 16228 22 16734 8 16746 26 17252 9 17264 29 17771 9 17783 30 18290 43 18809 44 19328 45 19847 45 20367 45 20886 45 21405 45 21924 45 22443 45 22963 45 23482 45 24001 45 24521 44 25040 44 25559 44 26079 43 26599 42 27118 43 27638 42 28157 42 28677 41 29197 40 29717 38 30237 37 30757 36 31277 34 31797 33 32316 32 32836 30 33356 29 33876 27 34396 24 34915 23 35435 20 35959 12 36480 8 37000 6 37521 4
1962d0c5faf3e85cda80e0578e0cb7aca50826d781620e5c1c4cc586bc69f81a,62444 2 62960 8 63477 11 63995 13 64513 15 65031 16 65549 18 66067 19 66586 19 66657 6 67104 20 67175 9 67623 20 67662 11 67693 10 68142 20 68179 15 68211 11 68660 21 68696 18 68728 13 69179 21 69213 21 69246 15 69698 20 69731 24 69765 15 70217 20 70249 26 70283 16 70736 20 70767 28 70801 17 71255 20 71286 29 71320 17 71775 19 71804 31 71838 18 72294 19 72323 32 72356 18 72813 19 72842 51 73332 18 73361 50 73851 17 73880 49 74370 16 74399 49 74889 16 74918 50 75408 16 75437 50 75927 16 75956 50 76446 18 76475 51 76965 15 76981 3 76994 51 77483 21 77513 51 78002 21 78032 52 78520 22 78552 50 79039 22 79071 50 79558 8 79568 9 79578 3 79589 50 80077 6 80087 9 80098 2 80107 50 80597 2 80607 7 80618 1 80623 50 81126 4 81137 51 81653 52 82171 48 82689 47 83209 45 83728 45
1962d0c5faf3e85cda80e0578e0cb7aca50826d781620e5c1c4cc586bc69f81a,153 5
1962d0c5faf3e85cda80e0578e0cb7aca50826d781620e5c1c4cc586bc69f81a,82159 1
1962d0c5faf3e85cda80e0578e0cb7aca50826d781620e5c1c4cc586bc69f81a,159 7 679 7 1199 7 1719 6 2239 6 2759 5 3278 5 3797 6 4315 8 4834 9 5353 10 5872 10 6391 10 6911 9 7430 9 7950 8 8470 7 8990 5 9511 2
1962d0c5faf3e85cda80e0578e0cb7aca50826d781620e5c1c4cc586bc69f81a,10552 4 11069 7 11587 8 12105 9 12623 9 13142 9 13661 9 14180 8 14699 8 15218 7 15739 4
1962d0c5faf3e85cda80e0578e0cb7aca50826d781620e5c1c4cc586bc69f81a,38075 1 38594 2 39114 2 39633 2
1962d0c5faf3e85cda80e0578e0cb7aca50826d781620e5c1c4cc586bc69f81a,33405 1
1962d0c5faf3e85cda80e0578e0cb7aca50826d781620e5c1c4cc586bc69f81a,61953 1 62472 2 62993 3 63513 5 64033 5 64553 3
1962d0c5faf3e85cda80e0578e0cb7aca50826d781620e5c1c4cc586bc69f81a,2798 2 3316 5 3834 8 4352 9 4871 10 5390 11 5909 11 6427 12 6946 13 7465 12 7985 11 8504 10 9024 5
1962d0c5faf3e85cda80e0578e0cb7aca50826d781620e5c1c4cc586bc69f81a,28744 2 29263 3 29783 3 30302 4 30821 5 31340 5 31860 5 32379 6 32899 6 33420 4 33940 4 34459 4 34979 4 35499 3 36019 2
1962d0c5faf3e85cda80e0578e0cb7aca50826d781620e5c1c4cc586bc69f81a,39131 9 39647 15 40165 18 40683 20 41201 22 41720 23 42238 25 42757 25 43276 26 43795 26 44314 27 44833 28 45352 28 45871 28 46391 28 46910 28 47429 28 47949 28 48468 28 48987 29 49506 29 50024 30 50542 32 51061 32 51580 32 52100 30 52619 30 53138 29 53657 29 54176 28 54695 26 55214 23 55734 22 56258 17 56779 15 57304 9 57824 8 58344 7 58864 5 59383 5 59902 4 60419 5 60934 9 61453 8 61972 8 62490 9 63008 9 63527 7 64046 5
1962d0c5faf3e85cda80e0578e0cb7aca50826d781620e5c1c4cc586bc69f81a,64042 2 64560 3
1962d0c5faf3e85cda80e0578e0cb7aca50826d781620e5c1c4cc586bc69f81a,13200 5 13718 8 14236 10 14741 1 14755 12 15258 5 15273 15 15777 7 15792 22 16297 10 16310 26 16818 39 17338 39 17859 38 18379 37 18899 36 19419 34 19939 32 20459 30 20979 28 21499 26 22020 22 22540 18 23060 14 23580 10 24100 9 24620 8 25140 7 25660 6 26179 6 26699 6 27219 5 27738 5 28257 6 28777 5 29296 6 29816 5 30335 5 30854 5 31374 3 31893 3
1962d0c5faf3e85cda80e0578e0cb7aca50826d781620e5c1c4cc586bc69f81a,77584 6 78097 15 78612 20 79128 23 79645 25 80162 28 80191 2 80680 33 81198 34 81716 35 82234 34 82753 33 83271 10 83284 21 83790 10 83803 21
1962d0c5faf3e85cda80e0578e0cb7aca50826d781620e5c1c4cc586bc69f81a,44886 5 45403 8 45921 11 46440 11 46958 13 47477 13 47995 15 48514 14 49034 13 49553 12 50072 12 50591 12 51111 3 51116 6 51637 3 52157 1
1962d0c5faf3e85cda80e0578e0cb7aca50826d781620e5c1c4cc586bc69f81a,58390 1 58908 3 59428 2 59943 3 59948 1 60461 8 60980 9 61499 11 62018 11 62537 11 63056 12 63575 11 64094 11 64613 2 64618 6 65132 1 65138 5 65650 2 65658 4 66169 3 66178 2 66688 3 67208 2 67728 1 68247 3 68766 6 69285 8 69805 8 70325 9 70845 9 71366 7
1962d0c5faf3e85cda80e0578e0cb7aca50826d781620e5c1c4cc586bc69f81a,19998 5 20516 6 21034 8 21552 9 22071 10 22589 11 23108 11 23627 11 24146 11 24664 12 25182 12 25701 11 26219 11 26738 7 27258 2
1962d0c5faf3e85cda80e0578e0cb7aca50826d781620e5c1c4cc586bc69f81a,20537 2 21053 8 21571 12 22090 14 22609 15 23128 16 23648 16 24167 17 24687 17 25206 18 25725 18 26245 18 26764 19 27266 14 27283 19 27783 39 28300 41 28818 43 29336 44 29855 44 30374 45 30893 2 30898 40 31417 40 31937 40 32456 40 32974 41 33490 44 34010 43 34529 43 35049 42 35569 40 36089 39 36609 37 37129 30 37649 28 38170 23 38690 19 39212 12 39736 3
1962d0c5faf3e85cda80e0578e0cb7aca50826d781620e5c1c4cc586bc69f81a,59963 2 60482 3 61002 2 61521 2 62041 1
1962d0c5faf3e85cda80e0578e0cb7aca50826d781620e5c1c4cc586bc69f81a,74018 1 74534 8 75051 11 75569 13 76086 15 76604 16 77122 17 77641 17 78159 18 78677 19 79196 19 79715 19 80233 20 80752 20 81271 20 81790 20 82309 19 82828 19 83346 20 83865 20
1962d0c5faf3e85cda80e0578e0cb7aca50826d781620e5c1c4cc586bc69f81a,62617 2 63134 7 63653 9 64171 11 64690 13 65209 14 65728 15 66247 4 66254 8 66767 4 66773 9 67286 5 67292 10 67805 16 68324 16 68843 17 69363 17 69882 18 70402 17 70921 18 71441 17 71961 17 72481 17 73001 17 73521 17 74041 17 74561 17 75081 16 75600 17 76120 17 76640 17 77160 17 77679 19 78199 19 78719 19 79240 18 79761 16 80281 16 80801 15 81321 15 81842 13 82363 11 82884 9 83404 8 83924 6
1962d0c5faf3e85cda80e0578e0cb7aca50826d781620e5c1c4cc586bc69f81a,83893 6
1962d0c5faf3e85cda80e0578e0cb7aca50826d781620e5c1c4cc586bc69f81a,15390 3 15909 4 16427 6 16946 7 17465 8 17983 10 18502 11 19019 13 19538 14 20057 15 20576 16 21095 17 21614 18 22133 18 22652 19 23171 19 23690 20 24210 19 24729 19 25248 20 25768 19 26287 19 26806 19 27326 18 27846 17 28365 17 28885 16 29404 16 29924 15 30443 15 30963 14 31482 14 32002 13 32522 12 33041 12 33561 11 34081 10 34601 8 35122 1
1962d0c5faf3e85cda80e0578e0cb7aca50826d781620e5c1c4cc586bc69f81a,355 21 874 21 1394 20 1913 20 2433 19 2953 18 3472 18 3992 16 4511 16 5030 15 5550 13 6070 2 6075 7 6589 3 6594 7 7109 2 7114 6 7629 1 7634 5 8148 2 8153 5 8669 1 8674 2
1962d0c5faf3e85cda80e0578e0cb7aca50826d781620e5c1c4cc586bc69f81a,45516 3 46035 4 46554 5 47073 6 47592 7 48111 7 48631 7 49150 8 49670 8 50189 9 50709 8 51229 7 51749 7 52268 7 52788 7 53308 6 53828 5 54348 5 54868 4 55387 4 55908 1
1962d0c5faf3e85cda80e0578e0cb7aca50826d781620e5c1c4cc586bc69f81a,10747 3
1962d0c5faf3e85cda80e0578e0cb7aca50826d781620e5c1c4cc586bc69f81a,12837 3 13356 5 13875 6 14394 7 14913 7 15432 8 15951 9 16471 9 16990 10 17509 11 18028 12 18547 12 19067 12 19586 13 20105 14 20625 13 21144 13 21663 14 22183 13 22702 14 23222 14 23741 14 24260 15 24780 14 25299 15 25819 14 26338 15 26857 15 27377 14 27896 14 28415 15 28935 14 29454 15 29974 14 30493 15 31013 14 31532 14 32052 13 32571 13 33091 12 33610 12 34130 11 34649 11 35169 9 35689 8 36209 7 36728 7 37247 7 37767 6 38287 5 38806 6 39326 6 39846 7 40366 5 40886 4 41406 3
1962d0c5faf3e85cda80e0578e0cb7aca50826d781620e5c1c4cc586bc69f81a,74087 2 74605 5 75123 6 75642 7 76161 9 76171 3 76680 13 77199 13 77718 13 78237 13 78756 12 79276 11 79795 10 80315 8 80836 5
1962d0c5faf3e85cda80e0578e0cb7aca50826d781620e5c1c4cc586bc69f81a,48207 1 48724 6 49242 9 49761 10 50280 12 50782 3 50798 13 51301 5 51317 14 51820 7 51836 15 52339 8 52355 16 52386 2 52858 9 52874 17 52900 9 53377 11 53393 17 53418 11 53895 13 53913 17 53937 12 54414 15 54432 17 54456 13 54933 36 54975 13 55452 36 55493 15 55970 38 56012 15 56489 38 56531 16 57007 40 57050 17 57525 41 57568 18 58031 6 58044 42 58087 19 58547 10 58563 62 59065 12 59082 63 59562 3 59584 13 59601 64 60080 6 60103 14 60120 64 60599 8 60622 14 60639 65 61118 10 61142 14 61158 66 61637 12 61661 15 61677 67 62157 4 62164 6 62179 84 62676 3 62685 4 62698 84 63196 1 63204 5 63217 1 63220 69 63293 9 63715 2 63724 5 63736 1 63739 69 63812 9 64234 2 64243 6 64255 2 64258 83 64754 3 64762 6 64773 88 65273 5 65281 7 65292 89 65792 5 65801 7 65812 75 65889 11 66312 4 66320 8 66331 89 66831 4 66840 8 66850 90 67351 4 67359 8 67369 91 67871 3 67878 9 67888 51 67940 40 68390 16 68408 50 68460 39 68910 7 68919 6 68927 50 68981 33 69015 3 69429 7 69438 7 69446 21 69470 26 69501 31 69949 6 69957 28 69990 25 70021 31 70469 6 70476 26 70510 25 70541 30 70989 6 70996 25 71029 25 71061 30 71509 31 71548 25 71580 30 72029 30 72067 25 72101 29 72550 6 72557 21 72587 24 72626 23 73070 5 73076 22 73106 23 73145 23 73590 4 73596 21 73626 22 73665 22 74110 3 74115 21 74146 20 74184 22 74629 3 74635 21 74665 19 74703 22 75149 3 75154 21 75185 17 75222 23 75668 3 75674 20 75705 15 75742 22 76188 2 76192 21 76224 13 76261 22 76707 3 76713 19 76743 13 76781 22 77228 1 77234 17 77262 13 77301 21 77754 16 77782 13 77820 21 78274 15 78301 13 78340 20 78794 15 78820 14 78859 20 79315 14 79340 14 79379 19 79838 10 79859 15 79898 19 80358 10 80379 15 80418 18 80878 10 80899 15 80937 18 81398 10 81418 15 81457 16 81917 10 81939 13 81977 15 82437 10 82459 13 82497 14 82957 9 82980 11 83017 12 83476 10 83500 11 83537 10 83996 9 84020 10 84056 9
1962d0c5faf3e85cda80e0578e0cb7aca50826d781620e5c1c4cc586bc69f81a,446 33 965 33 1484 12 1499 19 2003 11 2019 20 2523 10 2538 21 3042 9 3058 20 3561 10 3577 21 4081 12 4096 21 4600 35 5120 34 5640 13 5656 18 6159 13 6176 17 6679 13 6695 18 7199 33 7719 11 7731 19 8240 14 8255 13 8760 12 8776 10 9280 12 9297 8 9801 10 9816 7 10322 9 10335 6 10843 7 10854 6 11364 7 11372 5 11886 3
1962d0c5faf3e85cda80e0578e0cb7aca50826d781620e5c1c4cc586bc69f81a,14997 7 15514 11 16031 16 16549 19 17067 20 17586 23 18104 26 18623 27 18664 2 19141 29 19182 9 19660 22 19684 6 19700 11 19717 3 20179 23 20203 7 20219 12 20236 4 20697 32 20738 14 20755 6 21216 33 21257 23 21735 34 21776 23 22254 34 22294 24 22773 35 22811 26 23293 63 23812 63 24331 63 24851 62 25371 61 25891 60 26410 60 26930 59 27449 59 27969 37 28007 20 28488 37 28527 19 29007 36 29046 19 29527 35 29565 19 30048 33 30085 18 30568 31 30604 18 31088 28 31123 18 31608 19 31628 5 31643 17 32128 16 32163 16 32650 11 32686 12 33208 6
1962d0c5faf3e85cda80e0578e0cb7aca50826d781620e5c1c4cc586bc69f81a,494 26 1012 27 1532 26 2051 26 2570 26 3089 26 3609 25 4128 25 4648 24 5169 22 5689 21 6209 20 6729 19 7249 18 7769 17 8288 17 8808 16 9328 15 9848 14 10368 13 10888 12 11408 11 11927 11 12447 10 12968 8 13488 7 14007 7 14527 6 15046 6 15565 6 16085 5 16606 3 17126 2 17646 1
1cdbfee1951356e7b0a215073828695fe1ead5f8b1add119b6645d2fdc8d844e,75265 2 75777 3 76289 5 76801 8 77313 9 77825 9 78337 10 78849 11 79361 12 79873 12 80385 12 80897 13 81409 14 81921 15 82433 16 82945 16 83457 18 83969 19 84481 20 84993 21 85505 21 86017 21 86529 21 87041 22 87553 22 88065 22 88577 23 89089 23 89601 22 90113 22 90625 19 91137 17 91649 15 92162 14 92676 1 92680 5
1cdbfee1951356e7b0a215073828695fe1ead5f8b1add119b6645d2fdc8d844e,38 55 550 55 1062 54 1574 54 2086 56 2597 59 3109 60 3621 61 4133 62 4645 64 5157 66 5669 68 6182 67 6694 68 7207 67 7720 67 8232 68 8745 68 9258 67 9771 66 10283 66 10796 65 11308 64 11820 64 12333 64 12847 62 13359 62 13872 60 14385 59 14898 58 15411 57 15924 55 16442 48 16955 46 17470 43 17983 41 18499 37 19012 2 19016 31 19530 28 20043 27 20555 26 21072 20 21585 18 22100 9 22111 3 22615 5
1cdbfee1951356e7b0a215073828695fe1ead5f8b1add119b6645d2fdc8d844e,32400 1 32910 4 33422 5 33934 5 33944 4 34446 1 34449 3 34456 4 34957 3 34961 11 35468 12 35979 13 36003 1 36490 14 36511 6 37002 14 37023 6 37513 15 37534 5 38024 17 38045 2 38048 2 38536 17 38555 3 39048 22 39560 21 40072 16 40584 15 41096 7 41107 4 41611 4 41619 4 42124 3 42131 4 42637 10 43150 6 43662 5
1cdbfee1951356e7b0a215073828695fe1ead5f8b1add119b6645d2fdc8d844e,43660 1 44171 2 44683 3 45196 2 45708 1
1cdbfee1951356e7b0a215073828695fe1ead5f8b1add119b6645d2fdc8d844e,47760 1
1cdbfee1951356e7b0a215073828695fe1ead5f8b1add119b6645d2fdc8d844e,40605 4 41116 6 41627 7 42139 7 42650 8 43162 7 43675 7 44189 5 44702 1 44704 2
1cdbfee1951356e7b0a215073828695fe1ead5f8b1add119b6645d2fdc8d844e,125156 3 125662 1 125668 3 126170 6 126180 2 126681 8 126690 4 127191 15 127217 2 127702 5 127709 10 127729 3 128214 4 128221 11 128234 3 128241 2 128725 5 128733 17 128753 2 129237 32 129748 33 130260 18 130279 14 130773 16 130791 13 131285 16 131303 13 131798 27 132310 26 132822 19 133334 19 133846 19 134359 18 134871 17 135385 5 135395 3 135898 4
1cdbfee1951356e7b0a215073828695fe1ead5f8b1add119b6645d2fdc8d844e,138973 2
1cdbfee1951356e7b0a215073828695fe1ead5f8b1add119b6645d2fdc8d844e,136929 3 137441 4 137954 3 138467 2 138981 2 139492 4 140004 4 140516 4 141028 2
1cdbfee1951356e7b0a215073828695fe1ead5f8b1add119b6645d2fdc8d844e,126186 2 126697 3
1cdbfee1951356e7b0a215073828695fe1ead5f8b1add119b6645d2fdc8d844e,137962 1
1cdbfee1951356e7b0a215073828695fe1ead5f8b1add119b6645d2fdc8d844e,134895 1
1cdbfee1951356e7b0a215073828695fe1ead5f8b1add119b6645d2fdc8d844e,132348 1
1cdbfee1951356e7b0a215073828695fe1ead5f8b1add119b6645d2fdc8d844e,4368 3 4879 10 5391 10 5903 11 6414 13 6429 3 6925 20 7436 24 7948 25 8460 26 8973 26 9485 26 9997 27 10508 29 11020 30 11532 30 12044 31 12557 29 13071 27 13584 25 14097 24 14610 23 15122 23 15635 21 16149 17 16664 12 17178 10 17692 8 18206 1 18208 3
1cdbfee1951356e7b0a215073828695fe1ead5f8b1add119b6645d2fdc8d844e,92445 2 92453 1 92955 13 93466 15 93977 23 94487 27 94997 30 95508 31 96020 30 96531 31 97043 31 97554 35 98064 38 98103 1 98576 41 99088 44 99600 44 100112 44 100625 43 101136 41 101647 42 102159 42 102670 45 103181 49 103693 50 104206 49 104720 47 105233 46 105745 46 106258 45 106770 45 107283 44 107797 42 108310 40 108825 37 109338 36 109853 33 110366 31 110882 27 111395 25 111910 17 112426 10 112940 5 113454 1
1cdbfee1951356e7b0a215073828695fe1ead5f8b1add119b6645d2fdc8d844e,114512 5 115018 1 115021 9 115528 15 116039 17 116547 23 117057 26 117568 27 118079 28 118590 30 119101 31 119613 32 120123 34 120634 35 121146 35 121657 36 122169 36 122680 37 123192 37 123703 38 124214 39 124726 40 125238 40 125750 40 126261 41 126773 40 127285 41 127797 41 128309 41 128821 42 129334 41 129846 41 130359 40 130871 40 131383 40 131895 40 132407 41 132919 41 133431 42 133944 41 134456 42 134968 41 135480 41 135992 41 136503 43 137013 45 137524 46 138035 46 138547 46 139058 46 139569 47 140080 47 140591 48 141103 48 141613 50 142124 50 142636 49 143148 49 143660 50 144172 50 144684 48 145195 49 145707 48 146218 48 146730 46 147242 45 147754 45 148267 44 148779 42 149292 41 149804 40 150317 38 150829 36 151342 34 151854 33 152367 32 152881 30 153394 25 153909 20 154424 16 154938 8 154949 2
1cdbfee1951356e7b0a215073828695fe1ead5f8b1add119b6645d2fdc8d844e,277842 3 278354 4 278865 5 278873 1 279376 10 279888 10 279901 3 280399 11 280412 5 280911 11 280923 6 281423 2 281427 7 281435 6 281933 4 281940 2 281944 9 282444 5 282456 9 282956 4 282968 8 283469 3 283479 9 283981 2 283986 1 283991 9 284494 1 284496 5 284503 9 285005 8 285015 9 285516 10 285529 7 286027 11 286538 11 287050 11 287562 11 288074 13 288586 13 289098 16 289610 18 289631 1 290123 18 290142 3 290636 21 290670 2 291149 20 291177 8 291662 19 291688 10 292174 20 292200 10 292686 21 292711 11 293199 21 293224 10 293712 5 293724 8 293736 10 294225 2 294237 7 294245 12 294752 17 295266 14 295779 13 296291 13 296803 13 297315 13 297828 7 297836 4 298341 5 298854 3
1cdbfee1951356e7b0a215073828695fe1ead5f8b1add119b6645d2fdc8d844e,295251 1 295764 3 296276 4 296789 2
1cdbfee1951356e7b0a215073828695fe1ead5f8b1add119b6645d2fdc8d844e,298327 4 298839 3
1cdbfee1951356e7b0a215073828695fe1ead5f8b1add119b6645d2fdc8d844e,229724 1
1cdbfee1951356e7b0a215073828695fe1ead5f8b1add119b6645d2fdc8d844e,287070 4 287583 3 288096 1
1cdbfee1951356e7b0a215073828695fe1ead5f8b1add119b6645d2fdc8d844e,226156 1 226659 2 226667 5 227171 6 227178 7 227683 13 228195 12 228708 3 228713 6 228730 1 229219 12 229236 1 229242 2 229727 11 229739 5 229746 3 229754 4 230240 10 230252 9 230264 18 230752 10 230765 32 231264 11 231277 33 231776 11 231789 35 232288 11 232301 37 232800 11 232813 38 233313 10 233325 39 233826 51 234338 52 234851 51 235364 51 235878 49 236391 49 236903 50 237414 51 237926 3 237930 48 238442 48 238953 50 239465 50 239978 49 240491 48 241003 47 241516 47 242028 47 242540 47 243052 46 243565 45 244078 44 244590 44 245102 43 245614 43 246127 42 246639 41 247152 40 247665 39 248177 39 248690 37 249204 32 249718 29 250230 29 250742 28 251255 26 251769 23 252286 16 252805 3
1cdbfee1951356e7b0a215073828695fe1ead5f8b1add119b6645d2fdc8d844e,224099 2 224611 2 225123 1
1cdbfee1951356e7b0a215073828695fe1ead5f8b1add119b6645d2fdc8d844e,282468 1 282979 3 283491 3 284004 1
1cdbfee1951356e7b0a215073828695fe1ead5f8b1add119b6645d2fdc8d844e,278372 1
1cdbfee1951356e7b0a215073828695fe1ead5f8b1add119b6645d2fdc8d844e,79233 1 79742 5 80254 7 80766 8 81277 10 81789 10 82301 10 82813 10 83324 11 83837 10 84349 9 84862 7 85374 6 85886 5 86399 2
1cdbfee1951356e7b0a215073828695fe1ead5f8b1add119b6645d2fdc8d844e,327575 2
1cdbfee1951356e7b0a215073828695fe1ead5f8b1add119b6645d2fdc8d844e,316832 2
1cdbfee1951356e7b0a215073828695fe1ead5f8b1add119b6645d2fdc8d844e,326564 3 327073 6 327585 6
1cdbfee1951356e7b0a215073828695fe1ead5f8b1add119b6645d2fdc8d844e,322996 2 323504 6 324015 5 324522 10 325033 10 325545 10 326057 10 326570 11 327083 11 327595 11
1cdbfee1951356e7b0a215073828695fe1ead5f8b1add119b6645d2fdc8d844e,319918 1 319922 2 320429 9 320942 2 320945 5 321458 3
1cdbfee1951356e7b0a215073828695fe1ead5f8b1add119b6645d2fdc8d844e,19910 1 20421 3 20429 3 20933 11 21445 11 21956 12 22468 12 22483 3 22980 13 22994 9 23491 24 24002 26 24513 28 25025 30 25538 31 26050 32 26562 32 27074 33 27586 33 28098 33 28611 33 29122 35 29634 35 30145 36 30656 37 31168 37 31680 37 32192 37 32705 36 33216 38 33729 37 34241 37 34754 36 35265 37 35778 36 36290 36 36803 35 37315 34 37828 32 38340 32 38854 30 39366 30 39878 29 40391 27 40906 23 41419 22 41931 21 42443 21 42956 20 43476 8 43991 1
1cdbfee1951356e7b0a215073828695fe1ead5f8b1add119b6645d2fdc8d844e,133099 4 133105 2 133604 17 134114 21 134624 25 135134 29 135645 31 136156 33 136668 34 137180 34 137692 34 138204 36 138716 37 139226 39 139738 39 140250 39 140762 39 141275 38 141787 38 142299 38 142811 38 143323 38 143835 38 144347 38 144859 38 145371 38 145884 37 146396 37 146908 37 147421 36 147934 35 148446 35 148958 35 149471 34 149983 34 150496 31 151011 27 151524 26 152036 25 152548 3 152554 18 153060 1 153071 12 153591 2
1cdbfee1951356e7b0a215073828695fe1ead5f8b1add119b6645d2fdc8d844e,31744 1 32254 3 32765 4 33277 4 33789 4 34300 5 34810 7 35322 7 35834 7 36346 7 36859 6 37372 5 37884 5 38397 4 38908 5 39420 5 39932 5 40448 1
1d9eacb3161f1e2b45550389ecf7c535c7199c6b44b1c6a46303f7b965e508f1,12580 1 13101 5 13625 6 14149 6 14673 6 15197 6 15721 6 16245 5 16769 4 17293 3
1d9eacb3161f1e2b45550389ecf7c535c7199c6b44b1c6a46303f7b965e508f1,20961 3 21485 6 22009 7 22533 7 23057 7 23581 7 24105 8 24629 8 25153 8 25677 8 26201 9 26725 10 27249 10 27773 10 28298 9 28823 8 29348 7 29874 4
1d9eacb3161f1e2b45550389ecf7c535c7199c6b44b1c6a46303f7b965e508f1,93802 4 94321 11 94845 13 95369 13 95893 14 96417 16 96941 17 97465 16 97989 16 98513 16 99037 16 99561 15 100085 15 100609 14 101133 13 101657 12 102181 11 102705 11 103229 11 103753 10 104277 10 104801 9 105325 7 105849 6 106373 4 106897 2
1d9eacb3161f1e2b45550389ecf7c535c7199c6b44b1c6a46303f7b965e508f1,163489 2 164013 3 164537 3 165061 3 165585 3 166109 3 166633 2 167157 2
1d9eacb3161f1e2b45550389ecf7c535c7199c6b44b1c6a46303f7b965e508f1,122624 6 123146 9 123669 12 124193 13 124716 14 125240 15 125764 15 126288 16 126812 16 127336 17 127860 17 128384 17 128909 16 129435 14 129961 11 130486 9 131010 7
1d9eacb3161f1e2b45550389ecf7c535c7199c6b44b1c6a46303f7b965e508f1,176599 6 177121 9 177644 11 178167 13 178691 13 179214 14 179738 14 180261 15 180785 15 181309 15 181833 15
1d9eacb3161f1e2b45550389ecf7c535c7199c6b44b1c6a46303f7b965e508f1,80718 2 81237 9 81759 12 82282 13 82806 14 83330 14 83357 3 83853 16 83875 10 84377 17 84398 12 84901 17 84921 13 85425 33 85949 34 86473 34 86997 35 87521 35 88046 35 88083 2 88570 40 89094 15 89110 25 89619 13 89635 25 90143 11 90159 25 90669 7 90683 25 91194 4 91208 23 91732 20 92257 18 92782 16 93307 15 93832 14 94357 10
1d9eacb3161f1e2b45550389ecf7c535c7199c6b44b1c6a46303f7b965e508f1,70237 3 70759 7 71282 10 71805 12 72328 14 72851 17 73375 17 73898 19 74422 20 74946 20 75470 20 75994 20 76519 19 77044 18 77572 13 78103 5
1d9eacb3161f1e2b45550389ecf7c535c7199c6b44b1c6a46303f7b965e508f1,25698 5 26221 7 26744 8 27267 9 27790 10 28313 11 28837 11 29361 11 29885 11 30409 10 30933 10 31457 10 31982 9 32507 7 33033 4
1d9eacb3161f1e2b45550389ecf7c535c7199c6b44b1c6a46303f7b965e508f1,140459 2 140981 7 141503 10 142026 12 142549 13 143073 13 143596 14 144120 15 144643 16 145167 16 145691 15 146215 15 146739 15 147263 15 147787 14 148312 13 148836 12 149361 10 149887 7 150413 4
1d9eacb3161f1e2b45550389ecf7c535c7199c6b44b1c6a46303f7b965e508f1,114257 8 114779 10 115303 11 115826 13 116349 15 116873 15 117397 15 117921 16 118445 16 118968 17 119492 18 120016 18 120540 17 121064 17 121588 16 122112 14 122637 12 123162 10 123687 9 124212 7 124738 4
1d9eacb3161f1e2b45550389ecf7c535c7199c6b44b1c6a46303f7b965e508f1,97492 8 98015 10 98538 11 99062 12 99585 13 100109 13 100632 14 101156 14 101680 15 102203 16 102727 16 103251 16 103775 16 104300 14 104824 14 105348 14 105872 13 106397 12 106921 11 107446 9 107972 6
1d9eacb3161f1e2b45550389ecf7c535c7199c6b44b1c6a46303f7b965e508f1,36709 5 37232 7 37755 9 38278 11 38802 11 39326 11 39849 13 40373 13 40897 14 41422 16 41946 17 42470 18 42995 17 43520 16 44044 17 44569 16 45094 15 45618 15 46144 14 46672 10 47196 10 47720 10 48244 10 48767 11 49291 12 49815 12 50338 13 50862 13 51386 13 51910 13 52434 13 52957 14 53481 14 54004 15 54528 14 55052 14 55575 15 56099 15 56624 13 57148 13 57672 13 58195 13 58719 13 59243 12 59767 11 60292 9 60816 7 61340 6
1d9eacb3161f1e2b45550389ecf7c535c7199c6b44b1c6a46303f7b965e508f1,156705 6 157228 9 157751 11 158275 11 158798 13 159321 14 159845 14 160369 15 160893 15 161417 15 161941 14 162465 14 162989 14 163514 13 164038 13 164563 12 165087 11 165612 10 166137 8 166662 6 167187 3
1d9eacb3161f1e2b45550389ecf7c535c7199c6b44b1c6a46303f7b965e508f1,23615 4 24137 8 24661 8 25184 10 25707 11 26231 12 26754 13 27278 12 27802 12 28326 12 28850 12 29374 12 29898 11 30422 11 30947 9 31471 9 31996 7 32522 4
1d9eacb3161f1e2b45550389ecf7c535c7199c6b44b1c6a46303f7b965e508f1,37 16 561 16 1084 17 1608 17 2131 17 2655 17 3179 17 3702 17 4226 16 4751 14 5275 13 5799 12 6324 9 6850 4
1d9eacb3161f1e2b45550389ecf7c535c7199c6b44b1c6a46303f7b965e508f1,148336 13 148859 15 149382 17 149905 18 150428 20 150952 21 151476 22 152000 23 152525 23 153049 23 153574 23 154099 21 154624 17 155149 15 155675 13 156200 11 156726 9 157253 5
1d9eacb3161f1e2b45550389ecf7c535c7199c6b44b1c6a46303f7b965e508f1,178210 9 178734 9 179258 9 179784 6
1d9eacb3161f1e2b45550389ecf7c535c7199c6b44b1c6a46303f7b965e508f1,58220 4 58743 6 59267 6 59790 7 60313 7 60836 8 61359 8 61883 7 62407 6 62932 3
1d9eacb3161f1e2b45550389ecf7c535c7199c6b44b1c6a46303f7b965e508f1,138924 2 139446 6 139969 7 140491 10 141014 11 141538 12 142062 12 142585 13 143109 14 143633 14 144157 14 144681 14 145206 14 145731 13 146255 12 146780 11 147305 9 147832 2
1d9eacb3161f1e2b45550389ecf7c535c7199c6b44b1c6a46303f7b965e508f1,61 12 586 10 1110 10 1636 6
1d9eacb3161f1e2b45550389ecf7c535c7199c6b44b1c6a46303f7b965e508f1,60853 5 61376 7 61899 9 62422 11 62946 11 63469 12 63993 12 64516 13 65040 13 65563 14 66087 14 66610 15 67134 15 67658 14 68181 15 68705 15 69229 14 69753 14 70277 13 70802 12 71326 11 71851 9 72375 8 72900 6 73426 2
1d9eacb3161f1e2b45550389ecf7c535c7199c6b44b1c6a46303f7b965e508f1,165128 3 165651 5 166175 4 166700 3
1d9eacb3161f1e2b45550389ecf7c535c7199c6b44b1c6a46303f7b965e508f1,112734 5 113257 7 113780 9 114304 10 114828 11 115351 12 115875 13 116399 13 116922 14 117446 14 117970 14 118494 15 119018 15 119543 13 120067 13 120591 12 121116 11 121640 10 122165 9 122690 7 123215 5 123740 2
1d9eacb3161f1e2b45550389ecf7c535c7199c6b44b1c6a46303f7b965e508f1,40423 3 40946 5 41469 7 41992 9 42515 10 43039 10 43563 11 44087 11 44611 10 45135 10 45659 11 46183 11 46707 11 47231 11 47755 11 48279 11 48803 10 49328 9 49852 9 50377 7 50902 5
1d9eacb3161f1e2b45550389ecf7c535c7199c6b44b1c6a46303f7b965e508f1,136841 4 137364 8 137887 10 138410 12 138934 13 139457 15 139981 15 140505 15 141028 17 141552 17 142077 16 142601 16 143125 16 143650 15 144174 15 144698 15 145222 15 145745 16 146269 16 146793 16 147317 16 147841 16 148366 16 148890 16 149415 15 149939 15 150464 13 150988 13 151513 11 152037 11 152562 8 153090 2
1d9eacb3161f1e2b45550389ecf7c535c7199c6b44b1c6a46303f7b965e508f1,17893 3 18415 6 18938 8 19461 10 19985 10 20509 10 21034 10 21558 10 22083 9 22607 9 23130 10 23654 10 24178 10 24702 10 25226 10 25751 9 26275 8 26799 8 27323 8 27848 7 28372 6 28897 4
1d9eacb3161f1e2b45550389ecf7c535c7199c6b44b1c6a46303f7b965e508f1,7420 5 7942 9 8465 12 8989 13 9513 13 10036 15 10560 15 11085 14 11609 14 12133 14 12657 14 13181 14 13706 12 14230 11 14755 9 15281 6
1d9eacb3161f1e2b45550389ecf7c535c7199c6b44b1c6a46303f7b965e508f1,81 17 605 17 1130 15 1654 14 2179 12 2704 10 3231 6 3757 3
1d9eacb3161f1e2b45550389ecf7c535c7199c6b44b1c6a46303f7b965e508f1,166194 9 166716 12 167239 13 167763 14 168287 14 168811 14 169336 13 169860 14 170384 14 170909 13 171433 13 171957 13 172482 12 173006 11 173530 11 174055 9 174579 8 175104 6
1d9eacb3161f1e2b45550389ecf7c535c7199c6b44b1c6a46303f7b965e508f1,143684 2 144208 2 144731 3 145255 3 145779 4 146303 4 146827 4 147351 4 147875 4 148399 4 148923 4 149447 4 149971 4 150495 4 151020 2
1d9eacb3161f1e2b45550389ecf7c535c7199c6b44b1c6a46303f7b965e508f1,170419 6 170941 9 171464 10 171988 11 172511 12 173035 12 173558 13 174082 13 174606 13 175130 13 175654 13 176179 12 176703 12 177228 10 177752 10 178277 8 178801 7 179327 4
1d9eacb3161f1e2b45550389ecf7c535c7199c6b44b1c6a46303f7b965e508f1,74528 3 75052 4 75575 5 76099 5 76624 3 77149 2
1d9eacb3161f1e2b45550389ecf7c535c7199c6b44b1c6a46303f7b965e508f1,96539 6 97061 10 97585 10 98108 11 98632 11 99156 11 99681 10 100205 10 100729 9 101253 8 101778 6 102302 5
1d9eacb3161f1e2b45550389ecf7c535c7199c6b44b1c6a46303f7b965e508f1,138459 7 138982 9 139505 11 140029 11 140553 12 141076 13 141600 13 142124 13 142648 13 143172 13 143697 11 144221 11 144745 10 145270 8 145794 7 146320 4
1d9eacb3161f1e2b45550389ecf7c535c7199c6b44b1c6a46303f7b965e508f1,107025 4 107548 7 108071 9 108595 10 109119 11 109643 12 110167 12 110691 13 111215 13 111740 12 112264 13 112788 13 113313 12 113837 13 114362 16 114886 18 115410 19 115935 19 116455 24 116977 26 117500 28 118023 11 118036 16 118547 11 118560 17 119070 12 119085 16 119594 12 119609 16 120118 12 120133 16 120642 13 120658 15 121165 14 121183 13 121689 14 121707 13 122213 14 122232 11 122737 14 122757 9 123261 15 123282 6 123785 16 123809 1 124309 16 124833 16 125357 17 125882 16 126406 16 126931 15 127456 14 127472 2 127981 18 128505 19 129030 18 129554 19 130079 18 130603 19 131128 18 131652 19 132177 18 132701 6 132709 10 133227 1 133233 10 133757 10 134281 10 134805 10 135329 10 135853 10 136376 11 136901 10 137425 10 137949 9 138473 9 138998 7 139523 5 140048 3
1d9eacb3161f1e2b45550389ecf7c535c7199c6b44b1c6a46303f7b965e508f1,26329 1 26852 3 27376 4 27900 4 28423 5 28947 6 29471 6 29995 6 30519 6 31043 7 31055 2 31567 7 31578 4 32090 9 32101 5 32614 16 33138 16 33661 17 34185 16 34709 15 35233 14 35757 12 36281 12 36804 13 37328 13 37852 14 38376 15 38899 17 39423 18 39947 19 40471 19 40995 19 41519 18 42043 18 42567 18 43092 7 43101 7 43616 6 43626 5 44140 5 44150 5 44665 3 44674 5 45197 8 45720 10 46243 12 46767 12 47291 13 47815 13 48339 13 48863 13 49387 13 49911 13 50435 13 50959 13 51483 12 52007 12 52530 13 53054 13 53578 13 54102 13 54626 13 55150 13 55674 12 56198 12 56722 12 57246 12 57770 11 58294 10 58819 9 59343 8 59867 7 60392 6 60917 4
1d9eacb3161f1e2b45550389ecf7c535c7199c6b44b1c6a46303f7b965e508f1,157851 3 158374 5 158898 5 159422 6 159945 8 160469 8 160992 10 161516 10 162040 10 162564 11 163088 11 163612 10 164136 10 164660 10 165185 8 165710 6 166236 2
1d9eacb3161f1e2b45550389ecf7c535c7199c6b44b1c6a46303f7b965e508f1,45220 3 45743 4 46267 4 46791 4 47315 4 47838 5 48362 9 48886 11 49410 12 49934 13 50458 13 50982 13 51506 13 52031 12 52555 12 53080 11 53604 11 54128 11 54652 11 55176 10 55700 10 56223 11 56747 10 57270 11 57793 11 58317 11 58841 10 59364 10 59888 8 60411 8 60935 3 61458 3 61981 4 62505 4 63028 5 63552 5 64076 5 64583 1 64593 4 64599 5 65105 23 65629 24 66153 24 66181 1 66677 24 66704 3 67202 30 67726 30 68251 28 68775 28 69300 27 69824 26 70348 26 70873 24 71397 24 71921 23 72446 21 72970 19 73496 15 74022 12
1d9eacb3161f1e2b45550389ecf7c535c7199c6b44b1c6a46303f7b965e508f1,77160 3 77683 7 78206 9 78730 10 79254 11 79777 12 80301 13 80825 13 81349 14 81874 14 82398 14 82922 14 83446 14 83971 13 84495 13 85019 13 85544 12 86069 10 86593 10 87118 8 87643 6
1d9eacb3161f1e2b45550389ecf7c535c7199c6b44b1c6a46303f7b965e508f1,3285 5 3807 9 4329 12 4852 15 5375 16 5898 18 6421 19 6945 19 7469 20 7993 20 8517 20 9042 19 9566 19 10092 16 10618 14 11146 8 11674 1
1d9eacb3161f1e2b45550389ecf7c535c7199c6b44b1c6a46303f7b965e508f1,19014 8 19537 10 20060 12 20583 14 21100 21 21623 23 22146 24 22669 26 23193 27 23716 28 24240 29 24764 10 24775 18 25289 9 25300 18 25813 10 25825 18 26338 10 26351 16 26862 10 26877 15 27387 9 27404 12 27912 9 27930 10 28437 8 28455 10 28964 6 28979 10 29489 5 29504 9 30014 3 30028 9 30553 8 31077 8 31601 8 32126 7 32650 7 33174 7 33699 5 34223 5 34748 4 35273 2
1d9eacb3161f1e2b45550389ecf7c535c7199c6b44b1c6a46303f7b965e508f1,99708 4 100231 6 100754 8 101277 9 101800 11 102324 11 102847 12 103371 12 103895 11 104418 12 104941 13 105465 13 105989 13 106513 13 107037 13 107562 12 108087 11 108612 9 109137 8 109663 4
1d9eacb3161f1e2b45550389ecf7c535c7199c6b44b1c6a46303f7b965e508f1,81895 7 82418 8 82941 10 83465 10 83988 11 84512 11 85035 12 85559 12 86082 14 86606 14 87130 14 87654 14 88178 13 88702 13 89226 13 89750 12 90274 12 90798 11 91323 10 91848 8 92373 4
1d9eacb3161f1e2b45550389ecf7c535c7199c6b44b1c6a46303f7b965e508f1,153681 4 154205 5 154729 6 155253 6 155779 2
1d9eacb3161f1e2b45550389ecf7c535c7199c6b44b1c6a46303f7b965e508f1,160497 2 161019 6 161542 7 162066 8 162590 8 163114 9 163638 9 164162 9 164686 9 165210 9 165734 9 166258 8 166782 8 167306 8 167830 8 168355 7 168879 7 169404 5 169929 3
1d9eacb3161f1e2b45550389ecf7c535c7199c6b44b1c6a46303f7b965e508f1,7500 1 8023 2 8547 2
1d9eacb3161f1e2b45550389ecf7c535c7199c6b44b1c6a46303f7b965e508f1,36848 4 37371 6 37895 6 38419 6 38943 6 39467 6 39991 6 40515 6 41039 6 41563 5 42088 4 42612 3
1d9eacb3161f1e2b45550389ecf7c535c7199c6b44b1c6a46303f7b965e508f1,93448 1 93971 3 94495 3 95019 3 95543 3 96066 5 96590 5 97114 5 97638 5 98162 6 98686 6 99210 6 99734 6 100257 7 100781 7 101305 7 101829 7 102353 7 102877 8 103401 8 103925 8 104449 8 104973 8 105497 8 106021 8 106545 8 107069 8 107593 8 108118 7 108642 7 109166 7 109690 7 110214 7 110738 7 111262 7 111786 7 112310 7 112834 7 113358 7 113882 7 114406 7 114930 7 115454 7 115978 6 116502 6 117026 6 117550 6 118075 5 118599 5 119123 4 119647 4 120172 3 120696 2
1d9eacb3161f1e2b45550389ecf7c535c7199c6b44b1c6a46303f7b965e508f1,114420 3 114943 5 115467 6 115991 7 116514 9 117038 9 117562 9 118085 10 118609 10 119133 11 119657 11 120181 11 120705 11 121229 11 121753 11 122277 11 122801 11 123325 11 123850 10 124374 11 124898 11 125422 11 125947 10 126471 9 126996 8 127520 8 128044 8 128569 7 129094 5 129619 3
1d9eacb3161f1e2b45550389ecf7c535c7199c6b44b1c6a46303f7b965e508f1,152148 5 152671 7 153194 9 153718 10 154241 11 154765 11 155289 12 155813 12 156337 12 156862 11 157386 11 157910 11 158434 11 158958 11 159482 11 160006 11 160530 11 161054 11 161578 11 162102 11 162626 11 163150 11 163674 11 164198 11 164722 10 165246 10 165770 10 166293 11 166817 11 167341 10 167865 10 168389 10 168913 10 169437 9 169961 9 170485 8 171009 8 171533 8 172058 6 172582 5 173106 5 173631 3 174156 1
1d9eacb3161f1e2b45550389ecf7c535c7199c6b44b1c6a46303f7b965e508f1,176780 2 177303 5 177826 7 178350 7 178873 9 179397 9 179921 9 180445 9 180969 9 181493 9 182017 9
1d9eacb3161f1e2b45550389ecf7c535c7199c6b44b1c6a46303f7b965e508f1,73559 2 74082 4 74605 5 75129 5 75652 6 76176 6 76700 6 77224 6 77749 5 78273 4 78798 3 79322 2 79846 2
1d9eacb3161f1e2b45550389ecf7c535c7199c6b44b1c6a46303f7b965e508f1,21688 3 22212 3 22735 5 23259 5 23782 6 24306 7 24830 7 25353 8 25877 8 26401 8 26924 9 27448 9 27971 10 28496 9 29020 9 29544 9 30068 9 30592 8 31115 9 31639 9 32163 9 32687 9 33211 9 33735 9 34259 9 34783 9 35307 9 35831 9 36355 9 36879 9 37402 10 37926 10 38450 10 38975 9 39499 9 40027 5 40551 5 41075 6 41599 6 42123 6 42647 6 43171 6 43695 6 44219 6 44743 6 45267 6 45791 6 46315 6 46839 6 47363 5 47887 5 48411 4 48936 3 49460 3 49984 2
1d9eacb3161f1e2b45550389ecf7c535c7199c6b44b1c6a46303f7b965e508f1,58948 1 59471 2 59995 2 60518 3 61042 4 61566 4 62090 4 62614 4 63138 4 63662 4 64186 4 64710 4 65234 4 65758 4 66282 4 66806 4 67330 4 67854 4 68378 4 68902 4 69426 4 69949 5 70473 5 70997 5 71521 5 72045 5 72568 6 73092 6 73616 6 74140 6 74664 6 75188 6 75712 6 76236 6 76759 7 77283 7 77807 6 78331 6 78855 6 79379 6 79902 7 80426 6 80950 6 81474 6 81998 6 82522 6 83046 6 83570 5 84094 5 84618 5 85142 5 85666 5 86190 5 86714 5 87238 4 87762 4 88286 4 88810 4 89334 4 89858 4 90382 4 90906 4 91430 4 91954 3 92478 3 93002 2
1d9eacb3161f1e2b45550389ecf7c535c7199c6b44b1c6a46303f7b965e508f1,13889 3 14413 4 14936 5 15460 5 15983 6 16507 6 17030 7 17554 7 18078 7 18602 7 19126 7 19649 8 20173 8 20697 8 21221 7 21744 8 22268 8 22792 8 23316 8 23840 7 24363 8 24887 8 25411 8 25935 8 26459 7 26983 7 27507 7 28031 6 28554 7 29078 7 29601 7 30125 7 30649 7 31173 7 31697 7 32221 7 32745 7 33268 7 33792 7 34316 7 34840 7 35364 7 35888 7 36412 6 36936 6 37460 5 37984 4 38509 2
1d9eacb3161f1e2b45550389ecf7c535c7199c6b44b1c6a46303f7b965e508f1,75724 3 76248 3 76771 4 77295 4 77819 4 78342 5 78866 5 79390 5 79914 5 80438 5 80961 6 81485 6 82010 5 82533 5 83057 5 83581 5 84105 5 84628 6 85152 6 85676 6 86200 5 86724 5 87248 5 87772 5 88295 6 88819 6 89343 6 89867 6 90391 6 90915 6 91438 7 91962 6 92486 6 93010 6 93534 6 94057 7 94581 7 95105 7 95629 7 96153 7 96677 6 97200 7 97724 7 98248 7 98772 7 99296 6 99820 6 100344 6 100868 5 101392 4 101916 4 102441 2
1d9eacb3161f1e2b45550389ecf7c535c7199c6b44b1c6a46303f7b965e508f1,100398 2 100920 6 101443 8 101967 9 102491 10 103014 11 103539 11 104063 11 104587 11 105111 11 105635 11 106159 11 106684 10 107208 10 107732 10 108256 9 108781 8 109305 7 109829 7 110354 5 110879 3
1d9eacb3161f1e2b45550389ecf7c535c7199c6b44b1c6a46303f7b965e508f1,319 5 843 5 1367 4 1890 5 2414 5 2938 5 3462 5 3986 5 4509 6 5033 6 5557 6 6081 6 6605 6 7129 5 7653 5 8177 5 8701 5 9225 5 9749 5 10273 5 10796 6 11320 6 11844 6 12368 5 12892 5 13416 5 13940 5 14464 5 14988 6 15512 6 16036 6 16560 6 17084 5 17608 5 18132 5 18656 5 19180 5 19704 5 20228 5 20751 6 21275 6 21799 6 22323 6 22847 6 23371 6 23895 6 24419 6 24943 6 25467 6 25991 6 26515 6 27039 5 27563 5 28087 5 28611 5 29135 5 29659 5 30183 5 30706 6 31230 6 31754 6 32278 6 32802 6 33326 6 33850 5 34374 5 34897 6 35421 5 35945 5 36470 3 36994 3 37518 3 38042 4 38566 4 39090 4 39614 4 40139 2
1d9eacb3161f1e2b45550389ecf7c535c7199c6b44b1c6a46303f7b965e508f1,162253 3 162776 5 163300 5 163823 6 164347 5 164872 3
1d9eacb3161f1e2b45550389ecf7c535c7199c6b44b1c6a46303f7b965e508f1,46468 3 46991 5 47515 5 48038 6 48562 6 49085 7 49609 7 50133 7 50656 9 51180 9 51704 9 52227 10 52751 10 53275 9 53799 9 54323 9 54847 9 55371 9 55894 10 56418 10 56942 10 57466 10 57990 9 58514 9 59038 9 59562 9 60086 9 60610 8 61134 8 61658 7 62181 8 62705 7 63229 7 63753 7 64278 5 64802 5 65327 4 65851 3 66376 2
1d9eacb3161f1e2b45550389ecf7c535c7199c6b44b1c6a46303f7b965e508f1,22890 3 23410 8 23934 8 24458 9 24982 9 25506 9 26030 9 26554 9 27078 9 27601 9 28125 9 28649 9 29173 9 29697 9 30220 10 30744 9 31268 9 31792 9 32315 10 32839 10 33363 10 33887 10 34411 9 34934 10 35458 10 35982 10 36506 10 37030 10 37554 10 38078 9 38602 9 39126 9 39650 9 40174 9 40699 7 41223 7 41748 6 42273 4 42798 2
1d9eacb3161f1e2b45550389ecf7c535c7199c6b44b1c6a46303f7b965e508f1,161780 1 162302 4 162825 6 163348 8 163872 8 164395 9 164918 10 165442 10 165965 11 166488 12 167012 11 167536 11 168059 12 168583 12 169107 11 169631 11 170154 12 170678 11 171202 11 171725 11 172248 11 172771 11 173294 11 173816 12 174339 13 174862 13 175385 14 175908 15 176431 16 176955 16 177478 17 178002 17 178526 17 179049 18 179573 19 180098 18 180622 18 181146 18 181670 18 182194 18
1d9eacb3161f1e2b45550389ecf7c535c7199c6b44b1c6a46303f7b965e508f1,77404 2 77928 2 78452 2 78976 2 79500 2 80024 1
1d9eacb3161f1e2b45550389ecf7c535c7199c6b44b1c6a46303f7b965e508f1,71641 2 72165 2 72689 2
1d9eacb3161f1e2b45550389ecf7c535c7199c6b44b1c6a46303f7b965e508f1,116223 2 116745 4 117267 6 117790 7 118313 7 118836 7 119359 8 119881 9 120405 8 120928 9 121451 9 121974 9 122497 9 123020 10 123543 10 124066 11 124589 11 125112 11 125636 10 126159 10 126682 11 127206 10 127729 10 128253 10 128776 10 129300 9 129824 8 130347 9 130871 8 131394 8 131918 8 132442 7 132966 7 133489 7 134013 6 134537 5 135062 3
1d9eacb3161f1e2b45550389ecf7c535c7199c6b44b1c6a46303f7b965e508f1,146607 5 147130 7 147654 7 148177 9 148701 9 149224 11 149748 12 150272 13 150795 15 151319 15 151842 16 152366 16 152890 15 153413 16 153937 16 154461 16 154985 16 155509 17 156034 17 156559 16 157084 14 157609 16 158133 17 158658 16 159182 17 159706 17 160231 16 160755 16 161279 16 161803 16 162327 16 162851 15 163375 15 163899 15 164423 15 164946 16 165470 16 165994 16 166518 16 167042 16 167566 16 168090 16 168614 16 169139 14 169663 13 170188 12 170713 10 171239 6
1d9eacb3161f1e2b45550389ecf7c535c7199c6b44b1c6a46303f7b965e508f1,88459 3 88982 5 89505 7 90028 8 90552 8 91075 9 91599 9 92122 9 92646 13 93170 14 93694 15 94218 15 94742 15 95266 14 95789 15 96313 15 96837 14 97361 14 97885 14 98410 12 98934 12 99459 10 99984 8 100510 5
1d9eacb3161f1e2b45550389ecf7c535c7199c6b44b1c6a46303f7b965e508f1,423 7 947 7 1472 6 1996 6 2520 6 3044 6 3568 6 4092 6 4616 6 5140 6 5664 6 6188 6 6713 5 7237 5 7761 5 8286 4 8810 4 9335 3 9860 1
1d9eacb3161f1e2b45550389ecf7c535c7199c6b44b1c6a46303f7b965e508f1,56501 5 57024 7 57547 9 58071 10 58594 11 59118 11 59641 13 60165 13 60689 13 61213 13 61737 13 62261 13 62785 13 63309 13 63833 12 64357 12 64882 10 65406 9 65931 7 66457 4
1d9eacb3161f1e2b45550389ecf7c535c7199c6b44b1c6a46303f7b965e508f1,101054 3 101577 6 102100 7 102623 9 103146 10 103669 11 104192 12 104716 12 105239 12 105763 12 106286 13 106809 13 107333 12 107857 12 108380 12 108903 12 109427 12 109950 12 110474 12 110997 12 111521 11 112044 12 112568 11 113091 12 113615 11 114139 11 114663 10 115187 10 115711 9 116234 9 116759 7 117283 5
1d9eacb3161f1e2b45550389ecf7c535c7199c6b44b1c6a46303f7b965e508f1,114678 1 115201 2 115724 3 116247 4 116770 4 117293 5 117817 5 118340 5 118863 6 119386 7 119910 7 120433 8 120957 8 121480 9 122004 9 122527 10 123051 10 123575 9 124099 6 124623 5 125146 3 125670 3 126195 1
1d9eacb3161f1e2b45550389ecf7c535c7199c6b44b1c6a46303f7b965e508f1,139831 5 140354 6 140878 6 141401 8 141924 9 142448 9 142971 10 143495 10 144018 11 144541 12 145065 12 145589 11 146113 11 146636 12 147160 11 147684 11 148208 11 148732 10 149257 9 149781 8 150309 3 150834 1
1d9eacb3161f1e2b45550389ecf7c535c7199c6b44b1c6a46303f7b965e508f1,72269 1 72774 10 72790 5 73295 25 73818 26 74342 26 74867 26 75391 27 75915 28 76439 28 76964 28 77488 28 78013 28 78538 27 79063 26 79588 25 80115 22 80640 20 81165 19 81689 19 82213 18 82737 18 83260 19 83784 19 84308 19 84832 18 85355 19 85880 17 86404 16 86928 15 87452 15 87976 15 88500 14 89024 13 89549 11 90073 10 90599 7
1d9eacb3161f1e2b45550389ecf7c535c7199c6b44b1c6a46303f7b965e508f1,118368 2 118891 3 119414 4 119938 3 120462 3 120986 3 121510 2 122034 2 122557 3 123081 4 123604 5 124128 5 124652 4 125177 3
1d9eacb3161f1e2b45550389ecf7c535c7199c6b44b1c6a46303f7b965e508f1,142484 5 143007 7 143530 8 144053 9 144576 10 145100 10 145623 10 146146 11 146670 11 147193 11 147717 11 148241 10 148765 10 149289 9 149813 9 150337 8 150861 8 151385 7 151909 7 152433 6 152957 6 153481 5 154006 3
1d9eacb3161f1e2b45550389ecf7c535c7199c6b44b1c6a46303f7b965e508f1,20938 3 21461 4 21984 6 22508 6 23031 7 23547 3 23555 7 24069 7 24078 8 24592 18 25116 17 25639 18 26163 18 26686 19 27210 18 27734 18 28258 18 28782 18 29305 19 29829 18 30353 18 30877 18 31401 18 31925 19 32449 19 32973 19 33498 18 34023 17 34548 16 35072 16 35596 15 36120 15 36644 15 37168 15 37692 15 38215 15 38739 10 39263 9 39786 9 40309 9 40832 10 41355 10 41879 10 42402 10 42926 10 43450 10 43973 10 44497 10 45021 10 45544 11 46068 11 46592 11 47115 12 47639 12 48163 11 48686 12 49210 12 49733 13 50257 12 50781 12 51304 13 51828 12 52351 13 52874 14 53398 13 53922 12 54446 12 54970 12 55494 11 56018 11 56542 10 57066 9 57591 8 58115 7 58641 4 59167 1
1d9eacb3161f1e2b45550389ecf7c535c7199c6b44b1c6a46303f7b965e508f1,130448 2 130970 6 131494 7 132017 8 132541 9 133064 10 133588 10 134112 10 134635 11 135159 11 135683 11 136207 11 136731 10 137255 10 137779 10 138303 10 138827 10 139351 10 139875 10 140399 10 140923 9 141447 9 141972 8 142496 8 143021 7 143545 7 144070 6 144595 5 145119 5 145644 4
1d9eacb3161f1e2b45550389ecf7c535c7199c6b44b1c6a46303f7b965e508f1,155606 4 156129 6 156652 8 157176 8 157699 10 158223 10 158747 10 159270 12 159794 12 160318 12 160842 12 161366 12 161890 11 162414 11 162938 11 163461 11 163985 11 164509 10 165032 10 165556 10 166080 9 166604 8 167128 8 167653 6 168177 5 168702 3
1d9eacb3161f1e2b45550389ecf7c535c7199c6b44b1c6a46303f7b965e508f1,114207 3 114730 6 115253 7 115777 8 116301 8 116825 9 117349 9 117873 9 118397 9 118921 9 119445 9 119969 9 120493 9 121018 8 121542 7 122067 5 122593 2
1d9eacb3161f1e2b45550389ecf7c535c7199c6b44b1c6a46303f7b965e508f1,84868 1 85390 5 85914 5 86437 6 86961 6 87486 5 88011 3
1d9eacb3161f1e2b45550389ecf7c535c7199c6b44b1c6a46303f7b965e508f1,63915 4 64438 6 64961 7 65485 8 66009 8 66532 10 67056 11 67579 12 68102 13 68626 13 69149 15 69673 14 70196 15 70720 14 71243 14 71767 13 72290 13 72814 12 73338 10 73862 9 74387 8 74911 7 75436 5 75962 2
1d9eacb3161f1e2b45550389ecf7c535c7199c6b44b1c6a46303f7b965e508f1,144624 1 145147 2 145671 2 146195 2 146719 2 147243 2 147767 2 148290 3 148814 3 149338 3 149862 3 150386 3 150910 3 151435 2 151959 2 152483 2 153007 2 153531 2 154055 2 154579 2 155104 1 155628 1 156152 1 156676 1
1ef68e93964c2d9230100c1347c328f6385a7bc027879dc3d4c055e6fe80cb3c,11789 6 12043 9 12299 10 12554 11 12810 12 13066 12 13322 12 13578 12 13834 11 14090 10 14347 9 14604 7 14861 4
1ef68e93964c2d9230100c1347c328f6385a7bc027879dc3d4c055e6fe80cb3c,5649 4 5904 7 6158 10 6414 11 6669 12 6925 12 7181 13 7436 14 7692 13 7949 12 8205 11 8462 8
1ef68e93964c2d9230100c1347c328f6385a7bc027879dc3d4c055e6fe80cb3c,41238 3 41493 6 41744 12 41998 15 42254 16 42509 17 42765 17 43021 17 43277 17 43533 17 43789 17 44046 15 44302 14 44559 6 44566 5
1ef68e93964c2d9230100c1347c328f6385a7bc027879dc3d4c055e6fe80cb3c,18199 8 18453 11 18709 11 18965 12 19221 12 19477 12 19733 12 19989 12 20245 11 20502 10 20759 8 21016 5
1ef68e93964c2d9230100c1347c328f6385a7bc027879dc3d4c055e6fe80cb3c,31519 2 31528 2 31771 9 31782 6 32025 20 32280 21 32535 23 32790 24 33046 25 33301 26 33557 26 33813 17 33831 8 34069 17 34088 7 34326 15 34345 6 34583 13 34601 6 34841 10 34858 5 35100 5 35115 2
1ef68e93964c2d9230100c1347c328f6385a7bc027879dc3d4c055e6fe80cb3c,12839 4 13094 5 13349 7 13604 8 13860 9 14115 10 14371 10 14627 10 14883 10 15139 10 15395 9 15652 8 15908 8 16165 6 16422 4
1ef68e93964c2d9230100c1347c328f6385a7bc027879dc3d4c055e6fe80cb3c,62790 5 63044 8 63299 10 63555 10 63810 11 64066 12 64322 12 64578 11 64835 10 65091 10 65347 9
1ef68e93964c2d9230100c1347c328f6385a7bc027879dc3d4c055e6fe80cb3c,8021 6 8276 8 8524 5 8532 9 8778 19 9033 21 9289 21 9544 22 9800 22 10056 21 10312 19 10568 17 10825 15 11081 14 11337 14 11593 14 11849 15 12105 14 12362 13 12618 13 12875 10 13134 5
1ef68e93964c2d9230100c1347c328f6385a7bc027879dc3d4c055e6fe80cb3c,18775 5 19028 10 19283 13 19538 14 19793 16 20049 17 20304 18 20560 18 20817 17 21073 17 21330 16 21586 15 21843 13 22101 10
1ef68e93964c2d9230100c1347c328f6385a7bc027879dc3d4c055e6fe80cb3c,11888 5 12142 8 12396 10 12652 10 12908 11 13164 11 13420 11 13676 11 13933 9 14190 8 14448 4
1ef68e93964c2d9230100c1347c328f6385a7bc027879dc3d4c055e6fe80cb3c,12924 6 13180 7 13435 9 13691 10 13948 9 14204 10 14461 8 14718 6
1ef68e93964c2d9230100c1347c328f6385a7bc027879dc3d4c055e6fe80cb3c,134 10 391 9 648 7 906 3
1ef68e93964c2d9230100c1347c328f6385a7bc027879dc3d4c055e6fe80cb3c,1166 4 1421 6 1676 8 1931 10 2186 12 2441 14 2697 14 2954 13 3210 12 3467 11 3729 4
1ef68e93964c2d9230100c1347c328f6385a7bc027879dc3d4c055e6fe80cb3c,20113 4 20367 8 20622 10 20878 10 21133 12 21389 12 21645 12 21902 11 22158 11 22414 11 22671 10 22927 10 23182 10 23436 11 23692 8 23947 9 24204 8 24460 7 24717 6 24974 4
1ef68e93964c2d9230100c1347c328f6385a7bc027879dc3d4c055e6fe80cb3c,9374 2 9628 8 9882 11 10137 13 10392 14 10647 15 10902 17 11157 18 11413 17 11669 17 11925 17 12181 16 12437 15 12693 14 12950 12 13207 10 13464 7 13721 4
1ef68e93964c2d9230100c1347c328f6385a7bc027879dc3d4c055e6fe80cb3c,17569 1 17824 5 18080 6 18335 8 18591 8 18847 8 19103 7 19359 6 19617 3
1ef68e93964c2d9230100c1347c328f6385a7bc027879dc3d4c055e6fe80cb3c,23715 3 23969 6 24225 7 24480 9 24736 9 24992 9 25248 9 25504 9 25760 9 26017 7 26275 4
1ef68e93964c2d9230100c1347c328f6385a7bc027879dc3d4c055e6fe80cb3c,168 5 423 7 679 7 934 8 1190 9 1445 10 1701 10 1957 10 2214 9 2472 6
1ef68e93964c2d9230100c1347c328f6385a7bc027879dc3d4c055e6fe80cb3c,13482 3 13737 5 13991 8 14246 9 14501 10 14757 9 15013 9 15269 8 15526 6 15783 4
1ef68e93964c2d9230100c1347c328f6385a7bc027879dc3d4c055e6fe80cb3c,7866 6 8121 7 8376 9 8631 10 8887 10 9143 10 9399 10 9655 10 9911 9 10168 7 10425 5
1ef68e93964c2d9230100c1347c328f6385a7bc027879dc3d4c055e6fe80cb3c,7666 6 7921 8 8176 10 8432 9 8689 7 8945 7 9201 7 9458 3 9462 3 9720 1
1ef68e93964c2d9230100c1347c328f6385a7bc027879dc3d4c055e6fe80cb3c,20479 2 20727 2 20734 3 20982 5 20989 4 21238 11 21493 12 21749 12 22005 12 22261 12 22518 11 22774 11 23030 11 23287 10 23544 9 23801 8 24059 6
1ef68e93964c2d9230100c1347c328f6385a7bc027879dc3d4c055e6fe80cb3c,2043 6 2296 9 2552 9 2807 10 3063 10 3319 10 3575 10 3832 9 4089 8 4346 7
259b35151d4a7a5ffdd7ab7f171b142db8cfe40beeee67277fac6adca4d042c4,106 6 115 63 180 100 282 5 290 15 307 19 617 7 627 165 794 6 801 15 819 19 1128 9 1138 166 1305 22 1332 20 1639 199 1845 19 2151 199 2357 4 2363 13 2663 176 2840 23 2870 3 2874 15 3175 204 3386 15 3687 6 3695 196 3898 15 4199 6 4207 196 4409 17 4710 7 4718 165 4886 29 4921 18 5221 7 5230 164 5397 30 5432 20 5732 8 5742 163 5909 6 5917 23 5944 20 6244 8 6253 164 6420 6 6430 22 6454 22 6756 174 6931 6 6942 4 6948 40 7268 182 7454 4 7460 40 7781 181 7966 4 7972 39 8293 182 8477 46 8805 147 8956 78 9318 140 9461 1 9468 78 9829 142 9974 1 9980 78 10341 147 10492 78 10852 149 11003 59 11063 19 11364 153 11520 53 11576 18 11876 152 12033 52 12088 17 12388 153 12545 52 12599 18 12900 163 13066 63 13412 229 13861 2 13924 230 14372 3 14435 232 14884 3 14946 233 15396 3 15457 234 15909 3 15968 235 16421 4 16479 236 16933 4 16989 239 17444 6 17499 247 17955 7 18009 250 18466 8 18492 10 18520 252 18977 9 18996 20 19031 254 19489 9 19503 27 19542 256 19999 11 20013 30 20054 257 20510 48 20566 258 21021 52 21078 259 21533 53 21591 258 22045 53 22103 258 22557 53 22615 259 23068 54 23127 259 23580 54 23640 258 24092 54 24152 258 24603 55 24664 259 25115 10 25126 43 25176 259 25627 8 25639 42 25687 261 26139 6 26151 43 26199 262 26651 5 26663 43 26711 263 27175 43 27222 264 27687 43 27734 265 28198 44 28245 266 28710 43 28757 266 29222 43 29269 266 29734 43 29780 267 30234 3 30245 43 30292 267 30745 3 30757 43 30803 268 31257 3 31269 43 31315 268 31767 4 31781 42 31826 269 32278 4 32293 41 32337 270 32789 4 32805 40 32849 270 33301 4 33317 40 33360 271 33813 3 33829 314 34325 3 34342 314 34838 1 34854 314 35351 1 35366 315 35862 6 35878 315 36373 8 36391 315 36885 9 36903 315 37396 10 37416 315 37908 10 37922 1 37929 314 38420 10 38433 3 38442 314 38926 16 38945 4 38955 313 39438 16 39456 5 39468 12 39482 298 39949 17 39968 6 39981 7 39994 298 40461 27 40505 300 40973 30 41016 301 41485 33 41526 303 41996 345 42508 345 43021 1 43024 342 43537 341 44049 341 44561 342 45072 343 45584 343 46095 344 46605 346 47116 348 47627 349 48139 349 48650 350 49162 351 49675 1 49680 345 50192 345 50705 344 51219 342 51731 342 52243 343 52754 344 53265 345 53774 348 54285 349 54795 351 55307 350 55818 351 56329 5 56335 346 56841 352 57352 196 57551 154 57860 200 58063 153 58370 358 58881 359 59393 359 59905 360 60417 360 60929 360 61441 198 61644 157 61953 195 62158 155 62465 193 62671 2 62678 4 62684 141 62977 193 63191 1 63198 139 63489 194 63716 132 64001 22 64025 172 64228 132 64513 22 64537 174 64741 131 65025 21 65049 175 65231 3 65256 128 65537 21 65560 177 65740 7 65773 123 66049 200 66251 10 66286 122 66561 212 66788 3 66798 121 67073 213 67300 7 67309 122 67585 214 67811 11 67826 117 68097 218 68319 1 68322 11 68339 115 68609 218 68830 15 68851 5 68858 108 69121 219 69341 15 69363 3 69371 106 69633 188 69825 10 69838 30 69875 2 69886 11 69899 3 69904 85 70145 186 70338 8 70352 28 70386 3 70399 9 70411 90 70657 186 70850 7 70866 27 70897 5 70912 4 70923 89 71169 185 71362 7 71381 25 71408 7 71424 3 71435 88 71681 185 71873 8 71898 32 71936 2 71947 88 72193 186 72385 9 72415 28 72448 1 72459 86 72705 186 72896 7 72904 3 72908 3 72928 27 72959 2 72971 85 73217 184 73408 5 73417 6 73440 27 73470 3 73483 85 73729 184 73920 3 73929 6 73952 34 73995 3 74000 79 74241 183 74441 6 74464 34 74507 3 74512 78 74753 183 74953 7 74976 35 75023 78 75265 183 75465 8 75488 8 75499 27 75535 78 75777 183 75978 7 76002 4 76012 28 76047 77 76289 183 76492 5 76506 1 76525 28 76559 76 76801 184 77004 5 77018 1 77037 28 77071 74 77313 185 77517 2 77530 1 77549 3 77553 25 77583 71 77825 187 78042 1 78056 2 78060 18 78080 10 78094 67 78337 188 78554 6 78567 22 78593 76 78849 188 79065 8 79079 21 79105 75 79361 188 79576 8 79591 21 79617 22 79641 51 79873 188 80089 7 80104 20 80129 21 80153 21 80178 25 80386 186 80602 5 80616 20 80641 20 80665 21 80690 25 80897 187 81116 3 81127 8 81138 11 81153 7 81163 7 81176 22 81202 25 81409 186 81629 2 81638 9 81650 12 81664 7 81676 3 81688 51 81921 179 82142 5 82149 9 82161 13 82176 8 82199 53 82433 178 82654 41 82710 3 82716 23 82743 21 82945 177 83166 32 83201 2 83221 3 83229 22 83256 20 83457 177 83679 31 83730 5 83741 22 83768 21 83969 178 84160 2 84191 32 84235 12 84254 47 84481 179 84670 7 84704 31 84747 12 84766 47 84993 183 85181 9 85216 3 85220 28 85251 6 85260 12 85278 7 85289 36 85505 183 85691 13 85727 43 85772 14 85788 8 85802 36 86017 183 86201 16 86239 68 86314 36 86529 187 86718 11 86751 68 86826 36 87041 187 87231 10 87262 68 87338 36 87553 186 87745 8 87774 68 87850 36 88065 185 88258 6 88286 67 88361 36 88577 174 88758 4 88772 4 88798 51 88852 12 88873 36 89089 174 89270 5 89285 2 89310 50 89365 10 89380 41 89601 168 89771 4 89782 8 89797 2 89812 5 89822 50 89877 10 89891 42 90113 162 90284 3 90294 8 90307 4 90319 10 90335 49 90389 55 90625 161 90796 3 90806 7 90818 9 90829 11 90847 50 90901 55 91137 161 91309 3 91318 7 91328 24 91360 76 91437 31 91649 162 91820 5 91830 34 91873 73 91950 30 92161 163 92331 6 92342 34 92385 73 92462 30 92673 162 92841 10 92852 36 92897 73 92974 29 93185 161 93352 48 93408 74 93486 29 93697 161 93864 48 93921 6 93929 12 93945 50 93998 28 94209 215 94434 5 94441 11 94463 45 94509 29 94721 215 94939 1 94948 3 94953 10 94976 8 94988 62 95233 197 95432 21 95460 15 95491 4 95501 60 95745 197 95945 21 95972 15 96013 24 96039 34 96260 173 96435 11 96448 6 96457 21 96484 15 96525 23 96551 33 96772 171 96948 9 96961 36 96999 12 97036 5 97047 13 97064 32 97285 169 97460 9 97472 36 97512 10 97543 10 97560 12 97576 30 97798 168 97972 47 98025 5 98052 12 98073 11 98089 29 98310 169 98482 40 98527 4 98562 14 98585 13 98601 28 98822 26 98852 1 98854 179 99073 15 99097 2 99102 9 99113 28 99334 25 99366 178 99586 5 99593 7 99609 1 99615 37 99846 24 99876 179 100105 7 100120 2 100128 36 100358 24 100386 178 100618 5 100632 2 100641 34 100871 204 101130 5 101143 3 101153 34 101383 204 101642 5 101649 10 101665 33 101889 3 101894 205 102155 17 102176 32 102401 210 102667 3 102672 47 102913 30 102952 161 103180 1 103185 46 103425 29 103464 151 103618 4 103697 45 103937 29 103976 150 104130 3 104209 45 104449 30 104488 149 104641 3 104721 45 104961 35 104998 151 105153 2 105233 44 105473 186 105664 2 105744 45 105985 181 106249 2 106255 46 106497 181 106761 2 106766 46 107009 61 107072 118 107272 4 107278 45 107521 60 107585 118 107784 5 107790 44 108033 61 108096 119 108295 50 108545 175 108721 6 108808 49 109057 172 109235 4 109321 48 109569 172 109838 35 109878 2 110081 174 110351 33 110593 175 110865 30 111105 175 111379 27 111617 174 111892 25 112129 173 112406 22 112641 171 112919 19 113153 168 113434 14 113665 167 113949 10 114177 167 114689 166 115201 165 115713 164 116225 164 116737 164 117249 163 117761 163 118273 163 118785 164 119297 164 119809 164 120321 163 120833 163 121345 163 121857 163 122369 163 122881 163 123393 163 123905 163 124417 164 124929 164 125441 164 125953 165 126465 165 126977 165 127489 165 128001 165 128513 164 129025 164 129537 163 130049 163 130561 163 131073 164 131585 165 132097 165 132609 165 133121 165 133633 166 134145 167 134657 168 135169 169 135681 171 136193 175 136705 177 137217 180 137729 182 138241 183 138753 183 139265 182 139777 182 140289 182 140801 182 141313 181 141825 181 142337 170 142511 6 142849 170 143024 5 143361 170 143536 5 143873 169 144049 4 144385 168 144561 4 144897 167 145073 4 145409 165 145584 5 145921 162 146097 4 146433 126 146562 32 146945 126 147075 31 147457 126 147587 29 147969 127 148099 27 148481 128 148610 26 148993 154 149505 151 150017 151 150529 150 151041 150 151553 149 152065 149 152577 148 153089 147 153601 147 154113 146 154625 145 155137 113 155252 29 155649 114 155764 29 156161 143 156673 116 156791 25 157185 116 157304 24 157697 116 157817 23 158209 115 158327 25 158721 143 159233 144 159745 145 160257 130 160390 12 160769 130 160902 11 161281 130 161414 10 161793 141 162305 140 162817 140 163329 139 163841 139 164353 129 164483 9 164865 128 164996 10 165377 128 165508 11 165889 129 166019 12 166401 137 166540 3 166913 136 167053 3 167425 136 167565 3 167937 136 168078 4 168449 136 168590 6 168961 136 169102 6 169473 137 169614 7 169985 150 170497 150 171009 150 171521 150 172033 150 172545 150 172859 7 173057 150 173371 9 173569 140 173710 10 173883 10 174081 140 174223 10 174396 11 174593 140 174736 12 174909 11 175105 141 175248 15 175422 10 175617 159 175935 10 176129 160 176449 9 176641 161 176807 2 176962 8 177153 162 177317 5 177475 7 177665 172 177988 7 178177 173 178365 3 178501 7 178689 172 178877 3 179014 7 179201 171 179389 3 179526 8 179713 171 179901 3 180038 9 180225 171 180412 4 180546 14 180737 172 180920 8 181058 16 181249 175 181431 9 181571 16 181761 177 181942 10 182084 16 182273 191 182597 18 182785 191 183112 17 183297 191 183625 17 183809 191 184138 17 184321 191 184650 18 184833 191 185162 19 185345 190 185674 21 185857 189 186186 23 186369 189 186690 32 186881 188 187201 35 187393 188 187712 38 187905 189 188220 45 188417 192 188728 52 188929 193 189239 55 189441 195 189750 57 189953 196 190262 58 190465 197 190774 60 190977 199 191286 61 191489 200 191695 4 191799 61 192001 201 192206 6 192314 59 192513 202 192717 8 192827 7 192839 46 193025 212 193242 2 193341 1 193363 35 193537 213 193753 3 193877 34 194049 213 194264 4 194390 34 194561 199 194764 2 194769 9 194904 33 195073 199 195282 7 195418 31 195585 199 195795 5 195932 30 196097 199 196308 3 196445 29 196609 199 196814 3 196820 2 196958 29 197121 201 197324 6 197331 3 197341 1 197471 28 197633 213 197852 4 197984 28 198145 213 198364 5 198497 27 198657 213 198876 10 199010 27 199169 214 199388 10 199522 27 199681 229 200035 27 200193 13 200215 198 200417 5 200547 27 200705 13 200728 177 200909 17 200930 3 201059 27 201217 27 201248 169 201423 15 201571 28 201729 28 201761 167 201935 16 202084 27 202241 29 202273 166 202444 19 202474 1 202596 27 202753 198 202955 20 202985 3 203108 28 203265 4 203271 191 203467 8 203478 10 203496 4 203591 2 203611 2 203619 29 203777 3 203783 30 203814 160 203979 8 203990 11 204008 4 204100 6 204121 6 204131 29 204289 3 204294 31 204327 160 204491 8 204501 13 204519 6 204611 8 204626 2 204633 40 204801 36 204839 160 205003 36 205122 10 205134 4 205147 38 205313 190 205505 6 205515 36 205635 14 205660 37 205825 189 206018 4 206026 32 206062 1 206147 14 206164 2 206172 37 206337 32 206371 154 206537 33 206660 14 206675 4 206684 37 206849 32 206884 153 207049 33 207173 19 207195 38 207363 187 207562 17 207582 12 207685 12 207699 46 207875 187 208074 16 208095 11 208111 8 208198 9 208212 46 208387 188 208585 17 208606 12 208623 9 208711 8 208725 45 208899 189 209099 15 209117 12 209135 8 209223 10 209238 43 209411 189 209613 26 209647 8 209734 12 209751 42 209922 190 210125 26 210157 9 210245 14 210263 42 210434 190 210637 26 210666 11 210756 61 210946 190 211157 18 211177 13 211268 61 211459 189 211670 33 211779 61 211971 189 212183 6 212192 25 212290 62 212483 189 212696 4 212704 26 212801 27 212830 34 212996 187 213209 2 213216 19 213238 4 213314 26 213342 34 213508 187 213730 16 213750 3 213826 62 214021 186 214242 15 214262 3 214339 61 214533 186 214754 7 214766 3 214775 1 214852 60 215046 185 215265 8 215278 2 215287 1 215365 58 215558 185 215777 8 215789 2 215799 2 215878 57 216071 174 216246 4 216289 7 216300 3 216311 2 216390 57 216584 177 216801 8 216810 5 216822 3 216903 56 217097 176 217310 3 217316 10 217334 3 217401 3 217414 57 217610 175 217821 4 217829 7 217846 2 217911 6 217926 57 218124 173 218333 5 218339 9 218357 3 218422 8 218432 63 218625 1 218637 172 218845 4 218851 9 218865 3 218932 17 218951 56 219137 2 219151 164 219317 4 219357 4 219362 10 219376 4 219404 3 219443 18 219464 55 219649 3 219665 162 219829 3 219873 11 219887 5 219915 4 219955 17 219976 55 220161 4 220178 162 220347 3 220384 12 220397 7 220426 6 220467 17 220488 55 220673 5 220692 161 220858 4 220896 12 220909 7 220938 6 220979 17 221001 54 221185 7 221206 168 221409 19 221449 7 221491 3 221496 11 221513 55 221697 9 221720 163 221922 17 221961 8 222003 1 222025 55 222209 11 222234 160 222434 6 222443 7 222472 9 222514 1 222536 55 222721 12 222748 158 222946 6 222956 5 222983 10 223026 1 223048 22 223072 11 223085 18 223233 14 223268 11 223283 135 223457 7 223469 4 223493 13 223537 2 223560 20 223584 10 223598 17 223745 15 223796 142 223970 6 223981 3 224005 13 224072 20 224096 10 224109 17 224257 16 224308 141 224483 5 224493 3 224516 9 224528 2 224584 20 224607 30 224769 16 224819 142 224996 4 225005 3 225028 8 225096 50 225281 18 225329 137 225468 4 225509 4 225517 3 225538 10 225608 48 225793 20 225840 139 225980 3 226021 5 226029 4 226049 11 226076 3 226120 47 226305 22 226351 141 226533 6 226541 7 226560 12 226587 5 226632 46 226817 23 226863 141 227044 17 227071 13 227099 6 227142 49 227329 25 227370 1 227373 144 227556 18 227580 16 227611 6 227653 51 227841 31 227878 151 228063 45 228113 4 228123 7 228164 53 228353 187 228573 46 228625 4 228635 8 228647 2 228675 54 228865 186 229084 47 229136 6 229146 16 229186 56 229377 184 229596 47 229647 7 229657 17 229699 3 229706 47 229889 184 230109 46 230158 9 230169 17 230218 47 230401 183 230621 59 230688 9 230729 48 230913 184 231132 66 231201 4 231240 48 231425 188 231644 48 231693 19 231713 4 231721 7 231751 17 231770 30 231937 189 232138 3 232155 48 232207 6 232215 15 232231 10 232260 19 232283 29 232449 189 232642 2 232650 3 232667 47 232719 3 232728 25 232770 21 232795 29 232961 195 233163 2 233172 3 233179 48 233231 3 233241 25 233281 21 233307 30 233473 195 233675 4 233683 5 233692 49 233742 4 233753 25 233793 22 233819 30 233985 195 234187 5 234195 5 234203 55 234265 25 234305 22 234330 31 234497 195 234699 13 234714 54 234776 18 234797 6 234815 57 235009 195 235212 67 235287 18 235310 5 235326 58 235521 196 235725 66 235798 18 235823 3 235837 59 236033 197 236237 66 236306 22 236335 3 236348 60 236545 198 236749 83 236847 2 236860 60 237057 200 237260 83 237359 2 237371 61 237569 286 237883 61 238081 192 238276 90 238367 3 238395 60 238593 193 238788 84 238874 2 238878 5 238906 61 239105 278 239390 6 239407 5 239415 64 239617 278 239902 7 239918 73 240129 241 240371 7 240379 28 240413 90 240641 237 240893 27 240925 90 241153 237 241405 122 241665 237 241918 121 242177 236 242431 7 242441 110 242689 235 242944 6 242953 110 243201 235 243458 4 243465 110 243713 234 243971 116 244225 234 244483 116 244737 234 244995 116 245249 234 245508 115 245761 234 246020 115 246273 233 246533 114 246785 233 247046 113 247297 232 247558 113 247809 232 248070 113 248321 233 248581 114 248833 233 249089 118 249345 234 249598 121 249857 234 250107 124 250369 235 250618 61 250684 59 250881 224 251107 10 251131 58 251197 58 251393 224 251619 10 251644 56 251709 58 251905 224 252131 11 252156 49 252207 4 252222 57 252417 224 252644 2 252648 6 252668 48 252734 57 252929 225 253161 4 253178 50 253247 55 253441 227 253674 2 253686 54 253760 54 253953 228 254186 2 254193 62 254272 54 254465 229 254697 66 254764 4 254785 52 254977 297 255276 6 255286 2 255298 51 255489 297 255788 12 255811 49 256001 297 256300 12 256323 48 256513 297 256812 12 256835 47 257025 9 257035 287 257325 11 257347 46 257537 298 257837 13 257860 44 258049 314 258372 44 258562 303 258866 3 258871 4 258884 43 259073 304 259378 3 259383 4 259396 43 259585 7 259593 299 259896 2 259908 43 260097 7 260106 294 260402 2 260421 41 260609 9 260619 291 260935 39 261121 300 261448 37 261633 298 261960 36 262145 297 262472 35 262657 15 262678 276 262983 34 263169 13 263191 275 263496 32 263681 12 263704 275 264008 31 264193 12 264217 263 264482 5 264490 1 264520 30 264705 13 264729 263 264993 6 265002 1 265031 31 265217 14 265242 269 265513 3 265518 3 265543 30 265729 15 265754 279 266055 19 266077 7 266241 16 266267 278 266566 19 266590 5 266753 16 266779 278 267074 24 267103 3 267265 17 267292 277 267584 27 267614 4 267777 18 267804 277 268095 35 268289 18 268316 277 268605 37 268801 19 268828 269 269112 42 269313 19 269340 267 269621 45 269825 19 269853 266 270131 48 270337 19 270365 267 270642 49 270849 20 270878 268 271154 49 271361 20 271389 274 271665 50 271873 20 271901 325 272385 20 272413 323 272897 21 272925 322 273409 22 273437 322 273921 22 273949 321 274433 23 274462 295 274759 23 274945 23 274974 295 275272 22 275457 23 275487 320 275969 23 275998 225 276229 89 276481 23 276510 224 276741 5 276748 16 276768 62 276993 22 277023 223 277253 4 277260 15 277280 62 277505 22 277535 224 277764 5 277772 14 277791 62 278017 21 278047 233 278283 8 278293 4 278303 62 278529 21 278559 232 278795 7 278814 63 279041 21 279071 232 279307 6 279325 8 279337 15 279354 34 279553 21 279583 231 279820 4 279837 7 279848 15 279866 34 280065 20 280095 230 280333 1 280349 6 280360 15 280378 34 280577 20 280607 206 280815 20 280871 15 280889 35 281089 19 281119 202 281329 5 281336 10 281383 16 281401 34 281601 18 281630 201 281849 12 281868 1 281895 13 281910 6 281917 30 282113 18 282142 200 282362 20 282409 10 282422 4 282431 28 282625 18 282653 200 282875 4 282880 14 282922 8 282935 3 282945 26 283137 17 283165 199 283388 2 283394 11 283426 3 283435 7 283458 24 283649 17 283677 198 283908 9 283932 9 283947 6 283969 25 284161 17 284189 195 284421 8 284443 11 284460 3 284481 25 284673 17 284701 194 284898 7 284916 3 284933 9 284952 14 284977 2 284991 27 285185 16 285213 194 285409 10 285428 4 285446 8 285463 15 285485 10 285501 28 285697 15 285724 207 285940 4 285950 1 285959 8 285974 15 285996 12 286012 29 286209 14 286236 207 286452 6 286459 5 286475 25 286506 15 286524 29 286721 11 286747 209 286965 12 286989 20 287014 18 287037 28 287233 9 287258 210 287477 12 287501 19 287524 20 287551 26 287745 8 287769 211 287989 13 288014 19 288035 21 288064 24 288257 7 288280 212 288502 18 288526 42 288577 23 288769 7 288792 212 289014 8 289023 15 289039 29 289070 10 289089 23 289281 6 289303 213 289526 53 289581 12 289601 23 289793 5 289815 208 290025 2 290038 37 290079 28 290112 24 290305 1 290327 205 290550 36 290595 26 290623 24 290839 205 291063 34 291109 50 291352 204 291575 34 291623 48 291864 204 292074 1 292088 33 292135 48 292375 213 292600 32 292634 5 292647 48 292886 215 293112 8 293121 20 293144 9 293159 48 293394 220 293624 8 293633 20 293654 15 293670 49 293903 224 294135 96 294401 1 294407 233 294647 95 294913 240 295160 94 295425 240 295672 1 295677 88 295937 241 296189 88 296449 244 296701 88 296961 250 297213 87 297473 339 297986 338 298497 338 299010 300 299312 35 299522 299 299825 33 300035 298 300337 33 300548 334 301061 332 301573 332 302086 330 302599 329 303111 329 303624 328 304136 328 304648 264 304913 8 304923 52 305159 264 305426 7 305436 51 305671 264 305938 7 305948 9 305958 41 306183 263 306450 7 306460 8 306471 39 306694 256 306954 5 306962 6 306973 6 306983 39 307205 256 307466 6 307474 6 307484 7 307496 24 307522 11 307717 256 307978 6 307987 3 307992 10 308010 34 308229 257 308489 7 308500 1 308504 9 308523 32 308741 267 309016 9 309035 32 309253 267 309529 8 309547 31 309765 267 310041 7 310058 9 310069 21 310276 284 310569 3 310573 6 310581 21 310787 285 311081 33 311298 287 311595 30 311809 288 312107 30 312321 288 312619 30 312833 289 313131 30 313345 283 313633 2 313643 30 313857 281 314145 3 314158 27 314369 269 314640 9 314657 5 314673 24 314881 268 315154 7 315169 8 315185 23 315393 267 315666 7 315681 8 315696 24 315905 267 316178 8 316194 8 316207 25 316417 268 316689 11 316707 7 316718 27 316929 268 317200 13 317220 5 317229 28 317441 268 317712 9 317731 5 317741 28 317953 268 318229 4 318242 6 318253 28 318465 257 318724 13 318742 2 318753 7 318765 28 318977 256 319238 12 319253 3 319265 7 319277 4 319282 22 319489 256 319751 18 319777 7 319789 1 319796 20 320001 255 320263 14 320278 3 320289 6 320308 19 320513 255 320780 8 320802 4 320821 18 321025 254 321292 7 321315 3 321333 18 321537 249 321789 3 321805 6 321845 18 322049 249 322300 4 322319 3 322357 18 322561 255 322868 19 323073 255 323378 21 323585 255 323889 22 324097 255 324393 2 324401 21 324609 255 324904 5 324913 21 325121 254 325384 3 325415 30 325633 254 325894 9 325921 35 326145 254 326404 18 326427 40 326657 255 326913 66 327169 322 327681 321 328193 297 328492 22 328705 321 329217 321 329729 321 330241 321 330753 289 331044 29 331265 287 331556 29 331777 287 332067 29 332289 319 332801 319 333313 319 333825 272 334100 43 334337 271 334612 7 334620 6 334628 27 334849 269 335120 2 335123 8 335133 4 335141 26 335361 281 335645 4 335653 26 335873 281 336157 4 336166 25 336385 281 336669 4 336678 25 336897 260 337158 20 337181 6 337190 24 337409 317 337921 317 338433 271 338707 43 338945 270 339220 42 339457 270 339732 42 339969 269 340244 42 340481 267 340756 42 340993 266 341269 9 341280 30 341505 266 341782 7 341792 30 342017 266 342294 8 342303 31 342529 267 342801 45 343041 317 343553 243 343798 43 343845 24 344065 243 344311 43 344356 25 344577 244 344824 68 345089 244 345337 66 345601 245 345849 66 346113 245 346362 64 346625 245 346875 63 347137 246 347387 63 347649 243 347893 2 347899 63
259b35151d4a7a5ffdd7ab7f171b142db8cfe40beeee67277fac6adca4d042c4,21529 3 22040 4 22552 3 23065 2
259b35151d4a7a5ffdd7ab7f171b142db8cfe40beeee67277fac6adca4d042c4,164509 1 165021 1
259b35151d4a7a5ffdd7ab7f171b142db8cfe40beeee67277fac6adca4d042c4,150178 2 150690 2 151203 1
259b35151d4a7a5ffdd7ab7f171b142db8cfe40beeee67277fac6adca4d042c4,164010 2 164520 6 165032 8 165544 8 166056 6 166562 11 167074 9 167586 8 168098 6 168611 2
259b35151d4a7a5ffdd7ab7f171b142db8cfe40beeee67277fac6adca4d042c4,172198 2 172709 3 173220 5 173732 5 174245 4 174757 4 175270 3 175783 1
259b35151d4a7a5ffdd7ab7f171b142db8cfe40beeee67277fac6adca4d042c4,170173 3 170684 5 171195 6 171707 4 172218 5 172729 5 173236 11 173745 15 174255 17 174767 12 174780 4 175279 10 175294 2 175791 9 176303 8
259b35151d4a7a5ffdd7ab7f171b142db8cfe40beeee67277fac6adca4d042c4,177845 1 178356 2 178867 3 179377 5 179888 5 180401 3
259b35151d4a7a5ffdd7ab7f171b142db8cfe40beeee67277fac6adca4d042c4,163510 1 164022 1 164533 1
259b35151d4a7a5ffdd7ab7f171b142db8cfe40beeee67277fac6adca4d042c4,214214 1 214725 2 215236 2 215748 1
259b35151d4a7a5ffdd7ab7f171b142db8cfe40beeee67277fac6adca4d042c4,145093 1
259b35151d4a7a5ffdd7ab7f171b142db8cfe40beeee67277fac6adca4d042c4,167624 1
259b35151d4a7a5ffdd7ab7f171b142db8cfe40beeee67277fac6adca4d042c4,81611 3 82122 5 82634 5 83146 4 83659 1
259b35151d4a7a5ffdd7ab7f171b142db8cfe40beeee67277fac6adca4d042c4,213200 3 213710 7 214221 11 214734 10 215247 10 215760 9 216274 6 216787 5 217300 3 217813 1
259b35151d4a7a5ffdd7ab7f171b142db8cfe40beeee67277fac6adca4d042c4,220373 1 220884 2 221395 2
259b35151d4a7a5ffdd7ab7f171b142db8cfe40beeee67277fac6adca4d042c4,84693 1 85205 1
259b35151d4a7a5ffdd7ab7f171b142db8cfe40beeee67277fac6adca4d042c4,227543 1 228053 4 228565 3 229077 2
259b35151d4a7a5ffdd7ab7f171b142db8cfe40beeee67277fac6adca4d042c4,222937 2 223447 5 223959 5 224471 5 224983 5 225496 4
259b35151d4a7a5ffdd7ab7f171b142db8cfe40beeee67277fac6adca4d042c4,86744 1
259b35151d4a7a5ffdd7ab7f171b142db8cfe40beeee67277fac6adca4d042c4,173805 5 174315 9 174817 3 174825 13 175326 24 175837 25 176348 27 176860 27 177371 29 177883 29 178395 29 178907 7 178916 20 179428 2 179433 15 179949 11 180464 8 180978 5
259b35151d4a7a5ffdd7ab7f171b142db8cfe40beeee67277fac6adca4d042c4,117986 1 118496 5 119007 6 119520 5 120032 6 120544 6 121057 5 121570 3 122082 2
259b35151d4a7a5ffdd7ab7f171b142db8cfe40beeee67277fac6adca4d042c4,283376 1 283887 2
259b35151d4a7a5ffdd7ab7f171b142db8cfe40beeee67277fac6adca4d042c4,242930 1
259b35151d4a7a5ffdd7ab7f171b142db8cfe40beeee67277fac6adca4d042c4,242421 4
259b35151d4a7a5ffdd7ab7f171b142db8cfe40beeee67277fac6adca4d042c4,97016 3 97529 1
259b35151d4a7a5ffdd7ab7f171b142db8cfe40beeee67277fac6adca4d042c4,219385 3 219897 8 220409 7 220921 7 221433 6 221946 5 222459 3
259b35151d4a7a5ffdd7ab7f171b142db8cfe40beeee67277fac6adca4d042c4,105210 2 105722 2
259b35151d4a7a5ffdd7ab7f171b142db8cfe40beeee67277fac6adca4d042c4,208127 1
259b35151d4a7a5ffdd7ab7f171b142db8cfe40beeee67277fac6adca4d042c4,210692 1 211202 4 211713 6 212224 6 212735 7 213247 6 213760 3
259b35151d4a7a5ffdd7ab7f171b142db8cfe40beeee67277fac6adca4d042c4,121093 2
259b35151d4a7a5ffdd7ab7f171b142db8cfe40beeee67277fac6adca4d042c4,212758 1 213269 2 213780 3 214291 3 214802 3 215314 3 215825 4 216336 6 216847 7 217358 9 217870 9 218382 1 218385 6 218897 6 219409 6 219922 4
259b35151d4a7a5ffdd7ab7f171b142db8cfe40beeee67277fac6adca4d042c4,209690 2 210201 3 210712 4 211224 3 211735 2
259b35151d4a7a5ffdd7ab7f171b142db8cfe40beeee67277fac6adca4d042c4,320794 2 321307 1
259b35151d4a7a5ffdd7ab7f171b142db8cfe40beeee67277fac6adca4d042c4,224555 4 225066 4 225578 4 226091 3
259b35151d4a7a5ffdd7ab7f171b142db8cfe40beeee67277fac6adca4d042c4,226613 3 227124 4 227636 4 228147 5 228660 2
259b35151d4a7a5ffdd7ab7f171b142db8cfe40beeee67277fac6adca4d042c4,225083 1
259b35151d4a7a5ffdd7ab7f171b142db8cfe40beeee67277fac6adca4d042c4,262975 2 263486 3 263998 3
259b35151d4a7a5ffdd7ab7f171b142db8cfe40beeee67277fac6adca4d042c4,224578 3 225088 5 225599 5
259b35151d4a7a5ffdd7ab7f171b142db8cfe40beeee67277fac6adca4d042c4,196417 4 196928 6 197440 7 197952 6
259b35151d4a7a5ffdd7ab7f171b142db8cfe40beeee67277fac6adca4d042c4,185153 1 185665 1
259b35151d4a7a5ffdd7ab7f171b142db8cfe40beeee67277fac6adca4d042c4,202566 2
259b35151d4a7a5ffdd7ab7f171b142db8cfe40beeee67277fac6adca4d042c4,198993 2 199504 3 200016 3 200528 2 201040 1
259b35151d4a7a5ffdd7ab7f171b142db8cfe40beeee67277fac6adca4d042c4,199509 2 200021 6 200533 7 201045 7 201558 5
259b35151d4a7a5ffdd7ab7f171b142db8cfe40beeee67277fac6adca4d042c4,204119 1
259b35151d4a7a5ffdd7ab7f171b142db8cfe40beeee67277fac6adca4d042c4,230800 4 231312 1
295682d9eb5acb5c1976a460c085734bfaf38482b0a3f02591c2bfdcd4128549,59218 7 59472 10 59727 11 59983 12 60239 12 60495 12 60751 12 61008 10 61264 10 61521 9 61779 6 62038 1
295682d9eb5acb5c1976a460c085734bfaf38482b0a3f02591c2bfdcd4128549,17533 3 17787 8 18043 9 18299 9 18554 10 18811 9 19067 9 19324 7 19582 3
295682d9eb5acb5c1976a460c085734bfaf38482b0a3f02591c2bfdcd4128549,23442 6 23697 9 23952 11 24208 11 24464 12 24720 13 24977 12 25234 12 25491 11 25748 10 26005 10 26262 9 26518 8 26775 7 27031 6 27288 5 27546 1
295682d9eb5acb5c1976a460c085734bfaf38482b0a3f02591c2bfdcd4128549,38811 3 39066 5 39321 7 39577 7 39832 9 40088 9 40344 10 40600 10 40856 10 41112 10 41368 10 41625 9 41881 9 42137 9 42394 9 42650 9 42907 8 43164 7 43421 5 43678 3
295682d9eb5acb5c1976a460c085734bfaf38482b0a3f02591c2bfdcd4128549,33705 3 33959 7 34214 9 34470 9 34726 9 34982 9 35238 9 35494 9 35750 8 36006 8 36261 10 36516 11 36772 11 37028 11 37284 11 37540 11 37796 10 38053 9 38310 6
295682d9eb5acb5c1976a460c085734bfaf38482b0a3f02591c2bfdcd4128549,10671 3 10926 5 11181 7 11437 8 11692 10 11948 10 12204 10 12460 10 12715 11 12971 11 13226 12 13482 11 13738 10 13994 10 14250 9 14506 8 14763 5
295682d9eb5acb5c1976a460c085734bfaf38482b0a3f02591c2bfdcd4128549,12987 8 13241 11 13496 13 13751 14 14006 16 14262 16 14518 15 14774 14 15030 13 15286 12 15542 11 15799 9 16056 6
295682d9eb5acb5c1976a460c085734bfaf38482b0a3f02591c2bfdcd4128549,62935 6 63189 10 63444 12 63699 14 63954 16 64210 16 64466 17 64722 17 64978 17 65234 16 65490 16
31f1fbe85b8899258ea5bcf5f93f7ac8238660c386aeab40649c715bd2e38a0a,24879 2 25134 5 25389 7 25644 9 25900 11 26156 12 26412 13 26669 12 26925 12 27181 12 27438 10 27694 9 27951 7 28208 4
31f1fbe85b8899258ea5bcf5f93f7ac8238660c386aeab40649c715bd2e38a0a,38224 4 38478 9 38733 12 38989 13 39244 15 39499 17 39755 17 40010 18 40266 17 40522 16 40780 13 41038 9
31f1fbe85b8899258ea5bcf5f93f7ac8238660c386aeab40649c715bd2e38a0a,14452 10 14706 13 14961 15 15216 17 15472 17 15728 17 15984 16 16240 15 16498 12 16756 8
31f1fbe85b8899258ea5bcf5f93f7ac8238660c386aeab40649c715bd2e38a0a,37263 4 37517 8 37771 11 38026 13 38281 14 38537 14 38792 15 39048 13 39304 12 39561 9 39817 8 40074 6 40331 3
31f1fbe85b8899258ea5bcf5f93f7ac8238660c386aeab40649c715bd2e38a0a,12543 2 12796 5 13052 5 13307 6 13563 6 13819 6 14076 5 14332 5 14589 4 14847 2
336d3e4105766f8ad328a7ee9571e743f376f8cbcf6a969ca7e353fe3235c523,29595 3 30113 5 30630 8 31147 10 31666 10 32186 9 32706 8 33225 7 33744 7 34264 4
336d3e4105766f8ad328a7ee9571e743f376f8cbcf6a969ca7e353fe3235c523,101788 3 102308 1
336d3e4105766f8ad328a7ee9571e743f376f8cbcf6a969ca7e353fe3235c523,76 63 595 63 1115 62 1634 63 2154 62 2673 62 3192 63 3711 63 4230 63 4749 64 5267 67 5786 70 6304 72 6823 73 7342 73 7861 74 8381 74 8900 75 9418 12 9433 61 9937 9 9953 61 10457 4 10474 59 10978 2 10994 58 11514 58 12034 57 12553 57 13073 57 13593 57 14113 57 14633 57 15153 57 15673 57 16193 57 16713 56 17233 56 17752 57 18272 56 18792 56 19312 56 19832 55 20352 55 20872 54 21392 53 21912 52 22432 52 22952 51 23473 49 23993 49 24513 49 25034 48 25554 47 26073 48 26593 48 27113 48 27633 48 28152 49 28672 49 29192 49 29711 50 30230 51 30750 51 31270 51 31790 50 32310 50 32830 50 33350 49 33870 49 34390 49 34910 49 35429 50 35949 49 36469 49 36989 48 37509 48 38029 47 38549 47 39069 47 39590 46 40110 47 40630 47 41150 47 41670 46 42189 47 42709 46 43229 45 43748 46 44268 45 44787 46 45307 45 45826 46 46345 46 46865 46 47384 47 47904 46 48423 47 48943 46 49463 46 49983 45 50503 45 51022 45 51542 45 52061 46 52581 45 53100 46 53620 46 54140 46 54659 47 55180 45 55700 45 56219 46 56739 46 57259 47 57778 48 58298 48 58818 48 59337 50 59857 50 60376 52 60896 52 61415 54 61935 53 62454 54 62973 55 63493 55 64012 55 64532 55 65052 54 65571 55 66091 54 66611 53 67131 52 67651 51 68170 51 68690 51 69210 50 69729 50 70248 50 70768 49 71287 50 71806 50 72326 50 72845 51 73365 51 73884 52 74404 52 74923 53 75443 52 75963 52 76483 51 77003 50 77522 50 78042 49 78562 49 79081 49 79601 49 80121 48 80640 48 81160 47 81679 48 82199 47 82719 47 83238 47 83758 47 84277 47 84797 47 85316 48 85836 47 86356 47 86875 48 87395 47 87914 48 88434 48 88953 48 89473 48 89993 48 90512 49 91032 48 91551 49 92071 49 92590 49 93110 49 93629 50 94148 50 94668 50 95187 51 95706 51 96226 51 96745 51 97264 52 97783 52 98302 53 98821 53 99340 54 99860 54 100379 54 100898 54 101418 54 101937 54 102457 54 102976 54 103496 54 104015 54 104535 54 105055 53 105574 54 106094 53 106613 54 107133 53 107653 53 108172 53 108692 53 109212 53 109731 53 110251 53 110771 52 111291 52 111810 52 112330 52 112849 53 113369 52 113888 53 114408 52 114928 52 115447 53 115967 52 116487 52 117006 53 117526 52 118046 52 118565 53 119085 53 119604 54 120124 54 120643 54 121162 55 121682 54 122201 55 122721 55 123240 55 123760 55 124280 54 124799 55 125319 54 125838 54 126358 54 126877 54 127397 53 127916 54 128436 53 128955 53 129475 53 129994 53 130513 54 131033 53
336d3e4105766f8ad328a7ee9571e743f376f8cbcf6a969ca7e353fe3235c523,121558 5 122075 9 122594 10 123112 11 123631 11 124150 11 124669 11 125188 12 125707 12 126226 13 126745 13 127264 13 127783 13 128302 12 128822 11 129341 10 129861 8 130382 4 130902 2
336d3e4105766f8ad328a7ee9571e743f376f8cbcf6a969ca7e353fe3235c523,44233 3 44751 6 45269 8 45788 8 46307 9 46825 10 47343 11 47861 12 48380 12 48899 12 49418 12 49937 12 50456 10 50975 8 51494 7 52014 6
336d3e4105766f8ad328a7ee9571e743f376f8cbcf6a969ca7e353fe3235c523,97199 1 97718 1
336d3e4105766f8ad328a7ee9571e743f376f8cbcf6a969ca7e353fe3235c523,111228 1 111747 2 112266 2 112786 1
336d3e4105766f8ad328a7ee9571e743f376f8cbcf6a969ca7e353fe3235c523,95150 1 95668 4 96186 6 96705 7 97224 8 97743 8 98262 8 98781 9 99300 10 99818 11 100337 12 100857 11 101376 11 101895 11 102414 11 102933 12 103452 12 103972 10 104492 6 105012 4 105531 3
336d3e4105766f8ad328a7ee9571e743f376f8cbcf6a969ca7e353fe3235c523,122686 5 123204 7 123722 9 124240 15 124757 17 125275 19 125794 18 126313 18 126832 18 127352 17 127872 1 127874 9 127884 2 128395 6 128914 5 129434 3
336d3e4105766f8ad328a7ee9571e743f376f8cbcf6a969ca7e353fe3235c523,122189 3 122707 5 123225 6 123743 7 124262 7 124782 6 125301 5
336d3e4105766f8ad328a7ee9571e743f376f8cbcf6a969ca7e353fe3235c523,18411 3 18929 6 18936 5 19449 12 19969 11 20489 9 21008 5 21528 5 22047 5 22567 4
336d3e4105766f8ad328a7ee9571e743f376f8cbcf6a969ca7e353fe3235c523,22059 1 22578 4 23097 4 23617 2
336d3e4105766f8ad328a7ee9571e743f376f8cbcf6a969ca7e353fe3235c523,263 1
336d3e4105766f8ad328a7ee9571e743f376f8cbcf6a969ca7e353fe3235c523,266 5 786 5 1307 3 1827 3 2345 5 2864 6 3383 6 3902 6 4422 6 4941 6 5461 7 5980 8 6497 10 7016 10 7534 11 8053 10 8572 6 8580 1 9091 6 9611 5 10130 5 10649 5 11169 4
336d3e4105766f8ad328a7ee9571e743f376f8cbcf6a969ca7e353fe3235c523,11185 10 11702 14 12220 16 12739 17 13258 18 13777 19 14296 19 14814 21 15333 21 15852 21 16371 21 16891 19 17410 19 17929 18 18449 16 18968 16 19487 15 20007 13 20529 8
336d3e4105766f8ad328a7ee9571e743f376f8cbcf6a969ca7e353fe3235c523,3429 2
336d3e4105766f8ad328a7ee9571e743f376f8cbcf6a969ca7e353fe3235c523,7066 2
336d3e4105766f8ad328a7ee9571e743f376f8cbcf6a969ca7e353fe3235c523,2916 3 3436 2
336d3e4105766f8ad328a7ee9571e743f376f8cbcf6a969ca7e353fe3235c523,5517 1 6036 1
336d3e4105766f8ad328a7ee9571e743f376f8cbcf6a969ca7e353fe3235c523,51280 4 51798 7 52316 9 52835 10 53353 11 53872 11 54391 10 54910 10 55429 9 55948 9 56467 9 56986 9 57506 3
336d3e4105766f8ad328a7ee9571e743f376f8cbcf6a969ca7e353fe3235c523,64827 1 65342 8 65860 10 66379 10 66897 12 67416 12 67936 12 68456 11 68975 10 69495 9 70014 9 70533 8 71053 4
336d3e4105766f8ad328a7ee9571e743f376f8cbcf6a969ca7e353fe3235c523,89757 4 90274 7 90790 11 91307 14 91825 15 92344 15 92863 12 93382 10 93902 9 94421 9 94946 1
38f5cfb55fc8b048e82a5c895b25fefae7a70c71ab9990c535d1030637bf6a1f,5 17 262 16 518 15 775 14 1032 12 1289 11 1546 8
38f5cfb55fc8b048e82a5c895b25fefae7a70c71ab9990c535d1030637bf6a1f,48925 5 49180 7 49436 8 49692 8 49948 8 50204 8 50460 9 50716 9 50972 9 51228 9 51485 8 51742 6 51998 5
38f5cfb55fc8b048e82a5c895b25fefae7a70c71ab9990c535d1030637bf6a1f,23079 1 23333 5 23587 9 23843 9 24098 11 24353 12 24609 12 24865 13 25121 13 25377 13 25633 13 25889 12 26145 12 26402 11 26659 9 26916 7 27173 4
38f5cfb55fc8b048e82a5c895b25fefae7a70c71ab9990c535d1030637bf6a1f,48182 4 48437 6 48692 8 48948 8 49203 10 49459 10 49714 11 49970 11 50226 11 50483 10 50739 10 50996 8 51253 6 51510 4
38f5cfb55fc8b048e82a5c895b25fefae7a70c71ab9990c535d1030637bf6a1f,25943 5 26198 7 26454 8 26709 9 26965 10 27221 10 27477 10 27733 10 27990 9 28246 9 28503 7 28760 5
38f5cfb55fc8b048e82a5c895b25fefae7a70c71ab9990c535d1030637bf6a1f,48223 3 48477 7 48732 8 48987 10 49242 11 49497 11 49753 11 50009 10 50265 9 50522 7 50778 6 51036 3
38f5cfb55fc8b048e82a5c895b25fefae7a70c71ab9990c535d1030637bf6a1f,65185 6 65440 7
38f5cfb55fc8b048e82a5c895b25fefae7a70c71ab9990c535d1030637bf6a1f,9654 5 9908 9 10163 11 10419 11 10674 13 10930 13 11186 14 11441 15 11697 15 11954 14 12210 14 12466 14 12722 14 12979 12 13236 11 13493 9 13751 6 14009 2
38f5cfb55fc8b048e82a5c895b25fefae7a70c71ab9990c535d1030637bf6a1f,54722 7 54977 9 55231 11 55486 13 55742 13 55998 13 56253 13 56510 12 56766 11 57023 8 57280 5
38f5cfb55fc8b048e82a5c895b25fefae7a70c71ab9990c535d1030637bf6a1f,3278 3 3532 6 3787 8 4043 8 4299 9 4554 10 4810 10 5067 10 5323 10 5579 9 5836 8 6093 6 6350 4
38f5cfb55fc8b048e82a5c895b25fefae7a70c71ab9990c535d1030637bf6a1f,37092 5 37346 8 37602 9 37857 10 38113 10 38369 10 38625 10 38881 10 39137 10 39394 9 39650 8 39907 7 40164 5
3c4c675825f7509877bc10497f498c9a2e3433bf922bd870914a2eb21a54fd26,140439 4 140959 8 141482 9 142006 8 142530 9 143053 11 143577 11 144101 11 144625 11 145149 10 145673 10 146197 10 146721 10 147245 10 147773 5
3c4c675825f7509877bc10497f498c9a2e3433bf922bd870914a2eb21a54fd26,148817 2 149341 3 149865 3 150389 4 150913 4 151437 5 151961 6 152485 6 153009 7 153533 7 154057 8 154581 8 155105 6 155629 3
3c4c675825f7509877bc10497f498c9a2e3433bf922bd870914a2eb21a54fd26,71818 6 72340 9 72863 10 73386 11 73909 13 74433 13 74956 14 75480 13 76003 14 76527 14 77051 14 77575 14 78099 14 78623 13 79147 13 79672 11 80196 11 80721 10 81246 8 81771 7 82296 5
3c4c675825f7509877bc10497f498c9a2e3433bf922bd870914a2eb21a54fd26,143616 3 144138 6 144660 8 145182 10 145706 10 146230 9 146754 8 147278 8 147803 6 148328 4
3c4c675825f7509877bc10497f498c9a2e3433bf922bd870914a2eb21a54fd26,147294 3 147816 7 148339 8 148863 9 149386 10 149910 10 150434 11 150958 11 151482 11 152006 11 152529 12 153051 14 153574 15 154097 16 154620 17 155144 17 155668 17 156192 17 156716 16 157240 16 157764 15 158288 14 158812 8 159336 8 159860 8 160384 8 160908 8 161431 8 161955 8 162479 8 163003 7 163527 7 164052 5 164576 4
3c4c675825f7509877bc10497f498c9a2e3433bf922bd870914a2eb21a54fd26,51404 6 51926 9 52449 11 52972 12 53495 14 54018 15 54542 15 55066 14 55590 14 56113 15 56637 15 57161 14 57686 13 58210 12 58734 11 59259 9 59784 7 60309 4
3c4c675825f7509877bc10497f498c9a2e3433bf922bd870914a2eb21a54fd26,158831 5 159354 8 159878 9 160401 10 160925 10 161448 12 161971 13 162495 12 163018 13 163541 14 164065 14 164588 14 165112 14 165635 14 166159 14 166683 14 167206 14 167730 14 168254 13 168777 13 169301 13 169825 12 170348 13 170872 12 171396 12 171920 12 172444 11 172968 10 173492 10 174016 9 174541 7 175065 6 175590 3
3c4c675825f7509877bc10497f498c9a2e3433bf922bd870914a2eb21a54fd26,14201 6 14724 8 15248 8 15771 9 16295 9 16819 8 17343 8 17867 8 18391 8 18915 8 19439 8 19962 10 20486 10 21010 10 21534 10 22058 10 22582 10 23106 10 23630 10 24154 9 24678 9 25202 9 25726 9 26250 9 26775 8 27299 8 27823 7 28347 7 28872 6 29396 6 29920 5 30445 4 30970 2
3c4c675825f7509877bc10497f498c9a2e3433bf922bd870914a2eb21a54fd26,121625 6 122147 10 122671 10 123194 12 123718 12 124242 12 124765 13 125289 13 125813 12 126337 12 126861 11 127385 11 127909 10 128433 9 128956 9 129480 9 130004 8 130528 7 131052 7 131576 7 132100 6 132624 6 133149 4
3c4c675825f7509877bc10497f498c9a2e3433bf922bd870914a2eb21a54fd26,82342 2 82865 3 83389 3 83912 4 84433 8 84956 9 85480 9 86003 10 86527 10 87051 10 87575 11 88099 11 88623 11 89147 11 89671 11 90195 11 90719 11 91244 10 91768 10 92292 9 92817 8 93341 8 93866 7 94390 6 94915 5 95440 3
3c4c675825f7509877bc10497f498c9a2e3433bf922bd870914a2eb21a54fd26,151521 1 152043 4 152562 11 153086 12 153609 14 154133 15 154657 16 155180 18 155704 18 156228 19 156752 19 157276 19 157800 20 158323 21 158847 21 159371 21 159895 21 160419 22 160943 22 161467 22 161991 22 162515 22 163039 22 163562 23 164086 23 164610 23 165134 22 165658 21 166182 21 166706 20 167231 19 167755 18 168279 17 168803 17 169327 16 169852 14 170377 12 170902 10 171427 6
3c4c675825f7509877bc10497f498c9a2e3433bf922bd870914a2eb21a54fd26,46715 2 47239 4 47762 5 48286 6 48810 6 49334 6 49857 8 50381 8 50905 8 51429 8 51953 8 52477 9 53000 10 53524 10 54048 10 54572 10 55096 10 55620 10 56144 10 56667 11 57191 10 57715 10 58239 10 58763 10 59287 9 59811 8 60335 8 60859 8 61384 6 61909 4
3c4c675825f7509877bc10497f498c9a2e3433bf922bd870914a2eb21a54fd26,95996 2 96520 3 97044 4 97565 7 98088 9 98612 9 99136 9 99660 10 100184 10 100708 10 101232 11 101756 11 102280 11 102804 11 103328 11 103852 11 104376 11 104900 11 105424 11 105948 11 106472 11 106995 12 107518 13 108038 18 108562 18 109086 18 109610 19 110135 18 110659 18 111181 20 111704 21 112227 22 112750 23 113274 23 113797 24 114321 24 114845 24 115369 24 115894 23 116418 23 116942 23 117466 23 117990 22 118514 22 119038 21 119562 21 120087 19 120611 18 121137 15 121666 5 122192 1
3c4c675825f7509877bc10497f498c9a2e3433bf922bd870914a2eb21a54fd26,170932 5 171454 9 171976 12 172499 13 173022 14 173545 16 174068 17 174591 18 175114 19 175638 19 176161 19 176685 19 177208 19 177732 18 178256 17 178780 16 179303 16 179827 16 180351 15 180876 13 181400 13 181924 12
3c4c675825f7509877bc10497f498c9a2e3433bf922bd870914a2eb21a54fd26,27881 3 28403 6 28926 7 29449 9 29972 10 30496 11 31020 11 31544 11 32067 12 32591 12 33115 12 33639 12 34163 12 34688 11 35212 11 35735 12 36259 13 36782 13 37306 13 37830 13 38354 14 38878 14 39402 13 39926 13 40449 14 40973 14 41498 13 42022 12 42547 11 43071 11 43595 10 44119 10 44643 9 45167 9 45691 8 46216 7 46740 6 47264 5 47788 5 48313 3
3c4c675825f7509877bc10497f498c9a2e3433bf922bd870914a2eb21a54fd26,152605 4 153126 9 153647 13 154170 15 154693 16 155215 20 155738 22 156262 22 156783 26 157306 28 157830 28 158355 28 158882 25 159407 24 159934 21 160458 22 160983 21 161508 20 162036 17 162561 17 163085 17 163610 20 164135 20 164661 21 165187 20 165717 15 166245 12 166769 12 167293 13 167817 13 168341 14 168866 14 169390 14 169914 15 170438 15 170962 16 171486 16 172010 17 172534 17 173058 17 173582 17 174106 17 174631 17 175155 17 175680 16 176207 13 176733 11 177259 9 177784 8 178310 6 178836 3
3c4c675825f7509877bc10497f498c9a2e3433bf922bd870914a2eb21a54fd26,51990 7 52512 10 53035 11 53558 12 54082 13 54606 13 55130 13 55654 13 56177 14 56701 13 57224 14 57748 14 58272 14 58797 13 59321 13 59845 12 60369 12 60894 10 61419 9 61944 7 62469 5
3c4c675825f7509877bc10497f498c9a2e3433bf922bd870914a2eb21a54fd26,12178 4 12701 6 13224 9 13742 2 13748 10 14265 18 14788 18 15312 18 15836 18 16359 18 16883 17 17407 16 17931 15 18455 14 18979 13 19503 12 20027 11 20551 10 21076 8 21601 6 22127 2
3c4c675825f7509877bc10497f498c9a2e3433bf922bd870914a2eb21a54fd26,69287 5 69810 7 70334 8 70858 8 71382 10 71906 11 72430 11 72955 11 73479 12 74004 11 74529 10 75054 10 75578 10 76102 10 76626 10 77151 9 77676 8 78201 7 78726 6 79251 6 79775 5 80299 5 80824 4
3c4c675825f7509877bc10497f498c9a2e3433bf922bd870914a2eb21a54fd26,121 2 644 4 1167 5 1691 5 2215 5 2739 5 3263 5 3787 5 4311 5 4835 5 5359 5 5883 5 6407 5 6931 6 7455 6 7979 6 8504 5 9028 6 9552 6 10077 5 10601 4 11126 3
3c4c675825f7509877bc10497f498c9a2e3433bf922bd870914a2eb21a54fd26,49909 3 50432 6 50956 8 51479 11 51508 4 52003 12 52031 8 52040 4 52527 14 52554 14 53050 16 53078 15 53574 17 53602 15 54098 17 54125 16 54623 17 54648 16 55148 17 55171 17 55673 18 55693 18 56199 35 56725 32 57252 29 57777 27 58302 26 58827 25 59351 25 59877 22 60403 20 60930 16 61457 13 61983 10 62508 9 63033 6 63559 2
3c4c675825f7509877bc10497f498c9a2e3433bf922bd870914a2eb21a54fd26,134795 5 135319 7 135842 10 136366 11 136890 12 137414 13 137938 13 138462 14 138986 14 139510 14 140034 15 140558 16 141082 16 141607 16 142131 16 142655 16 143179 16 143704 16 144228 16 144753 15 145277 16 145801 16 146326 14 146850 14 147375 13 147899 12 148424 10 148950 7 149476 2
3c4c675825f7509877bc10497f498c9a2e3433bf922bd870914a2eb21a54fd26,81353 6 81877 7 82401 7 82925 7 83449 8 83972 9 84495 10 85019 10 85542 11 86066 11 86590 11 87113 12 87637 12 88161 12 88684 13 89208 13 89732 13 90256 12 90780 12 91304 12 91828 12 92352 11 92876 11 93400 11 93924 11 94448 10 94972 10 95496 10 96020 9 96544 9 97067 9 97591 9 98115 9 98640 8 99164 7 99688 6 100212 6 100736 4 101260 3
3c4c675825f7509877bc10497f498c9a2e3433bf922bd870914a2eb21a54fd26,1712 2 2236 3 2759 4 3282 5 3804 8 4327 9 4850 10 5373 11 5897 11 6421 11 6944 11 7468 11 7992 10 8517 9 9041 8 9566 6 10090 5
3c4c675825f7509877bc10497f498c9a2e3433bf922bd870914a2eb21a54fd26,29488 5 30011 7 30534 9 31058 9 31582 10 32105 11 32629 11 33153 11 33677 10 34201 10 34725 10 35248 11 35772 11 36296 11 36820 10 37344 10 37868 9 38392 8 38916 8 39440 7 39964 7 40488 6 41013 4
3c4c675825f7509877bc10497f498c9a2e3433bf922bd870914a2eb21a54fd26,108638 1 109159 5 109681 7 110205 7 110728 9 111252 9 111775 11 112299 11 112823 11 113346 12 113870 12 114394 12 114918 12 115442 12 115966 12 116490 12 117015 11 117539 11 118063 10 118587 10 119111 10 119635 10 120154 1 120159 10 120677 16 121200 17 121724 16 122248 16 122772 15 123296 14 123820 8 123830 4 124344 7 124355 2 124868 7 125392 7 125917 6 126441 5 126966 3
3c4c675825f7509877bc10497f498c9a2e3433bf922bd870914a2eb21a54fd26,31609 2 32130 6 32653 8 33176 9 33700 9 34223 10 34747 10 35271 10 35794 11 36318 11 36841 12 37365 12 37888 13 38411 13 38935 13 39458 14 39982 13 40506 13 41030 13 41554 12 42079 11 42605 8 43131 5
3c4c675825f7509877bc10497f498c9a2e3433bf922bd870914a2eb21a54fd26,142176 2 142698 5 143222 5 143745 6 144268 7 144791 8 145315 8 145838 8 146362 8 146886 8 147409 8 147933 8 148456 8 148980 8 149504 8 150028 7 150552 7 151076 6 151600 5 152124 3
3c4c675825f7509877bc10497f498c9a2e3433bf922bd870914a2eb21a54fd26,12229 3 12752 5 13276 5 13799 6 14323 7 14846 8 15370 8 15893 9 16416 10 16940 11 17464 11 17987 12 18511 12 19035 12 19559 12 20083 12 20607 12 21131 11 21655 10 22179 9 22703 8 23229 3
3c4c675825f7509877bc10497f498c9a2e3433bf922bd870914a2eb21a54fd26,98690 3 99213 6 99736 8 100260 8 100783 10 101307 10 101831 11 102355 11 102879 11 103403 11 103927 11 104451 11 104975 11 105499 10 106023 10 106548 8 107073 7 107597 7 108122 5 108647 4
3c4c675825f7509877bc10497f498c9a2e3433bf922bd870914a2eb21a54fd26,85076 2 85598 6 86121 8 86645 8 87168 10 87692 10 88215 11 88739 12 89263 11 89787 11 90311 11 90835 11 91359 10 91882 11 92406 11 92930 10 93454 10 93977 10 94502 8 95027 6
3c4c675825f7509877bc10497f498c9a2e3433bf922bd870914a2eb21a54fd26,154244 2 154766 5 155290 6 155813 6 156337 6 156861 6 157384 6 157907 6 158430 7 158954 7 159478 7 160003 6 160527 5 161053 2
3c4c675825f7509877bc10497f498c9a2e3433bf922bd870914a2eb21a54fd26,164198 5 164721 8 165244 10 165767 11 166291 11 166814 12 167338 12 167862 12 168387 11 168912 9 169437 8 169961 7 170485 7 171009 7 171533 7 172057 7 172581 6 173106 3
3c4c675825f7509877bc10497f498c9a2e3433bf922bd870914a2eb21a54fd26,111286 1 111809 3 112332 4 112856 4 113379 5 113903 5 114426 6 114950 6 115474 6 115997 7 116521 7 117045 7 117569 7 118093 6 118616 7 119140 7 119663 8 120187 8 120711 7 121234 8 121758 8 122282 8 122805 8 123329 8 123852 9 124375 10 124899 9 125422 10 125946 9 126469 9 126992 9 127516 8 128039 8 128563 6 129087 5 129611 4
3c4c675825f7509877bc10497f498c9a2e3433bf922bd870914a2eb21a54fd26,58878 2 59400 5 59924 6 60447 7 60971 7 61495 7 62019 7 62543 6 63068 5 63593 3
3c4c675825f7509877bc10497f498c9a2e3433bf922bd870914a2eb21a54fd26,70406 7 70929 9 71452 10 71976 10 72500 10 73023 11 73547 11 74071 11 74595 11 75120 9 75644 9 76168 9 76692 9 77216 9 77741 8 78265 7 78789 7 79314 5 79838 4 80363 2
3c4c675825f7509877bc10497f498c9a2e3433bf922bd870914a2eb21a54fd26,43163 4 43686 6 44210 7 44733 8 45257 8 45780 9 46304 9 46828 9 47352 9 47875 9 48399 9 48923 9 49447 9 49971 9 50495 8 51019 8 51543 8 52067 8 52590 8 53114 8 53639 7 54163 6 54688 4
3c4c675825f7509877bc10497f498c9a2e3433bf922bd870914a2eb21a54fd26,119695 1 120218 4 120741 5 121264 6 121788 6 122311 7 122835 7 123358 8 123882 8 124406 8 124929 9 125446 4 125453 8 125968 17 126491 18 127012 21 127534 23 128057 23 128579 25 129103 24 129626 25 130150 24 130674 22 131198 21 131722 19 132246 18 132770 17 133295 16 133819 16 134340 11 134352 6 134862 6 134877 5 135385 7 135401 5 135909 6 135926 4 136432 7 136450 4 136956 6 136974 4 137481 2 137498 3 138022 3 138546 3 139069 4 139593 4 140117 4 140641 4 141164 4 141688 4 142211 5 142735 5 143258 6 143782 5 144306 5 144831 3
3c4c675825f7509877bc10497f498c9a2e3433bf922bd870914a2eb21a54fd26,81427 2 81950 4 82473 5 82997 5 83520 6 84044 6 84567 7 85091 7 85614 7 86138 7 86662 7 87185 8 87709 8 88233 7 88756 8 89280 8 89804 8 90328 8 90852 8 91375 9 91899 8 92423 8 92947 8 93471 8 93994 9 94518 9 95042 8 95566 8 96090 8 96614 8 97138 7 97662 7 98186 7 98710 6 99234 6 99758 6 100282 5 100806 4 101330 4 101854 3 102378 3 102903 1
3c4c675825f7509877bc10497f498c9a2e3433bf922bd870914a2eb21a54fd26,158980 4 159503 5 160027 5 160550 6 161073 6 161596 7 162119 8 162643 8 163166 9 163690 12 164213 14 164736 16 165260 17 165784 18 166308 18 166832 19 167356 19 167880 19 168404 20 168929 19 169453 19 169978 18 170502 18 171026 18 171550 18 172074 18 172598 18 173122 18 173645 19 174168 20 174691 21 175214 22 175738 22 176263 21 176791 17 177316 16 177841 15 178366 14 178890 14 179415 13 179939 13 180463 13 180987 12 181511 12 182035 12
3c4c675825f7509877bc10497f498c9a2e3433bf922bd870914a2eb21a54fd26,15411 4 15932 8 16455 9 16978 10 17501 11 18025 12 18548 13 19072 14 19596 14 20120 15 20644 15 21168 16 21692 16 22217 15 22741 16 23266 15 23790 15 23821 3 24315 15 24344 5 24840 14 24868 6 25366 12 25392 7 25891 11 25915 8 26416 11 26439 9 26941 10 26963 10 27457 2 27465 10 27487 10 27978 9 27990 9 28011 11 28500 12 28515 8 28535 11 29023 14 29039 8 29059 11 29546 16 29564 6 29583 12 30069 17 30089 5 30107 12 30593 17 30613 5 30630 13 31118 17 31138 4 31154 13 31642 17 31661 5 31678 13 32167 24 32200 15 32692 26 32721 18 33217 46 33742 45 34266 44 34791 43 35315 33 35350 7 35840 32 35875 6 36366 30 36400 4 36894 26 36925 2 37418 26 37942 26 38466 26 38989 27 39513 27 40037 27 40561 27 41084 28 41608 28 42132 28 42656 28 43181 27 43705 26 44231 24 44756 23 45281 22 45813 14 46338 12 46862 12 47387 10 47912 8 48438 4
3c4c675825f7509877bc10497f498c9a2e3433bf922bd870914a2eb21a54fd26,110777 6 111300 8 111824 9 112347 10 112870 12 113393 13 113917 13 114441 12 114965 12 115489 12 116014 10 116539 8 117065 4
3c4c675825f7509877bc10497f498c9a2e3433bf922bd870914a2eb21a54fd26,148511 3 149034 4 149557 5 150080 6 150604 7 151127 8 151651 8 152174 8 152698 8 153222 8 153746 8 154270 8 154793 9 155317 9 155841 9 156365 8 156889 8 157413 8 157938 6 158462 5
3c4c675825f7509877bc10497f498c9a2e3433bf922bd870914a2eb21a54fd26,215 8 739 8 1264 6 1788 5 2313 3
3c4c675825f7509877bc10497f498c9a2e3433bf922bd870914a2eb21a54fd26,238 1 761 3 1278 11 1801 13 2325 13 2848 15 3372 16 3896 16 4419 18 4943 19 5466 20 5990 21 6514 21 7037 23 7561 23 8084 25 8608 15 8624 9 9131 16 9149 8 9655 16 9674 7 10179 16 10200 5 10703 17 11227 17 11751 17 12276 16 12800 16 13325 15 13849 15 14374 14 14899 13 15424 12 15949 11 16474 10 16999 9 17525 6 18050 5
3c4c675825f7509877bc10497f498c9a2e3433bf922bd870914a2eb21a54fd26,97165 4 97688 6 98212 7 98736 7 99259 9 99783 9 100308 7 100832 7 101356 7 101881 5
3c4c675825f7509877bc10497f498c9a2e3433bf922bd870914a2eb21a54fd26,75685 2 76209 3 76733 3 77257 3 77782 2 78307 1
3c4c675825f7509877bc10497f498c9a2e3433bf922bd870914a2eb21a54fd26,153245 1 153765 7 154288 9 154811 11 155335 11 155858 13 156382 13 156906 14 157431 13 157955 13 158479 14 159004 19 159528 20 160053 20 160577 21 161102 20 161628 2 161632 14 162156 15 162680 15 163204 15 163728 14 164252 14 164777 13 165301 12 165825 12 166349 12 166874 10 167398 9 167923 7 168448 4
3c4c675825f7509877bc10497f498c9a2e3433bf922bd870914a2eb21a54fd26,135431 4 135954 6 136477 8 137001 9 137525 9 138049 9 138572 10 139096 10 139620 10 140144 10 140668 10 141192 10 141717 9 142241 9 142765 9 143289 8 143813 8 144338 6 144862 6 145387 3
3c4c675825f7509877bc10497f498c9a2e3433bf922bd870914a2eb21a54fd26,88815 3 89338 5 89861 6 90385 7 90908 8 91432 9 91956 10 92480 11 93004 12 93528 13 94052 13 94576 14 95101 14 95625 15 96149 15 96673 16 97197 16 97722 15 98246 16 98770 17 99294 17 99819 17 100344 17 100868 18 101394 18 101921 16 102451 10 102975 11 103498 13 104022 14 104545 16 105069 16 105593 17 106116 17 106639 18 107163 17 107686 18 108210 17 108734 17 109257 18 109781 18 110305 17 110829 17 111353 17 111877 16 112401 16 112924 16 113448 16 113972 15 114497 13 115021 13 115546 11 116071 9 116596 7
3c4c675825f7509877bc10497f498c9a2e3433bf922bd870914a2eb21a54fd26,53714 2 54235 7 54758 9 55281 11 55804 13 56327 14 56851 14 57374 15 57898 15 58421 15 58945 15 59469 15 59993 14 60517 13 61041 13 61565 12 62090 10 62615 8 63141 5
3c4c675825f7509877bc10497f498c9a2e3433bf922bd870914a2eb21a54fd26,16553 3 17076 5 17598 8 18122 8 18645 9 19168 10 19690 12 20214 12 20737 13 21261 13 21784 14 22308 13 22831 14 23355 14 23878 14 24402 13 24925 14 25449 14 25971 15 26493 16 27016 16 27539 16 28063 8 28074 3 28586 7 29109 8 29632 8 30155 9 30678 10 31201 10 31724 11 32247 12 32771 11 33294 12 33817 12 34340 13 34864 12 35387 12 35910 13 36426 20 36948 21 37469 23 37991 24 38513 25 39037 24 39561 23 40084 17 40608 16 41132 15 41656 14 42180 13 42704 12 43229 10 43754 8 44279 6
3c4c675825f7509877bc10497f498c9a2e3433bf922bd870914a2eb21a54fd26,71018 5 71541 7 72064 8 72587 9 73111 9 73634 10 74157 11 74680 12 75204 11 75727 12 76250 13 76774 14 77297 15 77821 15 78345 16 78868 17 79392 17 79916 17 80439 17 80963 15 81487 15 82011 14 82534 13 83058 11 83582 10 84106 8 84631 6 85155 4
3c4c675825f7509877bc10497f498c9a2e3433bf922bd870914a2eb21a54fd26,40159 2 40164 5 40678 16 41201 17 41724 19 42247 20 42770 21 43293 22 43817 22 44340 23 44863 24 45387 24 45910 25 46434 25 46957 26 47481 26 48005 26 48528 27 49052 27 49574 30 50096 32 50619 34 51142 35 51665 36 52188 38 52712 38 53235 40 53759 40 54283 40 54806 28 54837 10 55330 26 55361 10 55854 24 55886 9 56378 22 56410 9 56902 19 56934 9 57425 19 57458 9 57949 18 57982 9 58474 17 58506 9 58998 22 59030 8 59523 22 59554 8 60048 6 60055 14 60078 8 60580 13 60602 7 61104 13 61126 7 61629 13 61650 7 62153 13 62174 7 62678 12 62698 7 63202 13 63222 6 63727 12 63746 6 64250 13 64270 5 64774 13 64794 3 65298 13 65822 13 66345 14 66869 14 67393 14 67918 13 68442 13 68966 13 69490 13 70014 13 70537 14 71061 13 71585 13 72109 12 72632 13 73154 14 73677 15 74201 14 74724 15 75248 15 75771 15 75790 4 76295 14 76312 7 76818 14 76835 8 77341 13 77358 10 77865 9 77882 10 78388 10 78406 10 78912 9 78929 12 79436 9 79452 13 79959 12 79975 14 80483 31 81007 31 81531 31 82054 32 82578 32 83101 33 83625 34 84149 34 84672 34 85196 34 85720 34 86243 10 86255 23 86767 9 86780 22 87291 8 87305 21 87815 7 87829 21 88339 7 88354 20 88863 6 88878 19 89388 5 89402 19 89912 5 89925 20 90437 4 90449 20 90962 4 90973 20 91002 2 91486 5 91496 21 91525 4 92009 6 92020 21 92047 6 92533 6 92543 22 92571 7 93055 8 93067 22 93094 8 93578 9 93591 7 93600 13 93617 9 94100 10 94125 12 94140 10 94623 10 94649 13 94664 10 95147 10 95173 13 95187 11 95670 10 95696 26 96193 11 96220 26 96717 10 96744 26 97240 10 97268 26 97764 9 97791 27 98288 9 98315 26 98811 9 98831 4 98838 27 99335 8 99352 8 99362 27 99858 9 99875 9 99886 27 100382 8 100397 11 100410 27 100906 7 100920 11 100934 27 101430 6 101443 11 101458 13 101472 14 101955 4 101966 12 101982 12 101997 13 102480 1 102489 12 102506 11 102521 13 103012 13 103030 10 103045 13 103535 13 103554 9 103569 13 104058 14 104078 7 104093 13 104581 15 104600 4 104617 13 105104 24 105141 13 105626 26 105664 13 106149 27 106187 14 106672 28 106711 13 107195 29 107234 14 107719 29 107758 14 108242 30 108282 13 108766 29 108805 14 109290 29 109329 6 109337 6 109813 29 109853 6 109862 5 110337 28 110377 6 110386 4 110861 28 110901 6 110911 3 111385 27 111424 7 111909 26 111948 6 112432 27 112472 6 112956 31 112996 6 113479 34 113520 6 114002 36 114045 5 114525 38 114569 5 115048 39 115093 7 115572 39 115617 8 116096 39 116141 9 116620 24 116646 13 116665 10 117144 24 117170 12 117188 11 117668 23 117694 12 117712 11 118192 22 118218 12 118235 12 118717 20 118742 11 118758 14 119241 17 119265 12 119282 14 119765 16 119788 12 119805 15 120290 15 120312 11 120329 15 120814 15 120835 11 120853 15 121339 14 121359 10 121376 16 121863 14 121883 9 121900 16 122387 14 122406 11 122424 16 122912 13 122930 11 122948 16 123435 14 123453 12 123471 17 123959 13 123977 12 123995 17 124483 13 124501 12 124519 16 125006 13 125025 12 125043 16 125530 12 125549 11 125566 16 126049 17 126073 11 126090 16 126572 17 126597 10 126613 16 127095 17 127121 10 127136 17 127619 17 127645 10 127659 17 128142 19 128169 10 128182 18 128665 22 128693 9 128705 18 129188 25 129217 9 129229 17 129712 26 129741 9 129752 18 130235 27 130265 9 130275 18 130759 27 130789 8 130799 17 131283 27 131313 7 131323 16 131806 28 131838 6 131846 16 132330 28 132362 5 132370 15 132853 13 132869 12 132887 3 132894 15 133377 12 133393 12 133418 14 133900 12 133917 12 133941 14 134424 11 134441 11 134465 13 134948 11 134965 10 134989 12 135471 11 135490 9 135513 11 135995 11 136014 7 136037 10 136519 10 136539 5 136561 9 137043 9 137085 8 137567 8 137610 6 138091 8 138135 4 138615 7 139139 6 139663 6 140187 6 140711 6 141234 8 141756 11 142278 13 142801 15 143324 16 143848 16 144371 17 144894 18 145418 17 145942 17 146466 16 146989 17 147513 17 148037 16 148561 16 149085 15 149609 15 150133 14 150656 14 151181 12 151705 12 152229 11 152753 10 153278 8 153803 6 154328 3
3c4c675825f7509877bc10497f498c9a2e3433bf922bd870914a2eb21a54fd26,160102 7 160625 8 161148 10 161671 11 162194 12 162717 12 163241 12 163764 12 164288 11 164812 11 165335 11 165859 11 166383 11 166906 11 167430 11 167954 11 168478 11 169003 9 169527 9 170051 9 170575 8 171099 8 171624 7 172148 6 172673 5
3c4c675825f7509877bc10497f498c9a2e3433bf922bd870914a2eb21a54fd26,14442 4 14964 7 15487 8 16010 9 16534 9 17057 10 17581 10 18105 10 18628 11 19152 11 19676 10 20199 11 20723 10 21246 11 21770 10 22293 11 22817 10 23341 10 23864 10 24388 9 24911 10 25435 9 25958 9 26482 9 27006 8 27529 8 28053 7 28577 6 29101 4
3c4c675825f7509877bc10497f498c9a2e3433bf922bd870914a2eb21a54fd26,46919 1 47443 1 47966 2
3c4c675825f7509877bc10497f498c9a2e3433bf922bd870914a2eb21a54fd26,6627 2 7150 3 7673 5 8197 5 8720 7 9244 7 9767 9 10291 9 10815 9 11338 10 11862 10 12385 12 12909 12 13433 12 13957 12 14481 12 15005 12 15529 12 16052 13 16575 14 17096 17 17618 19 18140 21 18663 22 19186 22 19708 24 20231 24 20755 24 21278 24 21802 14 21817 8 22326 13 22342 7 22850 13 22867 5 23374 12 23392 4 23898 12 23918 1 24422 12 24946 12 25470 12 25994 12 26517 12 27041 12 27564 13 28087 14 28610 15 29133 7 29142 6 29649 4 29656 7 29669 1 30172 6 30179 8 30695 16 31218 17 31741 18 32264 19 32787 21 33311 23 33834 24 34358 25 34881 26 35404 27 35927 28 36451 29 36974 30 37497 31 38021 30 38544 31 39068 31 39592 31 40115 31 40639 31 41163 9 41173 21 41686 9 41697 21 42211 6 42221 20 42735 4 42743 22 43266 22 43789 22 44312 21 44835 20 45358 20 45881 21 46404 22 46927 22 47451 22 47974 23 48498 22 49021 23 49545 22 50068 22 50592 22 51115 22 51639 22 52163 11 52175 10 52686 11 52699 9 53210 10 53223 9 53734 10 53748 7 54258 9 54272 6 54782 9 54796 5 55305 9 55320 5 55829 9 55844 5 56354 7 56368 6 56878 7 56891 8 57403 5 57415 8 57938 9 58462 9 58985 10 59509 10 60033 10 60557 9 61081 9 61605 9 62128 9 62652 8 63176 8 63187 7 63700 19 64224 20 64748 20 65272 20 65796 20 66322 18 66847 17 67371 17 67895 17 68419 16 68942 17 69466 17 69990 16 70514 16 71038 16 71562 15 72085 16 72610 14 73134 13 73658 13 74183 11 74707 11 75232 10 75758 8 76282 7 76806 7 77329 8 77852 8 78375 9 78898 10 79422 9 79945 10 80469 10 80992 10 81516 10 82040 9 82563 10 83087 9 83611 9 84135 8 84659 7 85183 6 85707 5 86232 3
3c4c675825f7509877bc10497f498c9a2e3433bf922bd870914a2eb21a54fd26,286 1 810 1
3c4c675825f7509877bc10497f498c9a2e3433bf922bd870914a2eb21a54fd26,293 16 313 18 817 16 836 19 1341 16 1359 20 1865 16 1883 20 2388 17 2406 21 2912 39 3436 16 3453 22 3960 39 4483 40 5007 39 5531 39 6055 7 6063 31 6579 6 6587 31 7103 5 7112 6 7119 23 7627 5 7636 5 7643 23 8152 2 8160 5 8167 22 8685 3 8690 23 9209 2 9214 23 9738 22 10262 22 10787 21 11311 20 11835 20 12359 9 12371 6 12883 8 12896 3 13407 7 13931 6 14456 3
3c4c675825f7509877bc10497f498c9a2e3433bf922bd870914a2eb21a54fd26,137601 4 138124 5 138647 6 139170 7 139693 8 140216 9 140740 9 141263 9 141787 9 142310 10 142833 10 143356 11 143880 10 144403 11 144926 11 145450 11 145973 11 146496 12 147020 11 147543 11 148067 10 148591 9 149115 8 149639 6 150164 3
3c4c675825f7509877bc10497f498c9a2e3433bf922bd870914a2eb21a54fd26,139712 4 140234 7 140757 8 141280 8 141802 10 142325 11 142848 11 143371 12 143895 12 144418 12 144942 12 145465 12 145989 12 146020 3 146512 13 146543 5 147036 12 147067 5 147560 12 147591 6 148084 12 148104 4 148114 7 148608 12 148622 3 148627 18 149131 18 149151 18 149653 20 149675 18 150175 23 150199 18 150698 44 151220 46 151743 47 152266 48 152789 49 153312 50 153835 50 154359 50 154882 50 155406 25 155434 22 155930 23 155958 21 156454 21 156482 21 156978 20 157005 21 157502 15 157528 22 158025 15 158051 22 158550 15 158574 22 159074 16 159096 24 159598 16 159619 24 160123 16 160141 25 160649 40 161175 37 161699 37 162223 36 162747 21 162769 13 163270 21 163293 13 163794 20 163818 11 164317 21 164343 9 164840 21 164869 6 165363 21 165886 22 166409 23 166933 23 167457 22 167981 22 168005 5 168505 22 168528 6 169029 30 169552 10 169563 20 170076 9 170087 20 170601 7 170610 21 171126 3 171134 21 171160 5 171657 22 171681 9 172181 22 172204 11 172704 36 173227 37 173750 23 173774 15 174274 21 174298 15 174797 21 174822 16 175321 20 175346 16 175845 20 175870 17 176369 20 176394 17 176892 21 176918 17 177416 20 177442 17 177940 20 177965 18 178465 19 178490 17 178989 19 179014 17 179513 19 179538 17 180038 18 180062 17 180563 18 180586 17 181088 18 181110 17 181612 19 181634 16 182136 19 182158 16
3c4c675825f7509877bc10497f498c9a2e3433bf922bd870914a2eb21a54fd26,28633 1 29155 5 29678 7 30201 9 30723 11 31246 12 31770 13 32293 13 32817 13 33341 13 33866 12 34390 11 34914 10 35439 9 35964 6 36490 2
3c4c675825f7509877bc10497f498c9a2e3433bf922bd870914a2eb21a54fd26,347 12 871 12 1396 11 1920 10 2445 8 2971 5 3497 1
3c4c675825f7509877bc10497f498c9a2e3433bf922bd870914a2eb21a54fd26,158079 1 158601 5 159123 7 159646 8 160169 9 160693 9 161216 10 161740 11 162264 11 162787 12 163311 12 163835 12 164359 12 164883 12 165407 12 165931 12 166455 12 166979 12 167503 12 168027 12 168552 11 169076 10 169601 9 170125 9 170650 7 171175 4
3c4c675825f7509877bc10497f498c9a2e3433bf922bd870914a2eb21a54fd26,117731 2 118254 3 118778 3 119301 4 119824 5 120348 5 120872 5 121395 6 121919 6 122442 7 122965 8 123489 8 124013 8 124537 8 125061 8 125585 8 126109 8 126633 8 127158 6 127682 6 128206 6 128731 5 129255 5 129779 5 130303 5 130828 4 131353 2
3c4c675825f7509877bc10497f498c9a2e3433bf922bd870914a2eb21a54fd26,13454 1 13977 3 14500 5 15024 5 15547 6 16071 6 16595 7 17119 7 17643 7 18167 7 18691 7 19215 7 19738 8 20262 8 20787 7 21311 7 21835 7 22360 6 22885 6 23409 6 23933 6 24458 5 24982 5 25507 4 26031 4 26556 3 27080 2
3c4c675825f7509877bc10497f498c9a2e3433bf922bd870914a2eb21a54fd26,96774 7 97298 9 97821 12 98345 12 98869 13 99393 13 99917 13 100441 13 100965 14 101488 15 102012 15 102536 15 103060 15 103583 16 104107 16 104631 16 105156 15 105680 15 106205 14 106729 13 107254 12 107778 13 108302 13 108826 13 109350 13 109875 11 110399 11 110923 10 111448 8 111972 7 112497 5 113022 3
3c4c675825f7509877bc10497f498c9a2e3433bf922bd870914a2eb21a54fd26,161760 2 161765 3 162283 10 162806 12 163330 13 163853 14 164377 14 164901 14 165425 15 165949 15 166473 15 166996 16 167520 16 168044 16 168568 16 169091 17 169615 17 170138 18 170660 19 171182 21 171706 21 172229 22 172753 22 173277 23 173801 23 174324 24 174848 24 175372 32 175896 33 176419 35 176943 35 177467 35 177992 34 178516 12 178532 18 179040 11 179058 16 179564 11 179584 14 180089 10 180109 13 180613 10 180633 13 181138 8 181157 13 181662 7 181681 13 182187 6 182206 12
3c4c675825f7509877bc10497f498c9a2e3433bf922bd870914a2eb21a54fd26,40194 2 40716 5 41239 6 41763 7 42286 8 42809 9 43333 9 43856 10 44379 11 44903 11 45426 12 45950 12 46474 12 46997 13 47521 13 48045 13 48569 13 49093 14 49617 14 50141 15 50665 15 51189 16 51713 17 52238 16 52762 16 53287 16 53811 16 54336 16 54860 16 55384 16 55909 15 56433 15 56957 15 57481 14 58005 14 58530 13 59054 13 59578 13 60102 12 60626 12 61150 11 61674 11 62198 11 62722 10 63246 9 63770 9 64294 8 64819 6 65343 5 65868 3
3c4c675825f7509877bc10497f498c9a2e3433bf922bd870914a2eb21a54fd26,71627 2 72151 2 72675 2 73198 3 73722 3 74245 4 74769 4 75294 3 75818 3 76342 3 76867 1
3c4c675825f7509877bc10497f498c9a2e3433bf922bd870914a2eb21a54fd26,21853 1 22376 3 22900 3 23424 3 23948 3 24472 3 24996 3 25520 3 26044 2
3c4c675825f7509877bc10497f498c9a2e3433bf922bd870914a2eb21a54fd26,71642 3 72164 6 72687 7 73210 8 73734 8 74258 8 74782 8 75305 9 75829 9 76353 9 76877 10 77401 10 77926 9 78450 9 78974 9 79498 9 80022 9 80546 9 81071 8 81595 8 82119 8 82644 7 83169 6 83694 5 84219 3
3c4c675825f7509877bc10497f498c9a2e3433bf922bd870914a2eb21a54fd26,71667 3 72189 5 72712 6 73235 7 73759 7 74282 8 74805 9 75329 9 75852 10 76376 10 76899 11 77423 11 77947 11 78470 12 78994 12 79518 12 80042 12 80565 14 81089 14 81613 14 82137 14 82661 15 83185 15 83709 15 84233 15 84757 16 85281 16 85805 16 86329 16 86853 17 87370 1 87377 17 87893 4 87901 17 88416 6 88425 17 88939 27 89462 28 89985 17 90005 9 90508 13 90530 8 91032 13 91054 7 91555 14 91578 7 92079 14 92102 7 92603 14 92625 8 93127 14 93149 7 93650 15 93673 7 94174 15 94197 7 94698 15 94721 6 95222 15 95245 6 95747 14 95769 6 96271 14 96293 5 96795 14 96817 5 97320 13 97341 4 97844 13 97865 4 98369 12 98389 3 98893 12 98913 3 99417 12 99437 1 99941 12 100465 12 100989 12 101514 11 102038 11 102562 11 103087 9 103611 9 104135 8 104660 6
3c4c675825f7509877bc10497f498c9a2e3433bf922bd870914a2eb21a54fd26,123528 2 124050 4 124572 7 125095 8 125618 9 126142 9 126666 9 127189 10 127713 10 128237 10 128761 10 129285 9 129809 9 130332 10 130856 10 131380 9 131904 9 132428 9 132951 10 133475 11 134000 10 134524 9 135048 9 135572 9 136097 8 136621 8 137146 7 137670 7 138195 5 138720 4 139245 3
3c4c675825f7509877bc10497f498c9a2e3433bf922bd870914a2eb21a54fd26,31316 1 31839 5 32362 7 32886 7 33409 9 33933 9 34457 10 34980 11 35505 10 36029 10 36553 10 37077 10 37602 9 38126 9 38650 8 39173 9 39696 10 40219 11 40742 12 41265 13 41788 14 42312 14 42835 14 43359 14 43882 15 44406 14 44929 15 45453 14 45976 15 46500 14 47023 14 47547 14 48071 13 48595 12 49118 12 49642 11 50166 11 50690 11 51214 11 51738 11 52262 11 52786 11 53310 11 53834 11 54358 11 54882 11 55406 11 55931 10 56455 10 56979 9 57504 8 58029 6 58554 4
3c4c675825f7509877bc10497f498c9a2e3433bf922bd870914a2eb21a54fd26,392 6 916 6 1439 7 1963 7 2487 7 3010 8 3534 8 4057 10 4581 11 5105 11 5629 11 6153 11 6676 12 7200 12 7724 12 8248 12 8772 12 9297 11 9821 11 10345 11 10869 11 11393 11 11917 11 12441 11 12965 10 13490 9 14014 9 14538 8 15063 7 15588 5 16112 5 16637 3
3c4c675825f7509877bc10497f498c9a2e3433bf922bd870914a2eb21a54fd26,153409 1 153932 3 154456 3 154979 4 155503 4 156026 5 156549 6 157073 5 157596 7 158120 7 158643 8 159167 8 159690 9 160214 10 160738 10 161262 10 161785 11 162309 11 162833 11 163357 11 163881 11 164405 11 164929 11 165453 11 165978 10 166502 9 167026 9 167550 9 168074 9 168599 8 169123 8 169647 8 170172 6 170696 6 171220 6 171744 6 172268 5 172792 5 173317 3 173841 2
3c4c675825f7509877bc10497f498c9a2e3433bf922bd870914a2eb21a54fd26,108349 4 108871 6 109394 7 109918 7 110441 8 110965 8 111489 8 112013 8 112537 8 113061 8 113585 8 114108 8 114632 8 115156 8 115680 7 116204 7 116728 7 117252 7 117776 7 118300 7 118825 6 119349 6 119873 5 120397 5 120921 4 121445 4 121970 3 122495 1
3c4c675825f7509877bc10497f498c9a2e3433bf922bd870914a2eb21a54fd26,2512 1 3034 4 3557 6 4080 7 4603 8 5126 9 5650 9 6174 9 6697 10 7221 10 7744 11 8268 11 8792 11 9316 11 9840 11 10364 11 10888 11 11412 11 11936 11 12460 11 12985 10 13509 10 14033 10 14557 10 15082 9 15606 9 16130 9 16655 8 17179 7 17704 6 18229 4 18754 2
3c4c675825f7509877bc10497f498c9a2e3433bf922bd870914a2eb21a54fd26,78493 6 79016 7 79539 8 80063 9 80587 9 81111 9 81635 9 82160 8 82685 7 83209 7 83734 6 84259 4 84784 2
3c4c675825f7509877bc10497f498c9a2e3433bf922bd870914a2eb21a54fd26,170201 3 170723 6 171246 7 171769 7 172292 7 172815 8 173338 8 173861 8 174385 8 174909 8 175432 9 175956 9 176480 8 177003 9 177527 9 178051 9 178575 9 179099 9 179623 8 180147 8 180672 7 181196 7 181720 7 182244 7
3c4c675825f7509877bc10497f498c9a2e3433bf922bd870914a2eb21a54fd26,139284 4 139805 8 140328 9 140851 10 141374 11 141898 11 142421 12 142945 12 143469 12 143992 13 144516 13 145040 13 145564 12 146088 12 146612 12 147136 12 147660 12 148184 12 148708 12 149232 12 149756 11 150280 11 150804 11 151328 11 151852 11 152376 11 152900 10 153424 10 153949 8 154473 7 154998 4
3c4c675825f7509877bc10497f498c9a2e3433bf922bd870914a2eb21a54fd26,26097 1 26620 3 27144 3 27667 4 28191 4 28715 4 29239 4 29763 4 30287 4 30811 4 31335 3 31858 4 32382 4 32906 4 33430 4 33954 4 34478 4 35001 4 35525 4 36049 4 36573 4 37097 3 37621 3 38145 2 38669 1
3c4c675825f7509877bc10497f498c9a2e3433bf922bd870914a2eb21a54fd26,52822 3 53346 4 53869 6 54393 7 54918 6 55442 6 55966 7 56490 7 57013 9 57537 9 58061 9 58585 9 59109 9 59633 9 60157 9 60681 9 61205 9 61729 8 62253 8 62776 9 63300 9 63824 9 64348 9 64872 9 65396 9 65920 9 66444 8 66968 8 67492 8 68016 8 68540 7 69064 7 69589 6 70113 5 70637 4
3c4c675825f7509877bc10497f498c9a2e3433bf922bd870914a2eb21a54fd26,75366 3 75889 5 76412 6 76936 7 77459 8 77983 8 78507 8 79030 9 79553 10 80077 10 80601 10 81124 11 81648 11 82172 11 82695 12 83219 12 83743 12 84266 13 84790 13 85314 12 85838 12 86361 13 86885 12 87409 12 87933 11 88456 12 88980 12 89504 11 90028 11 90553 10 91077 9 91601 8 92127 5
3c4c675825f7509877bc10497f498c9a2e3433bf922bd870914a2eb21a54fd26,106279 2 106802 4 107325 5 107848 6 108372 6 108895 7 109419 7 109943 7 110466 8 110990 9 111514 9 112037 9 112561 9 113085 9 113609 9 114133 8 114657 8 115181 8 115705 7 116229 7 116753 6 117277 5 117802 3 118326 2 118850 2 119374 2 119898 2 120422 2
3c4c675825f7509877bc10497f498c9a2e3433bf922bd870914a2eb21a54fd26,158155 2 158678 3 159201 4 159725 4 160249 3 160772 4 161296 4 161820 4 162344 3 162868 2
3c4c675825f7509877bc10497f498c9a2e3433bf922bd870914a2eb21a54fd26,154486 2 155011 1
3c4c675825f7509877bc10497f498c9a2e3433bf922bd870914a2eb21a54fd26,170738 2 171261 4 171784 6 172308 6 172832 7 173356 7 173880 8 174404 8 174928 8 175452 8 175976 8 176499 9 177023 9 177547 9 178071 9 178595 9 179119 9 179643 8 180167 8 180692 7 181216 7 181740 6 182265 5
3c4c675825f7509877bc10497f498c9a2e3433bf922bd870914a2eb21a54fd26,126202 1 126725 2 127249 2 127773 2 128296 3 128820 3 129344 3 129868 3 130392 3 130916 3 131439 4 131963 4 132487 4 133010 5 133534 5 134058 5 134582 4 135106 4 135631 2
3c4c675825f7509877bc10497f498c9a2e3433bf922bd870914a2eb21a54fd26,443 15 967 15 1491 15 2015 15 2539 15 3064 14 3588 14 4112 14 4636 14 5160 14 5684 13 6209 12 6733 11 7258 10 7783 8 8308 6 8834 1
3c4c675825f7509877bc10497f498c9a2e3433bf922bd870914a2eb21a54fd26,65959 2 66483 2 67007 3 67530 4 68053 5 68577 5 69101 5 69625 5 70144 2 70149 5 70666 6 70673 5 71189 13 71713 12 72237 12 72761 12 73285 11 73808 12 74332 12 74855 14 75379 14 75904 13 76428 13 76952 13 77477 12 78001 13 78526 12 79051 10 79575 10 80100 9 80624 8 81149 7 81675 3
3c4c675825f7509877bc10497f498c9a2e3433bf922bd870914a2eb21a54fd26,85356 3 85878 5 86401 6 86924 7 87447 8 87970 9 88494 9 89017 9 89540 10 90064 10 90587 11 91111 11 91634 11 92158 11 92681 12 93205 12 93729 12 94253 11 94776 12 95300 12 95824 12 96348 11 96872 11 97396 11 97920 11 98444 10 98969 9 99493 9 100018 8 100543 6
3c4c675825f7509877bc10497f498c9a2e3433bf922bd870914a2eb21a54fd26,150324 1 150847 2 151371 3 151895 3 152419 3 152942 4 153466 4 153990 4 154514 4 155038 4 155562 4 156086 3 156610 2 157134 1
3c4c675825f7509877bc10497f498c9a2e3433bf922bd870914a2eb21a54fd26,34528 2 35051 3 35574 4 36098 4 36622 4 37145 5 37669 5 38192 6 38716 6 39240 6 39763 6 40287 6 40811 6 41335 5 41858 6 42382 6 42906 6 43430 6 43954 5 44478 5 45001 6 45525 6 46049 5 46573 5 47097 5 47621 5 48145 5 48669 4 49194 3 49718 2
3c4c675825f7509877bc10497f498c9a2e3433bf922bd870914a2eb21a54fd26,170244 3 170767 6 171290 8 171813 10 172337 10 172860 12 173384 12 173907 13 174431 13 174955 14 175479 14 176003 14 176527 14 177050 16 177574 16 178098 16 178622 16 179147 16 179671 16 180195 16 180719 16 181243 16 181768 15 182292 15
3c4c675825f7509877bc10497f498c9a2e3433bf922bd870914a2eb21a54fd26,471 8 486 7 995 9 1009 8 1517 11 1533 7 2039 14 2056 8 2561 16 2579 9 3084 28 3607 28 4131 27 4655 26 5179 25 5703 24 6227 22 6751 21 7275 19 7800 17 8324 17 8848 16 9372 15 9896 15 10421 14 10945 13 11469 13 11993 13 12517 12 13041 12 13565 11 14090 10 14614 10 15139 8 15663 7 16188 4
3c4c675825f7509877bc10497f498c9a2e3433bf922bd870914a2eb21a54fd26,118383 2 118906 4 119429 6 119953 6 120476 7 121000 7 121524 7 122048 7 122571 8 123095 8 123618 9 124142 9 124665 10 125189 9 125713 9 126236 10 126760 10 127284 10 127808 10 128331 10 128855 10 129379 10 129902 11 130426 10 130950 10 131474 10 131997 11 132521 10 133045 10 133569 9 134092 10 134616 9 135140 9 135664 8 136189 6 136714 4
3c4c675825f7509877bc10497f498c9a2e3433bf922bd870914a2eb21a54fd26,26687 1 27211 2 27734 2 28258 2 28782 2 29306 2 29830 1
3c4c675825f7509877bc10497f498c9a2e3433bf922bd870914a2eb21a54fd26,49750 4 50273 5 50797 6 51321 6 51845 6 52368 7 52892 8 53416 8 53940 8 54463 9 54987 9 55511 10 56035 10 56559 10 57083 10 57607 10 58131 10 58655 10 59179 9 59703 9 60227 9 60752 8 61276 8 61800 8 62324 8 62848 7 63372 7 63896 6 64420 5 64944 4
3c4c675825f7509877bc10497f498c9a2e3433bf922bd870914a2eb21a54fd26,31415 4 31938 7 32462 7 32986 8 33510 9 34034 10 34558 11 35082 12 35606 12 36130 13 36654 13 37179 11 37703 11 38227 11 38751 11 39276 10 39800 10 40325 8 40849 7 41374 5 41899 3
3c4c675825f7509877bc10497f498c9a2e3433bf922bd870914a2eb21a54fd26,145128 1 145651 3 146174 4 146698 4 147222 4 147746 3 148271 1
3c4c675825f7509877bc10497f498c9a2e3433bf922bd870914a2eb21a54fd26,95363 3 95885 6 96409 6 96932 7 97455 8 97979 8 98502 9 99026 9 99549 10 100073 10 100596 11 101120 11 101644 11 102168 11 102691 11 103215 11 103739 11 104263 10 104786 11 105310 11 105834 10 106358 10 106882 10 107405 10 107929 10 108453 10 108976 10 109500 10 110024 9 110548 9 111073 8 111597 7 112122 5 112647 3
3c4c675825f7509877bc10497f498c9a2e3433bf922bd870914a2eb21a54fd26,181818 2 182341 4
3c4c675825f7509877bc10497f498c9a2e3433bf922bd870914a2eb21a54fd26,22003 2 22527 3 23051 3 23575 3 24098 5 24623 4 25147 4 25671 4 26195 4 26719 4 27243 4 27767 4 28292 3 28816 2
3c4c675825f7509877bc10497f498c9a2e3433bf922bd870914a2eb21a54fd26,37725 3 38249 4 38772 5 39296 5 39820 5 40344 5 40868 5 41392 5 41917 4 42441 4 42965 4 43489 4 44013 4 44537 4 45060 5 45584 5 46108 5 46632 5 47156 5 47680 5 48204 5 48727 5 49251 4 49775 3
3c4c675825f7509877bc10497f498c9a2e3433bf922bd870914a2eb21a54fd26,113705 1 114228 5 114751 6 115275 6 115799 6 116323 6 116847 6 117371 6 117895 6 118420 5 118944 5 119468 5 119992 5 120516 5 121040 5 121564 5 122088 5 122612 5 123136 5 123660 5 124184 5 124708 4 125232 3 125756 1
3c4c675825f7509877bc10497f498c9a2e3433bf922bd870914a2eb21a54fd26,64452 1 64975 2 65499 2 66023 2 66547 2 67070 3 67594 3 68118 3 68642 3 69166 3 69690 3 70214 3 70738 3 71262 3 71786 3 72311 2 72835 2 73359 2 73883 2 74408 1
432f367a4c5b5674de2e2977744d10289a064e5704b21af6607b4975be47c580,9361 2 9881 2 10401 3 10921 3 11441 4 11961 4 12481 5 13001 6 13521 6 14041 7 14561 7 15081 7 15601 7 16121 6 16641 6 17161 5 17681 4 18201 1
432f367a4c5b5674de2e2977744d10289a064e5704b21af6607b4975be47c580,13566 9 14068 6 14085 11 14587 8 14602 15 15106 10 15120 18 15625 13 15639 19 16145 34 16665 34 17185 35 17705 35 18226 35 18746 35 19267 34 19787 34 20307 34 20821 39 21339 18 21361 19 21857 19 21883 16 22375 21 22405 13 22894 23 22928 7 23413 25 23450 4 23932 26 24452 27 24971 28 25491 28 26010 30 26530 30 27050 30 27570 30 28090 30 28609 31 29128 32 29648 32 30164 36 30683 36 31201 38 31721 37 32241 37 32761 36 33281 34 33801 32 34323 25 34844 24 35364 24 35885 22 36407 20 36928 18 37450 16 37972 13 38493 11 39015 7
432f367a4c5b5674de2e2977744d10289a064e5704b21af6607b4975be47c580,32284 10 32802 15 33320 18 33839 20 34358 22 34877 24 35397 24 35917 24 36437 24 36957 24 37477 24 37998 22 38518 22 39039 20 39524 4 39560 18 40043 8 40081 17 40562 11 40602 14 41081 15 41121 14 41601 18 41640 12 42121 25 42151 2 42158 11 42177 8 42641 48 42696 10 43161 49 43215 12 43682 48 43734 14 44203 48 44253 16 44724 47 44772 18 45245 65 45765 65 46286 65 46806 65 47326 65 47846 65 48366 64 48886 64 49406 64 49927 41 49970 19 50449 36 50491 18 50973 29 51011 17 51493 29 51531 16 52012 30 52052 14 52521 5 52531 31 52572 13 53041 6 53051 31 53093 11 53561 7 53570 32 53613 10 54081 8 54090 32 54135 6 54601 41 54657 1 55121 41 55641 40 56161 41 56681 43 57201 8 57211 34 57721 8 57732 33 58241 7 58253 32 58761 7 58774 31 59281 6 59297 28 59801 4 59822 24 60321 3 60343 24 60841 2 60863 25 61382 26 61901 27 62418 30 62935 33 63455 32 63974 33 64494 33 65014 32 65534 32 66054 32 66573 22 66601 6 67091 22 67123 3 67609 22 68128 22 68648 21 69167 20 69687 19 70207 18 70727 18 71247 17 71768 16 72288 16 72809 14 73330 13 73850 12 74368 13 74886 14 75404 17 75922 19 76441 21 76961 22 77481 23 78001 24 78521 24 79041 25 79561 25 80081 25 80601 25 81121 25 81641 25 82161 25 82681 25 83201 24 83721 24 84241 23 84761 23 85282 21 85804 18 86326 15 86849 10
432f367a4c5b5674de2e2977744d10289a064e5704b21af6607b4975be47c580,94641 3 95161 4 95681 4 96201 4 96724 3 97244 3 97765 2
432f367a4c5b5674de2e2977744d10289a064e5704b21af6607b4975be47c580,98281 2 98801 2
432f367a4c5b5674de2e2977744d10289a064e5704b21af6607b4975be47c580,104012 4 104528 10 105047 12 105564 15 106082 18 106601 19 107121 19 107641 19 108161 19 108681 19 109201 22 109721 19 109741 1 110241 18 110761 17 111281 17 111801 16 112321 15 112841 14 113362 11
432f367a4c5b5674de2e2977744d10289a064e5704b21af6607b4975be47c580,114427 7 114944 12 115462 15 115981 17 116500 19 117001 9 117019 22 117521 12 117539 23 118041 15 118058 25 118561 42 119081 42 119601 42 120121 42 120641 42 121161 17 121180 22 121681 17 121701 21 122201 17 122222 19 122721 17 122744 16 123241 17 123266 14 123761 16 123787 12 124281 16 124308 11 124801 14 124829 10 125323 10 125350 9 125871 7 126392 5 126913 3
432f367a4c5b5674de2e2977744d10289a064e5704b21af6607b4975be47c580,128441 2 128961 3 129481 3 130001 4 130521 4 131041 4 131561 3 132081 3 132601 3 133121 3
432f367a4c5b5674de2e2977744d10289a064e5704b21af6607b4975be47c580,170059 5 170577 8 171096 9 171614 11 172133 11 172652 10 173171 10 173691 7 174211 6 174732 8 175252 11 175771 13 176290 15 176809 16 177328 17 177848 17 178367 19 178887 19 179407 20 179926 20 180446 20
432f367a4c5b5674de2e2977744d10289a064e5704b21af6607b4975be47c580,96227 3 96745 7 97261 13 97779 16 98297 18 98816 20 99336 20 99856 20 100376 21 100896 21 101416 21 101937 20 102457 19 102978 17 103499 15 104021 11 104543 7
432f367a4c5b5674de2e2977744d10289a064e5704b21af6607b4975be47c580,161747 3 162265 6 162784 7 163304 7 163823 7 164344 4
432f367a4c5b5674de2e2977744d10289a064e5704b21af6607b4975be47c580,162800 3 163316 10 163834 13 164353 16 164872 17 165391 19 165911 19 166430 21 166950 21 167470 21 167990 21 168510 21 169030 21 169550 21 170071 19 170591 19 171112 17 171632 16 172153 14 172675 10 173201 1
432f367a4c5b5674de2e2977744d10289a064e5704b21af6607b4975be47c580,74407 9 74926 12 75445 15 75964 17 76484 18 77004 19 77524 20 78044 20 78564 21 79084 21 79605 20 80124 21 80641 23 81159 25 81678 25 82197 25 82716 22 83235 23 83755 23 84274 24 84794 24 85313 24 85833 24 86354 22 86874 22 87394 21 87915 18 88436 16 88958 13 89479 11 90001 8 90522 7 91042 7 91052 10 91562 23 92082 25 92602 26 93123 2 93128 20 93648 21 94168 22 94687 24 95207 24 95727 24 96247 25 96767 25 97288 24 97808 24 98330 22 98853 19 99374 17 99895 15 100418 11 100941 6 100957 3 101463 3 101475 7 101983 5 101993 10 102502 8 102513 12 103021 24 103540 26 104060 27 104580 27 104632 3 105100 27 105149 8 105620 27 105668 10 106140 27 106186 13 106661 26 106706 14 107181 26 107225 16 107701 25 107744 18 108221 25 108263 19 108742 23 108782 20 109262 23 109301 21 109770 9 109782 24 109821 21 110289 41 110340 22 110808 46 110860 20 111328 71 111848 68 112368 25 112394 40 112888 23 112918 35 113410 19 113440 32 113931 18 113971 20 114452 18 114492 18 114973 18 115000 1 115014 14 115493 23 115517 8 115535 11 116014 33 116055 10 116534 24 116560 9 116574 9 117056 22 117080 11 117092 11 117578 20 117600 23 118100 43 118627 36 119147 36 119667 36 120187 36 120708 35 121228 34 121749 12 121769 12 122270 10 122290 9 122790 8 122813 2 123311 6
432f367a4c5b5674de2e2977744d10289a064e5704b21af6607b4975be47c580,5235 3 5754 5 6274 6 6794 7 7315 6 7837 5 8358 4 8880 1
432f367a4c5b5674de2e2977744d10289a064e5704b21af6607b4975be47c580,145136 7 145653 12 146171 16 146688 21 147201 29 147720 31 148239 32 148758 33 149278 33 149798 33 150319 31 150840 28 151361 24 151886 14
432f367a4c5b5674de2e2977744d10289a064e5704b21af6607b4975be47c580,179962 7 180480 11
432f367a4c5b5674de2e2977744d10289a064e5704b21af6607b4975be47c580,26573 1 27092 3
432f367a4c5b5674de2e2977744d10289a064e5704b21af6607b4975be47c580,57256 2 57776 1
432f367a4c5b5674de2e2977744d10289a064e5704b21af6607b4975be47c580,58 14 578 14 1099 13 1620 11 2141 9 2663 6
432f367a4c5b5674de2e2977744d10289a064e5704b21af6607b4975be47c580,138905 4 139424 5 139943 6 140463 5 140984 4 141505 1
432f367a4c5b5674de2e2977744d10289a064e5704b21af6607b4975be47c580,143063 2 143583 3 144104 1
432f367a4c5b5674de2e2977744d10289a064e5704b21af6607b4975be47c580,17751 2 18271 2 18789 3 19307 5 19827 5 20347 5
432f367a4c5b5674de2e2977744d10289a064e5704b21af6607b4975be47c580,74957 1 75475 5 75992 10 76510 12 77029 14 77548 15 78068 16 78587 17 79107 17 79627 17 80148 16 80669 15 81191 12 81715 6
432f367a4c5b5674de2e2977744d10289a064e5704b21af6607b4975be47c580,55192 8 55710 12 56229 14 56749 16 57269 17 57788 19 58309 19 58829 20 59349 20 59869 21 60389 21 60910 20 61430 20 61951 19 62472 18 62993 17 63514 15 64036 13 64558 10 65080 6
432f367a4c5b5674de2e2977744d10289a064e5704b21af6607b4975be47c580,76 49 596 48 1116 46 1635 39 2155 37 2675 37 3195 37 3715 37 4235 36 4755 35 5275 32 5796 25 6316 25 6343 6 6838 33 7361 32 7883 31 8405 30 8927 28 9450 26 9973 23 10493 23 11013 23 11533 23 12052 23 12570 25 13089 26 13608 27 14128 26 14647 27 15167 26 15688 24 16208 23 16729 7 16739 11 17250 5 17262 6 17771 3
432f367a4c5b5674de2e2977744d10289a064e5704b21af6607b4975be47c580,36002 8 36519 14 37036 20 37555 22 38074 24 38594 25 39114 25 39633 27 40153 27 40673 28 41193 28 41688 3 41713 28 42206 12 42233 27 42724 16 42753 27 43243 20 43273 27 43761 24 43793 26 44281 27 44313 26 44800 31 44832 26 45320 57 45840 56 46361 53 46881 52 47402 49 47922 45 48443 38 48964 36 49485 35 50006 33 50540 18 51063 14 51586 11 52113 5 52633 5 53153 4 53673 3
432f367a4c5b5674de2e2977744d10289a064e5704b21af6607b4975be47c580,136841 6 137360 9 137881 10 138401 12 138921 12 139441 13 139961 13 140481 11 141002 7 141522 6 142044 2
432f367a4c5b5674de2e2977744d10289a064e5704b21af6607b4975be47c580,18283 4 18802 6 19322 6 19842 6 20363 5 20883 4 21403 4
432f367a4c5b5674de2e2977744d10289a064e5704b21af6607b4975be47c580,90059 7 90576 13 91095 15 91614 18 92133 20 92651 22 93170 24 93690 24 94208 26 94728 26 95247 27 95767 27 96287 26 96808 10
432f367a4c5b5674de2e2977744d10289a064e5704b21af6607b4975be47c580,36489 3 37008 4 37528 4 38048 3
432f367a4c5b5674de2e2977744d10289a064e5704b21af6607b4975be47c580,70295 3 70812 11 71330 15 71849 17 72369 19 72889 20 73409 21 73929 23 74449 23 74970 23 75490 23 76011 22 76532 21 77052 21 77573 20 78094 19 78614 19 79135 17 79655 16 80176 15 80698 11
432f367a4c5b5674de2e2977744d10289a064e5704b21af6607b4975be47c580,151412 1 151930 7 152449 11 152969 12 153489 12 154009 13 154530 12 155050 12 155571 11 156092 9 156615 5
432f367a4c5b5674de2e2977744d10289a064e5704b21af6607b4975be47c580,22459 4 22975 10 23494 12 24014 13 24534 14 25054 14 25574 15 26094 15 26615 14 27135 14 27655 13 28175 13 28696 12 29217 11 29737 11 30257 11 30777 11 31298 9 31818 9 32338 10 32858 10 33378 10 33898 10 34419 8 34940 7 35460 7 35981 6 36502 4
432f367a4c5b5674de2e2977744d10289a064e5704b21af6607b4975be47c580,56774 5 57294 5 57814 5 58337 1
432f367a4c5b5674de2e2977744d10289a064e5704b21af6607b4975be47c580,59378 6 59897 8 59911 2 60417 9 60429 5 60936 18 61456 18 61976 18 62496 19 63017 18 63538 10 63549 5 64059 7
432f367a4c5b5674de2e2977744d10289a064e5704b21af6607b4975be47c580,126990 10 127507 14 128025 18 128544 20 129062 23 129581 24 130100 24 130620 24 131140 23 131661 22 132182 19 132703 12 133225 6
432f367a4c5b5674de2e2977744d10289a064e5704b21af6607b4975be47c580,154556 2 155073 8 155592 11 156110 14 156627 17 157146 19 157666 20 158185 22 158704 16 158721 6 159224 24 159743 25 160263 25 160782 26 161302 26 161822 25 162341 25 162862 23 163382 21 163902 20 164423 17 164945 13 165468 8
432f367a4c5b5674de2e2977744d10289a064e5704b21af6607b4975be47c580,172230 2 172747 8 173266 11 173785 13 174304 15 174823 17 175343 17 175862 18 176382 18 176902 18 177422 18 177941 19 178462 18 178982 19 179502 20 180022 20 180543 19
432f367a4c5b5674de2e2977744d10289a064e5704b21af6607b4975be47c580,14167 4 14682 12 15199 16 15718 17 16236 19 16755 20 17274 21 17793 22 18313 22 18833 22 19352 22 19872 22 20393 20 20913 20 21433 19 21954 17 22475 15 22996 13 23518 8
432f367a4c5b5674de2e2977744d10289a064e5704b21af6607b4975be47c580,25602 5 26120 8 26639 13 27158 15 27678 15 28198 15 28718 16 29238 16 29758 15 30278 15 30798 15 31319 13 31839 12 32360 10 32882 1
432f367a4c5b5674de2e2977744d10289a064e5704b21af6607b4975be47c580,141047 2 141567 3 142087 3 142608 4 143128 5 143648 5 144162 11 144681 12 145201 12 145721 12 146241 11 146761 11 147281 11 147801 10 148322 9 148843 7 149364 6 149887 1
432f367a4c5b5674de2e2977744d10289a064e5704b21af6607b4975be47c580,104657 3 105175 10 105695 13 106214 15 106734 16 107254 17 107774 17 108295 17 108808 5 108816 16 109327 25 109846 26 110366 26 110885 27 111405 27 111926 26 112446 26 112966 26 113487 25 114008 23 114530 20 115052 16 115574 13 116099 7
432f367a4c5b5674de2e2977744d10289a064e5704b21af6607b4975be47c580,74495 6 75012 12 75531 15 76049 18 76567 21 77087 22 77606 24 78126 25 78646 26 79166 26 79686 27 80206 27 80727 26 81247 26 81768 24 82289 22 82810 20 83333 15 83857 10
432f367a4c5b5674de2e2977744d10289a064e5704b21af6607b4975be47c580,93216 3 93735 8 94253 11 94772 12 95292 12 95813 11 96334 9 96855 8 97378 5 97899 4 98419 4 98939 4 99461 2
432f367a4c5b5674de2e2977744d10289a064e5704b21af6607b4975be47c580,63056 3 63063 7 63576 3 63582 10 64097 16 64618 16 65138 18 65657 20 66177 20 66697 21 67216 22 67736 22 68257 21 68777 20 69298 19 69818 18 70340 15 70862 12 71388 4
432f367a4c5b5674de2e2977744d10289a064e5704b21af6607b4975be47c580,138 23 658 23 1178 23 1699 21 2219 20 2740 18 3261 16 3783 12 4304 9
432f367a4c5b5674de2e2977744d10289a064e5704b21af6607b4975be47c580,177460 5 177980 6 178501 7 179021 9 179542 10 180062 12 180583 12
432f367a4c5b5674de2e2977744d10289a064e5704b21af6607b4975be47c580,136401 6 136919 8 137436 11 137956 11 138477 10 138997 10 139516 12 140033 15 140551 18 141069 20 141588 21 142107 22 142626 23 143145 24 143665 23 144185 23 144705 22 145225 20 145745 18 146265 17 146787 13 147309 7
432f367a4c5b5674de2e2977744d10289a064e5704b21af6607b4975be47c580,167594 6 168113 8 168629 2 168633 8 169145 16 169665 17 170185 18 170706 18 171226 18 171745 19 172265 19 172785 18 173305 18 173825 18 174345 17 174867 15 175388 26 175910 25 176440 16 176960 16 177480 15 178001 14 178522 11 179043 6
432f367a4c5b5674de2e2977744d10289a064e5704b21af6607b4975be47c580,89594 6 90114 7 90633 8 91152 10 91671 11 92187 15 92706 15 93226 15 93746 15 94267 13 94789 12 95312 11 95833 13 96353 15 96873 16 97393 17 97912 19 97939 3 98432 20 98457 6 98952 31 99473 30 99993 28 100514 26 101035 24 101556 22 102077 18 102598 15 103119 13 103640 10 104162 6
432f367a4c5b5674de2e2977744d10289a064e5704b21af6607b4975be47c580,127547 2 128066 8 128587 9 129108 11 129628 12 130149 12 130670 11 131192 9 131715 5
432f367a4c5b5674de2e2977744d10289a064e5704b21af6607b4975be47c580,9527 4 10046 10 10565 11 11085 11 11605 11 12124 9 12644 7 13164 6 13684 5 14204 5 14724 5 14735 1 15244 5 15255 1 15764 7 15774 3 16284 14 16805 13 17325 13 17846 12 18366 12 18886 11 19405 11 19925 10 20445 7 20966 2
432f367a4c5b5674de2e2977744d10289a064e5704b21af6607b4975be47c580,76091 6 76610 9 77129 11 77648 12 78168 13 78688 13 79208 13 79728 12 80248 12 80769 10 81290 7
432f367a4c5b5674de2e2977744d10289a064e5704b21af6607b4975be47c580,61532 3 62050 8 62570 9 63089 12 63609 13 64129 13 64650 13 65170 13 65691 13 66211 13 66731 13 67251 13 67772 12 68292 13 68812 13 69333 12 69853 12 70374 11 70894 10 71414 10 71935 9 72456 7 72977 5 73499 1
432f367a4c5b5674de2e2977744d10289a064e5704b21af6607b4975be47c580,118216 9 118734 13 119252 16 119772 16 120291 16 120812 15 121332 15 121853 13 122373 12 122894 9 123416 4
432f367a4c5b5674de2e2977744d10289a064e5704b21af6607b4975be47c580,29294 2
432f367a4c5b5674de2e2977744d10289a064e5704b21af6607b4975be47c580,27746 4 28265 6 28785 7 29305 7 29825 8 30344 9 30863 10 31382 11 31901 12 32417 16 32936 4 32941 13 33456 3 33466 8 33976 3 33987 8 34496 3 34508 8 35016 4 35028 9 35537 5 35547 12 36058 5 36065 15 36579 22 37100 21 37622 20 38145 16 38667 14 39188 12 39709 10 40233 5 40754 4 41264 7 41273 4 41783 14 42301 17 42820 18 43340 18 43860 17 44380 16 44900 14 45420 12 45943 7
432f367a4c5b5674de2e2977744d10289a064e5704b21af6607b4975be47c580,89621 1 90139 4 90658 6 91178 7 91698 6 92218 5 92739 3
432f367a4c5b5674de2e2977744d10289a064e5704b21af6607b4975be47c580,137465 5 137983 11 138501 16 139020 18 139539 20 140059 21 140580 21 141100 22 141620 22 142141 22 142662 21 143183 20 143704 20 144225 19 144746 18 145267 17 145789 15 146310 13 146832 9
432f367a4c5b5674de2e2977744d10289a064e5704b21af6607b4975be47c580,16823 2 17343 3 17862 4 18382 3 18902 2
432f367a4c5b5674de2e2977744d10289a064e5704b21af6607b4975be47c580,105758 6 106277 8 106796 9 107315 10 107834 11 108354 11 108873 12 109393 11 109913 11 110432 12 110953 10 111473 10 111994 9 112512 11 113032 12 113552 12 114074 10 114595 10 115116 10 115637 9 116159 6
432f367a4c5b5674de2e2977744d10289a064e5704b21af6607b4975be47c580,122924 10 123438 17 123957 20 124476 22 124996 24 125516 25 126036 24 126557 22 127078 19 127600 12 128122 7
432f367a4c5b5674de2e2977744d10289a064e5704b21af6607b4975be47c580,153078 7 153597 10 154117 11 154637 12 155157 13 155677 13 156197 13 156718 12 157239 11 157760 9 158282 5
432f367a4c5b5674de2e2977744d10289a064e5704b21af6607b4975be47c580,86011 2 86528 8 87045 12 87562 16 88079 20 88598 21 89118 21 89638 22 90158 22 90678 22 91198 22 91718 22 92238 21 92758 21 93278 21 93799 19 94321 17 94842 15 95365 11 95890 5
432f367a4c5b5674de2e2977744d10289a064e5704b21af6607b4975be47c580,16840 2 17360 2
432f367a4c5b5674de2e2977744d10289a064e5704b21af6607b4975be47c580,19968 3 20484 9 21003 11 21523 12 22042 13 22562 13 23083 12 23603 11 24124 7
432f367a4c5b5674de2e2977744d10289a064e5704b21af6607b4975be47c580,11647 4 12165 8 12684 9 13203 11 13724 10 14244 10 14765 9 15284 10 15804 5 16324 3
432f367a4c5b5674de2e2977744d10289a064e5704b21af6607b4975be47c580,43363 1
432f367a4c5b5674de2e2977744d10289a064e5704b21af6607b4975be47c580,51175 2 51695 4 52212 6 52730 6 53248 9 53767 11 54286 13 54806 14 55325 17 55845 18 56365 19 56885 19 57406 18 57926 18 58446 18 58967 17 59489 15 60011 13 60533 10 61059 1
432f367a4c5b5674de2e2977744d10289a064e5704b21af6607b4975be47c580,26219 5 26738 13 27258 16 27778 19 28297 22 28817 23 29337 24 29856 25 30375 18 30394 7 30894 27 31414 26 31933 27 32453 4 32461 18 32972 4 32985 13 33491 5 33510 7 34011 4 34530 5 35049 6 35569 6 36089 7 36608 9 37128 10 37648 10 38168 11 38688 11 39209 10 39729 10 40250 9 40772 8 41293 8 41812 10 42333 8 42853 7 43374 5 43895 3
432f367a4c5b5674de2e2977744d10289a064e5704b21af6607b4975be47c580,211 16 731 17 1251 19 1770 21 2290 21 2810 22 3330 22 3850 22 4370 22 4890 22 5411 20 5931 20 6452 18 6972 17 7493 14 8014 12 8536 7
432f367a4c5b5674de2e2977744d10289a064e5704b21af6607b4975be47c580,134896 1 135413 9 135932 13 136451 18 136971 20 137490 22 138010 9 138020 13 138530 9 138540 12 139051 20 139571 19 140091 23 140612 22 141132 22 141653 20 142173 19 142694 17 143216 15 143737 13 144259 10 144782 5
432f367a4c5b5674de2e2977744d10289a064e5704b21af6607b4975be47c580,97460 3 97979 7 98499 8 99019 9 99537 12 100057 12 100579 9 101099 8 101620 7 102140 6 102660 4
432f367a4c5b5674de2e2977744d10289a064e5704b21af6607b4975be47c580,158317 3 158831 9 159349 12 159868 13 160388 13 160908 13 161428 13 161949 12 162469 12 162989 11 163510 10 164032 7 164554 3
432f367a4c5b5674de2e2977744d10289a064e5704b21af6607b4975be47c580,137526 6 138045 10 138563 14 139082 16 139600 19 140119 20 140638 21 141158 21 141677 22 142197 21 142718 20 143238 21 143759 26 144280 27 144802 26 145325 24 145846 23 146366 24 146886 24 147406 25 147926 25 148446 25 148967 23 149487 23 150008 21 150528 21 151049 19 151571 16 152092 14 152613 12 153135 8
432f367a4c5b5674de2e2977744d10289a064e5704b21af6607b4975be47c580,172890 1 173404 8 173921 12 174440 14 174959 16 175479 16 175999 17 176518 18 177038 18 177559 17 178080 16 178601 15 179121 14 179645 8 180167 4 180689 1
432f367a4c5b5674de2e2977744d10289a064e5704b21af6607b4975be47c580,45483 1 46002 2
432f367a4c5b5674de2e2977744d10289a064e5704b21af6607b4975be47c580,57452 1 57969 6 58489 8 59006 12 59525 14 60044 16 60071 5 60563 17 60584 14 61083 18 61102 19 61602 41 62122 43 62642 44 63163 43 63684 43 64206 41 64728 9 64741 27 65262 26 65786 22 66310 17 66833 13
432f367a4c5b5674de2e2977744d10289a064e5704b21af6607b4975be47c580,156771 5 157289 15 157808 18 158327 20 158847 21 159367 21 159886 22 160406 22 160926 22 161446 21 161966 21 162486 20 163007 17 163528 13 164049 9
432f367a4c5b5674de2e2977744d10289a064e5704b21af6607b4975be47c580,118299 2 118814 12 119332 15 119852 16 120371 18 120889 21 121408 23 121928 23 122448 23 122968 23 123488 23 124009 22 124530 21 125050 20 125571 19 126098 13 126619 13 127138 15 127658 16 128178 17 128697 18 129217 19 129737 19 130257 19 130778 18 131298 18 131818 18 132338 17 132858 17 133379 15 133900 13 134421 12 134942 9 135464 6
432f367a4c5b5674de2e2977744d10289a064e5704b21af6607b4975be47c580,108415 13 108932 17 109451 19 109970 21 110489 23 111009 23 111529 24 112050 23 112570 24 113091 23 113611 22 114132 21 114654 18 115180 11 115706 2
432f367a4c5b5674de2e2977744d10289a064e5704b21af6607b4975be47c580,72017 2 72534 8 73053 11 73572 14 74092 15 74611 17 75131 17 75652 16 76172 17 76692 17 77213 16 77733 15 78254 14 78775 12 79296 10 79818 5
432f367a4c5b5674de2e2977744d10289a064e5704b21af6607b4975be47c580,48625 2 49139 10 49657 13 50175 16 50694 18 51213 19 51733 20 52253 20 52773 20 53294 19 53814 20 54335 19 54855 18 55376 17 55897 15 56418 14 56940 11 57462 7 57984 3
432f367a4c5b5674de2e2977744d10289a064e5704b21af6607b4975be47c580,15342 5 15860 9 16379 12 16897 15 17416 17 17936 18 18455 20 18974 22 19494 23 20014 23 20534 23 21054 22 21575 19 22095 17 22617 12
432f367a4c5b5674de2e2977744d10289a064e5704b21af6607b4975be47c580,27831 3 27854 3 28347 9 28372 8 28865 12 28890 12 29384 14 29409 15 29901 17 29928 17 30419 20 30448 18 30938 21 30967 20 31457 22 31487 21 31976 23 32007 21 32496 24 32527 22 33016 28 33046 24 33536 54 34057 53 34579 51 35101 49 35624 46 36146 10 36158 31 36667 8 36678 30 37188 7 37198 13 37215 12 37709 5 37716 14 37736 9 38230 2 38235 15 38755 14 39275 14 39795 14 40315 13 40835 13 41355 12 41876 9
432f367a4c5b5674de2e2977744d10289a064e5704b21af6607b4975be47c580,89183 2 89701 7 90221 8 90740 10 91260 10 91779 12 92299 12 92819 12 93339 12 93860 11 94381 9 94904 4
432f367a4c5b5674de2e2977744d10289a064e5704b21af6607b4975be47c580,8072 5 8591 6 9110 8 9629 9 10148 10 10668 10 11187 4 11193 5 11704 6 11714 3
432f367a4c5b5674de2e2977744d10289a064e5704b21af6607b4975be47c580,102192 3 102709 7 103228 9 103748 11 104268 12 104789 12 105309 14 105830 14 106351 14 106873 12 107394 11 107916 4 107922 2
432f367a4c5b5674de2e2977744d10289a064e5704b21af6607b4975be47c580,177079 5 177597 9 178116 11 178130 5 178635 20 179154 22 179674 22 180193 23 180713 23
432f367a4c5b5674de2e2977744d10289a064e5704b21af6607b4975be47c580,72560 7 73078 13 73597 17 74116 19 74636 20 75155 21 75675 20 76194 20 76714 18 77234 15 77754 13 78276 7
432f367a4c5b5674de2e2977744d10289a064e5704b21af6607b4975be47c580,162533 5 163051 9 163570 10 164089 12 164609 12 165128 14 165647 15 166166 15 166685 2 166689 12 167205 1 167210 10 167724 1 167730 9 168243 3 168250 7 168762 5 168768 9 169282 13 169801 12 170321 11 170840 13 171358 15 171877 15 172397 13 172917 13 173437 9 173957 7 174478 5
432f367a4c5b5674de2e2977744d10289a064e5704b21af6607b4975be47c580,280 16 800 16 1319 17 1839 17 2359 17 2879 17 3400 16 3920 16 4441 15 4962 13 5482 12 6004 8
432f367a4c5b5674de2e2977744d10289a064e5704b21af6607b4975be47c580,18482 7 19001 8 19520 10 20040 10 20561 9 21082 7 21602 6 22123 4
432f367a4c5b5674de2e2977744d10289a064e5704b21af6607b4975be47c580,50724 1 51242 4 51761 5 52281 7 52800 10 53320 10 53840 9 54361 3 54883 1
432f367a4c5b5674de2e2977744d10289a064e5704b21af6607b4975be47c580,55400 2 55920 2
432f367a4c5b5674de2e2977744d10289a064e5704b21af6607b4975be47c580,151089 5 151607 9 152125 13 152645 13 153164 15 153684 15 154204 15 154724 15 155245 13 155765 12 156286 10 156808 5
432f367a4c5b5674de2e2977744d10289a064e5704b21af6607b4975be47c580,97020 1 97539 2 98059 1
432f367a4c5b5674de2e2977744d10289a064e5704b21af6607b4975be47c580,4469 2 4985 11 5504 15 6023 17 6543 19 7062 21 7582 21 8101 23 8621 23 9141 22 9663 20 10184 18 10706 15 11227 13 11749 9 12270 6
432f367a4c5b5674de2e2977744d10289a064e5704b21af6607b4975be47c580,138118 6 138635 12 139151 18 139670 20 140189 21 140709 22 141229 22 141749 22 142270 21 142791 20 143311 19 143832 17 144353 14 144875 10
432f367a4c5b5674de2e2977744d10289a064e5704b21af6607b4975be47c580,101718 4 101734 6 102235 7 102253 8 102752 9 102772 10 103271 8 103291 12 103791 8 103809 15 104312 7 104328 16 104832 8 104847 17 105353 17 105371 13 105875 12 105892 12 106397 8 106412 12 106933 11 107453 10 107975 8 108496 6 109017 3
432f367a4c5b5674de2e2977744d10289a064e5704b21af6607b4975be47c580,46594 4 46601 6 47113 16 47633 2 47639 11 48153 1 48160 10 48673 1 48680 10 49199 11 49719 11 50239 11 50758 12 51278 11 51798 11 52319 10 52840 8 53361 7 53884 4
432f367a4c5b5674de2e2977744d10289a064e5704b21af6607b4975be47c580,72601 10 73118 15 73637 17 74156 18 74674 20 75194 20 75714 20 76233 22 76753 22 77273 22 77793 22 78313 22 78833 23 79354 22 79875 21 80397 18 80917 18 81438 17 81960 14 82481 12 83005 6
432f367a4c5b5674de2e2977744d10289a064e5704b21af6607b4975be47c580,25795 6 26314 10 26834 11 27354 12 27877 10 28398 9 28918 9 29438 9 29959 6
432f367a4c5b5674de2e2977744d10289a064e5704b21af6607b4975be47c580,162045 1 162562 7 163080 11 163599 13 164118 14 164637 16 165157 16 165677 16 166196 17 166716 17 167236 17 167756 16 168275 16 168796 14 169316 12 169837 9 170359 5
432f367a4c5b5674de2e2977744d10289a064e5704b21af6607b4975be47c580,180236 8 180755 9
432f367a4c5b5674de2e2977744d10289a064e5704b21af6607b4975be47c580,127206 9 127724 13 128242 16 128762 17 129281 19 129800 20 130319 22 130838 23 131358 23 131878 23 132398 23 132918 23 133438 22 133958 21 134479 19 135000 16 135522 12 136047 4
432f367a4c5b5674de2e2977744d10289a064e5704b21af6607b4975be47c580,319 10 839 10 1359 10 1880 8 2402 5
432f367a4c5b5674de2e2977744d10289a064e5704b21af6607b4975be47c580,86644 8 87163 13 87682 15 88202 17 88722 18 89242 18 89762 18 90282 18 90802 18 91322 18 91842 18 92363 16 92883 16 93403 16 93924 14 94444 14 94965 12 95486 10 96007 8 96530 4
432f367a4c5b5674de2e2977744d10289a064e5704b21af6607b4975be47c580,140233 4 140751 5 141270 5 141789 5 142307 7 142825 5 142833 1 143345 5 143352 3 143862 14 144377 21 144896 23 145416 24 145935 25 146454 26 146974 22 147493 22 148013 21 148533 19 149054 16 149574 15 150095 14 150617 1 150625 2
432f367a4c5b5674de2e2977744d10289a064e5704b21af6607b4975be47c580,19062 6 19582 6 20094 3 20101 8 20614 5 20621 9 21134 16 21654 16 22176 14 22700 9 23223 5
432f367a4c5b5674de2e2977744d10289a064e5704b21af6607b4975be47c580,171427 4 171945 8 172464 10 172983 12 173502 15 174017 3 174022 15 174536 22 175055 23 175574 24 176095 23 176617 20 177140 16 177661 14 178182 12 178706 6
432f367a4c5b5674de2e2977744d10289a064e5704b21af6607b4975be47c580,1387 3 1905 7 2424 9 2943 10 3463 11 3982 12 4502 12 5021 13 5540 14 6060 14 6580 14 7099 14 7619 14 8139 14 8660 13 9181 12 9702 10 10222 9 10741 10 11260 11 11779 12 12300 11 12821 10 13339 11 13860 6
432f367a4c5b5674de2e2977744d10289a064e5704b21af6607b4975be47c580,85623 3 86143 3 86662 4 87181 4
432f367a4c5b5674de2e2977744d10289a064e5704b21af6607b4975be47c580,33111 3 33631 3
432f367a4c5b5674de2e2977744d10289a064e5704b21af6607b4975be47c580,161559 2 162074 12 162593 15 163112 17 163631 19 164151 19 164671 19 165191 20 165711 21 166232 20 166752 20 167272 20 167793 19 168314 18 168835 16 169356 15 169877 13 170399 11 170921 3 171442 1
432f367a4c5b5674de2e2977744d10289a064e5704b21af6607b4975be47c580,90838 5 91356 9 91875 11 92394 12 92914 13 93433 14 93953 14 94473 15 94993 15 95513 14 96033 14 96553 14 97074 13 97594 13 98115 12 98636 10 99158 7
432f367a4c5b5674de2e2977744d10289a064e5704b21af6607b4975be47c580,110596 7 111115 9 111634 11 112154 13 112674 16 113194 18 113714 19 114235 19 114755 20 115275 20 115795 20 116315 21 116835 20 117356 19 117877 18 118398 16 118919 14 119440 12 119962 8
432f367a4c5b5674de2e2977744d10289a064e5704b21af6607b4975be47c580,57559 3 58077 7 58596 11 59116 13 59636 14 60156 15 60677 15 61197 16 61718 16 62240 14 62761 13 63281 13 63802 12 64322 12 64843 10 65364 10 65885 14 66407 16 66927 17 66951 6 67447 18 67470 12 67966 20 67989 7 67999 6 68486 21 68509 6 68519 7 69005 22 69028 8 69040 7 69525 32 69560 8 70044 23 70068 21 70564 22 70590 18 71084 21 71111 16 71604 21 71632 14 72123 9 72134 9 72153 12 72643 9 72655 7 72673 7 73163 10 73175 5 73193 7 73683 5 73689 4 73714 6 74203 3 74209 4 74236 3 74723 3 74729 4 75244 3 75248 4 75765 6 76286 2
432f367a4c5b5674de2e2977744d10289a064e5704b21af6607b4975be47c580,18044 1 18562 5 19081 7 19600 8 20119 9 20639 9 21158 11 21678 11 22198 11 22718 11 23239 11 23760 9 24281 6
432f367a4c5b5674de2e2977744d10289a064e5704b21af6607b4975be47c580,132963 9 133480 14 133999 15 134518 16 135038 15 135558 12 136079 9 136601 5
432f367a4c5b5674de2e2977744d10289a064e5704b21af6607b4975be47c580,141800 1
432f367a4c5b5674de2e2977744d10289a064e5704b21af6607b4975be47c580,83563 1 84082 5 84602 8 85122 11 85642 12 86162 13 86682 13 87202 13 87722 13 88243 12 88763 12 89283 11 89804 9 90325 7
432f367a4c5b5674de2e2977744d10289a064e5704b21af6607b4975be47c580,100731 7 101249 13 101768 17 102287 7 102297 10 102806 6 102818 10 103326 4 103339 10 103846 3 103863 6 104366 3 104385 4 104886 7 104906 4 105406 7 105427 3 105927 6 105948 3 106449 5 106468 2 106970 5 106985 5 107492 18 108013 16 108535 13
432f367a4c5b5674de2e2977744d10289a064e5704b21af6607b4975be47c580,378 2 897 3 1410 2 1416 7 1929 5 1935 8 2449 14 2970 14 3490 14 4010 14 4531 13 5052 11 5572 10 6092 9 6612 8 7132 6 7654 3
432f367a4c5b5674de2e2977744d10289a064e5704b21af6607b4975be47c580,40933 5 41452 5 41971 6 42491 6 43011 5 43531 4 44052 3
432f367a4c5b5674de2e2977744d10289a064e5704b21af6607b4975be47c580,55496 4 56015 8 56536 7 57057 5 57579 2
432f367a4c5b5674de2e2977744d10289a064e5704b21af6607b4975be47c580,27423 3 27941 7 28459 9 28978 11 29498 11 30019 10 30540 2 30545 4
432f367a4c5b5674de2e2977744d10289a064e5704b21af6607b4975be47c580,135064 8 135582 11 136101 13 136620 14 137140 14 137660 15 138181 14 138701 13 139222 12 139744 9 140265 6
432f367a4c5b5674de2e2977744d10289a064e5704b21af6607b4975be47c580,15994 2 16513 4 17031 6 17550 4 18070 4 18590 4 19109 6 19627 12 20144 15 20664 15 21184 16 21705 15 22225 14 22746 13 23269 9
432f367a4c5b5674de2e2977744d10289a064e5704b21af6607b4975be47c580,93475 6 93993 11 94512 13 95031 15 95551 16 96070 19 96590 19 97111 19 97632 18 98153 18 98674 17 99195 16 99717 15 100238 14 100759 13 101280 12 101802 8 102322 6 102841 6 103360 8 103879 10 104398 12 104917 15 105437 17 105957 18 106477 19 106997 20 107517 21 108038 20 108558 21 109079 20 109600 19 110122 17 110643 16 111163 16 111684 16 112204 16 112724 16 113244 16 113764 16 114285 14 114805 14 115325 18 115846 19 116366 20 116887 20 117409 19 117929 20 118449 20 118968 21 119482 27 119998 30 120512 36 121030 37 121548 39 122067 39 122586 38 123106 37 123626 35 124145 35 124666 31 125186 28 125706 28 126226 28 126746 27 127267 25 127788 23 128309 15 128833 8 129356 3
432f367a4c5b5674de2e2977744d10289a064e5704b21af6607b4975be47c580,151194 3 151712 6 152231 8 152750 10 153269 13 153789 14 154311 14 154832 14 155353 14 155874 13 156395 12 156915 12 157435 12 157955 11 158476 9 158998 5
432f367a4c5b5674de2e2977744d10289a064e5704b21af6607b4975be47c580,85157 7 85675 11 86193 14 86712 16 87232 17 87751 18 88270 20 88790 19 89310 19 89830 18 90350 16 90870 14 91391 4
432f367a4c5b5674de2e2977744d10289a064e5704b21af6607b4975be47c580,43557 2 44076 4 44083 1 44596 4 44602 1 45116 7 45637 2 45640 3 46161 2 46681 2
432f367a4c5b5674de2e2977744d10289a064e5704b21af6607b4975be47c580,39404 4 39924 4 40443 6 40963 6 41483 5
432f367a4c5b5674de2e2977744d10289a064e5704b21af6607b4975be47c580,61249 7 61766 10 62285 11 62805 11 63326 10 63846 11 64367 11 64887 12 65408 12 65929 12 66450 11 66974 4
432f367a4c5b5674de2e2977744d10289a064e5704b21af6607b4975be47c580,147574 2 148094 2
432f367a4c5b5674de2e2977744d10289a064e5704b21af6607b4975be47c580,169945 3 170464 4 170983 5 171503 4 172023 3 172539 7 173058 8 173577 8 174097 7 174617 7 175138 5
432f367a4c5b5674de2e2977744d10289a064e5704b21af6607b4975be47c580,71665 7 72182 11 72701 14 72717 5 73220 25 73739 28 74259 29 74779 30 75300 29 75821 28 76342 27 76863 26 77385 24 77907 22 78430 19 78951 17 79474 13 79996 9 80520 3
432f367a4c5b5674de2e2977744d10289a064e5704b21af6607b4975be47c580,17062 3 17071 1 17581 12 18101 12 18621 13 19142 12 19662 12 20182 11 20703 9 21224 7
432f367a4c5b5674de2e2977744d10289a064e5704b21af6607b4975be47c580,58683 1
432f367a4c5b5674de2e2977744d10289a064e5704b21af6607b4975be47c580,134605 7 135124 8 135644 6 136164 5 136683 2 137203 1
432f367a4c5b5674de2e2977744d10289a064e5704b21af6607b4975be47c580,138246 2 138766 1
432f367a4c5b5674de2e2977744d10289a064e5704b21af6607b4975be47c580,137212 5 137732 6 138252 7 138773 5
432f367a4c5b5674de2e2977744d10289a064e5704b21af6607b4975be47c580,13983 1 14499 7 15018 11 15537 14 16056 16 16574 18 17093 20 17613 20 18133 19 18653 19 19173 17 19693 16 20213 15 20733 14 21253 13 21773 11 22293 10 22813 5
432f367a4c5b5674de2e2977744d10289a064e5704b21af6607b4975be47c580,42579 2 42587 4 43098 3 43102 3 43106 5 43618 15 44137 13 44151 3 44657 12 44671 4 45175 14 45191 3 45694 15 45711 2 46214 19 46734 19 47254 19 47775 18 48295 18 48815 18 49335 17 49857 14 50380 9 50904 3
432f367a4c5b5674de2e2977744d10289a064e5704b21af6607b4975be47c580,154376 1 154895 2 155415 3 155935 3 156454 4 156974 4 157494 4 158014 4 158534 4 159054 4 159574 7 160094 8 160614 9 161135 9 161656 7 162177 4 162698 2
432f367a4c5b5674de2e2977744d10289a064e5704b21af6607b4975be47c580,57152 9 57669 14 58188 16 58707 18 59226 20 59746 20 60266 21 60786 21 61307 20 61828 20 62349 19 62869 19 63388 19 63907 19 64425 14 64943 16 65462 17 65981 18 66500 19 67020 19 67540 19 68061 18 68581 18 69102 7 69113 6 69622 7 69633 5 70143 5 70663 5 71184 4
432f367a4c5b5674de2e2977744d10289a064e5704b21af6607b4975be47c580,34782 2 35302 3
432f367a4c5b5674de2e2977744d10289a064e5704b21af6607b4975be47c580,80547 6 81065 9 81584 11 82104 11 82624 11 83144 11 83664 11 84183 12 84703 11 85224 9 85746 6 86268 3
432f367a4c5b5674de2e2977744d10289a064e5704b21af6607b4975be47c580,136703 1
432f367a4c5b5674de2e2977744d10289a064e5704b21af6607b4975be47c580,41544 2
432f367a4c5b5674de2e2977744d10289a064e5704b21af6607b4975be47c580,153864 1
432f367a4c5b5674de2e2977744d10289a064e5704b21af6607b4975be47c580,153347 2 153866 5 154386 6 154906 7 155426 8 155946 9 156466 8 156986 7 157507 4 158027 2 158547 1
432f367a4c5b5674de2e2977744d10289a064e5704b21af6607b4975be47c580,161146 1
432f367a4c5b5674de2e2977744d10289a064e5704b21af6607b4975be47c580,92518 4 93036 9 93555 12 94073 14 94592 16 94611 4 95112 17 95130 3 95632 20 96152 18 96672 18 97193 17 97713 17 98233 17 98754 15 99275 13 99796 11 100318 8 100839 7 101360 8 101882 6
432f367a4c5b5674de2e2977744d10289a064e5704b21af6607b4975be47c580,478 22 998 23 1517 24 2036 14 2051 10 2556 13 2573 9 3076 13 3097 4 3596 13 4116 13 4636 12 5157 9
432f367a4c5b5674de2e2977744d10289a064e5704b21af6607b4975be47c580,68603 5 69122 8 69133 3 69642 9 69652 3 70161 12 70681 12 71201 12 71721 12 72241 11 72762 9 73283 6 73804 3
432f367a4c5b5674de2e2977744d10289a064e5704b21af6607b4975be47c580,144011 3 144528 10 145046 14 145565 9 145576 6 146084 9 146097 6 146604 10 146617 7 147123 11 147136 8 147643 7 147655 9 148162 8 148175 9 148682 8 148694 9 149202 7 149212 10 149723 18 150244 16 150765 14 151285 13 151807 8
432f367a4c5b5674de2e2977744d10289a064e5704b21af6607b4975be47c580,136209 2 136723 9 137243 9 137763 9 138286 5 138808 2
432f367a4c5b5674de2e2977744d10289a064e5704b21af6607b4975be47c580,79017 2 79535 8 80055 2 80059 5 80572 3 80580 5 81092 3 81100 5 81613 4 81620 6 82132 6 82139 7 82644 2 82652 13 83164 4 83171 13 83685 4 83691 9 84206 13 84727 11 85250 7 85772 4
432f367a4c5b5674de2e2977744d10289a064e5704b21af6607b4975be47c580,140885 1
432f367a4c5b5674de2e2977744d10289a064e5704b21af6607b4975be47c580,105534 2 106051 6 106570 8 107089 9 107608 10 108127 11 108646 12 109167 11 109688 10 110209 9 110731 6
432f367a4c5b5674de2e2977744d10289a064e5704b21af6607b4975be47c580,115413 8 115932 10 116452 11 116972 11 117491 12 118010 12 118529 13 119049 12 119569 11 120089 9 120610 6 121132 1
432f367a4c5b5674de2e2977744d10289a064e5704b21af6607b4975be47c580,131536 3 132054 6 132573 8 133092 9 133612 8 134131 9 134651 8 135172 6 135692 5
432f367a4c5b5674de2e2977744d10289a064e5704b21af6607b4975be47c580,97732 1 98252 1
432f367a4c5b5674de2e2977744d10289a064e5704b21af6607b4975be47c580,165860 4 166375 11 166894 13 167413 15 167933 15 168452 16 168972 16 169493 15 170013 15 170534 13 171054 13 171575 11 172096 9 172618 6 173140 2
432f367a4c5b5674de2e2977744d10289a064e5704b21af6607b4975be47c580,99294 5
432f367a4c5b5674de2e2977744d10289a064e5704b21af6607b4975be47c580,32739 6 33258 7 33781 3 34302 2
432f367a4c5b5674de2e2977744d10289a064e5704b21af6607b4975be47c580,110236 5 110753 8 111271 10 111791 10 112310 11 112828 13 113347 14 113867 14 114386 15 114906 15 115425 16 115945 16 116464 17 116984 17 117505 16 118026 15 118547 14 119069 10 119593 4
432f367a4c5b5674de2e2977744d10289a064e5704b21af6607b4975be47c580,51471 7 51990 10 52509 12 53028 13 53548 13 54068 13 54588 13 55108 13 55628 13 56149 12 56669 12 57191 9 57714 4 58232 4 58750 8 59268 11 59787 14 60306 15 60826 15 61345 16 61865 16 62385 16 62906 15 63426 15 63947 14 64468 8 64988 7 65509 6 66029 5
432f367a4c5b5674de2e2977744d10289a064e5704b21af6607b4975be47c580,127919 2 128437 4 128956 5 129474 7 129994 7 130513 8 131032 9 131551 10 132071 10 132591 10 133111 10 133631 10 134151 10 134672 9 135192 9 135713 8 136235 6 136756 5 137277 4 137799 2
432f367a4c5b5674de2e2977744d10289a064e5704b21af6607b4975be47c580,180433 3 180952 5
43a71aeb641faa18742cb826772a8566c6c947d7050f9ab15459de6cc2b3b6af,20281 2 20541 3 20801 3 21061 3 21321 3 21581 2
43a71aeb641faa18742cb826772a8566c6c947d7050f9ab15459de6cc2b3b6af,21878 5 22137 7 22397 7 22656 8 22916 8 23177 6 23437 5 23697 5 23957 6 23978 4 24218 10 24233 10 24467 7 24476 26 24725 37 24984 38 25241 40 25494 46 25743 1 25752 47 26001 6 26010 48 26261 56 26521 55 26781 55 27041 54 27301 54 27561 53 27821 52 28081 52 28341 51 28604 46 28865 44 29126 42 29386 40 29646 38 29906 32 30165 31 30424 31 30683 7 30693 20 30943 7 30954 17 31201 9 31214 15 31461 8 31473 15 31721 8 31733 15 31981 6 31993 14 32241 5 32253 13 32501 5 32513 11 32761 4 32774 8 33021 3 33034 6
43a71aeb641faa18742cb826772a8566c6c947d7050f9ab15459de6cc2b3b6af,34321 1 34581 2 34841 3 35101 4 35361 5 35621 6 35881 7 36141 7 36401 8 36661 8 36921 9 37181 9 37441 8 37701 7 37961 4
43a71aeb641faa18742cb826772a8566c6c947d7050f9ab15459de6cc2b3b6af,74621 2 74881 3 75141 4 75401 4 75661 4 75921 4 76181 4 76441 3
43a71aeb641faa18742cb826772a8566c6c947d7050f9ab15459de6cc2b3b6af,87621 1 87881 2 88141 2 88401 2 88661 2 88921 1
43a71aeb641faa18742cb826772a8566c6c947d7050f9ab15459de6cc2b3b6af,21069 5 21328 7 21588 7 21847 9 22107 9 22366 10 22625 11 22885 11 23145 11 23404 11 23664 11 23925 10 24186 8 24447 6
43a71aeb641faa18742cb826772a8566c6c947d7050f9ab15459de6cc2b3b6af,78268 4 78527 6 78787 6 79048 5 79309 4 79570 3
43a71aeb641faa18742cb826772a8566c6c947d7050f9ab15459de6cc2b3b6af,58521 3 58779 7 59038 8 59297 10 59555 13 59814 14 60074 14 60334 14 60594 13 60854 13 61115 11 61376 9 61637 8 61898 7 62159 6 62419 6 62679 6 62938 8 63197 9 63456 11 63714 13 63973 14 64232 15 64491 16 64750 17 65010 17 65270 18 65290 4 65530 26 65790 28 66050 30 66309 32 66570 31 66830 32 67090 18 67110 12 67351 17 67371 11 67612 15 67632 9 67874 13 67893 8 68135 12 68154 5 68396 11 68657 8
43a71aeb641faa18742cb826772a8566c6c947d7050f9ab15459de6cc2b3b6af,55398 2 55657 4 55917 4 56176 5 56436 5 56695 6 56954 7 57213 7 57473 7 57733 7 57993 6 58253 6 58514 4
43a71aeb641faa18742cb826772a8566c6c947d7050f9ab15459de6cc2b3b6af,14845 3 15102 6 15359 10 15618 11 15877 12 16136 12 16395 12 16655 12 16916 10 17176 9 17437 7 17699 3
43a71aeb641faa18742cb826772a8566c6c947d7050f9ab15459de6cc2b3b6af,39798 5 40057 11 40316 14 40576 15 40836 15 41097 15 41358 14 41619 13 41879 13 42140 11 42401 10 42662 8 42923 7 43186 3
43a71aeb641faa18742cb826772a8566c6c947d7050f9ab15459de6cc2b3b6af,35129 2 35387 6 35646 8 35905 9 36165 9 36424 10 36684 10 36944 9 37204 9 37464 8 37724 7 37985 5
43a71aeb641faa18742cb826772a8566c6c947d7050f9ab15459de6cc2b3b6af,74922 1 74931 4 75179 8 75189 7 75438 19 75697 20 75956 21 76216 21 76476 20 76736 20 76996 10 77010 6 77256 8 77517 5
43a71aeb641faa18742cb826772a8566c6c947d7050f9ab15459de6cc2b3b6af,52829 4 53086 9 53344 12 53602 14 53861 15 54121 15 54381 15 54641 14 54901 13 55162 9 55424 5
43a71aeb641faa18742cb826772a8566c6c947d7050f9ab15459de6cc2b3b6af,85064 2 85323 3 85583 3 85588 2 85844 1 85847 3 86105 5 86366 4 86627 3
43a71aeb641faa18742cb826772a8566c6c947d7050f9ab15459de6cc2b3b6af,15659 8 15916 11 16175 13 16434 14 16694 13 16953 14 17213 13 17473 14 17733 14 17994 13 18254 10 18265 1 18515 7 18776 4 19031 5 19288 9 19547 11 19806 13 19825 2 20066 14 20083 6 20325 15 20342 7 20585 24 20845 24 21105 25 21366 24 21626 13 21641 10 21886 12 21901 11 22147 10 22161 11 22408 7 22421 11 22669 4 22682 9 22943 7
43a71aeb641faa18742cb826772a8566c6c947d7050f9ab15459de6cc2b3b6af,66872 1 67129 7 67388 10 67647 13 67906 15 68166 15 68425 17 68685 17 68945 17 69205 16 69466 15 69726 13 69987 9
43a71aeb641faa18742cb826772a8566c6c947d7050f9ab15459de6cc2b3b6af,8368 5 8627 9 8886 10 9146 11 9406 11 9666 11 9927 10 10187 10 10449 7 10711 4
43a71aeb641faa18742cb826772a8566c6c947d7050f9ab15459de6cc2b3b6af,82479 3 82735 8 82993 11 83251 13 83510 13 83769 14 84028 14 84288 14 84548 14 84809 12 85069 9
43a71aeb641faa18742cb826772a8566c6c947d7050f9ab15459de6cc2b3b6af,31513 5 31772 8 32031 9 32058 4 32290 11 32317 6 32550 12 32576 8 32810 12 32835 9 33070 12 33093 11 33330 13 33345 19 33591 33 33851 33 34112 31 34373 30 34634 4 34642 20 34903 19 35165 15 35435 2
43a71aeb641faa18742cb826772a8566c6c947d7050f9ab15459de6cc2b3b6af,47893 7 48153 9 48412 11 48672 11 48931 13 49191 13 49451 13 49711 13 49971 12 50231 12 50491 11 50751 10 51012 8 51272 7 51533 5 51793 5 52055 1
43a71aeb641faa18742cb826772a8566c6c947d7050f9ab15459de6cc2b3b6af,62458 3 62714 10 62972 14 63232 14 63492 14 63752 16 64013 16 64274 15 64536 14 64799 11 65060 10 65321 8 65583 5
43a71aeb641faa18742cb826772a8566c6c947d7050f9ab15459de6cc2b3b6af,90012 3
43a71aeb641faa18742cb826772a8566c6c947d7050f9ab15459de6cc2b3b6af,12282 8 12540 11 12799 13 13058 15 13318 15 13578 15 13838 15 14099 14 14362 9
43a71aeb641faa18742cb826772a8566c6c947d7050f9ab15459de6cc2b3b6af,28141 4 28399 8 28659 8 28918 10 29178 10 29438 10 29698 10 29958 10 30218 10 30479 8 30740 6
43a71aeb641faa18742cb826772a8566c6c947d7050f9ab15459de6cc2b3b6af,2148 3 2407 5 2667 6 2925 8 3184 9 3442 11 3701 12 3960 13 4219 14 4479 14 4739 14 4999 13 5259 13 5519 13 5779 12 6039 12 6300 10 6561 8 6823 5
43a71aeb641faa18742cb826772a8566c6c947d7050f9ab15459de6cc2b3b6af,75985 15 76243 20 76503 21 76763 22 77023 22 77283 22 77543 22 77802 23 78061 24 78320 25 78580 25 78841 23 79111 13 79372 10 79632 9 79892 8 80153 5 80412 4 80671 5 80930 6 81190 7 81451 5 81713 2
43a71aeb641faa18742cb826772a8566c6c947d7050f9ab15459de6cc2b3b6af,37509 1 37767 6 38027 8 38287 8 38298 1 38547 14 38807 16 39068 17 39331 15 39592 14 39852 14 40113 12 40375 9 40637 6 40899 2
43a71aeb641faa18742cb826772a8566c6c947d7050f9ab15459de6cc2b3b6af,49736 6 49995 7 50254 9 50513 11 50773 11 51032 13 51292 13 51552 13 51812 12 52073 11 52334 8 52596 4
43a71aeb641faa18742cb826772a8566c6c947d7050f9ab15459de6cc2b3b6af,16463 5 16721 8 16980 10 17239 11 17496 15 17757 14 18017 14 18277 14 18538 13 18799 12 19060 10 19321 9 19582 7 19844 2
43a71aeb641faa18742cb826772a8566c6c947d7050f9ab15459de6cc2b3b6af,25589 5 25624 1 25847 8 25882 6 26106 11 26135 5 26142 7 26365 13 26395 5 26401 9 26623 16 26654 17 26882 17 26914 18 27141 18 27174 6 27181 12 27401 18 27426 3 27435 4 27442 12 27660 19 27684 7 27701 13 27919 19 27943 8 27961 13 28178 20 28202 10 28221 14 28423 7 28437 21 28460 13 28481 14 28681 11 28695 38 28740 14 28940 54 29000 14 29200 55 29259 15 29459 74 29719 30 29754 38 29980 28 30017 34 30240 28 30280 15 30297 8 30501 27 30541 13 30762 5 30769 19 30802 11 31029 19 31062 11 31290 17 31321 12 31551 16 31581 14 31812 14 31840 18 32075 7 32099 20 32359 21 32387 7 32619 21 32645 10 32879 23 32904 11 33140 36 33401 16 33419 17 33662 10 33683 13 33924 1 33943 14 34204 13 34465 11 34725 10 34986 7 35248 3
43a71aeb641faa18742cb826772a8566c6c947d7050f9ab15459de6cc2b3b6af,44298 8 44555 12 44813 15 45072 16 45331 17 45591 17 45851 16 46111 15 46372 13 46632 11 46893 8 47154 5 47414 5 47671 9 47929 13 48188 15 48447 17 48706 18 48966 18 49226 18 49486 17 49747 13 50008 9 50269 3
43a71aeb641faa18742cb826772a8566c6c947d7050f9ab15459de6cc2b3b6af,52410 4 52613 6 52665 10 52872 12 52917 19 53131 16 53172 24 53391 21 53428 29 53651 28 53686 31 53912 30 53945 32 54173 64 54433 64 54694 63 54956 60 55025 5 55217 5 55225 51 55281 12 55489 47 55538 17 55751 8 55761 20 55786 10 55797 27 56013 3 56022 17 56049 5 56056 29 56282 16 56316 30 56542 14 56576 30 56802 13 56837 29 57064 10 57097 29 57325 8 57359 6 57370 16 57587 4 57630 15 57890 14 58151 13 58414 10 58677 8 58937 9 59196 10 59456 11 59716 12 59977 12 60237 13 60497 13 60758 12 61018 12 61278 12 61539 11 61799 10 62060 9 62321 7 62583 2
43a71aeb641faa18742cb826772a8566c6c947d7050f9ab15459de6cc2b3b6af,79395 5 79654 7 79913 8 80173 8 80433 8 80694 7 80955 5 81216 3
43a71aeb641faa18742cb826772a8566c6c947d7050f9ab15459de6cc2b3b6af,64838 9 65096 13 65355 15 65615 16 65874 18 66134 18 66394 18 66654 18 66915 16 67176 15 67437 13 67700 9 67961 7
43a71aeb641faa18742cb826772a8566c6c947d7050f9ab15459de6cc2b3b6af,38839 2 39098 3 39356 6 39615 11 39875 12 40135 13 40395 14 40656 12 40916 12 41177 11 41437 10 41698 8 41962 4 42222 4 42482 4 42743 2
43a71aeb641faa18742cb826772a8566c6c947d7050f9ab15459de6cc2b3b6af,71077 2 71336 4 71596 4 71855 5 72115 5 72375 5 72635 5 72896 3
43a71aeb641faa18742cb826772a8566c6c947d7050f9ab15459de6cc2b3b6af,75242 1 75500 6 75759 8 76018 9 76278 9 76537 10 76796 11 77056 11 77316 10 77576 10 77837 8 78097 6 78359 2
43a71aeb641faa18742cb826772a8566c6c947d7050f9ab15459de6cc2b3b6af,8958 6 9217 8 9476 10 9736 11 9986 7 9995 13 10243 25 10501 27 10761 27 11020 28 11281 16 11299 9 11541 14 11561 6 11801 12 12063 6
43a71aeb641faa18742cb826772a8566c6c947d7050f9ab15459de6cc2b3b6af,45615 5 45874 7 46133 9 46393 10 46653 10 46913 10 47173 10 47434 9 47695 7 47956 5
43a71aeb641faa18742cb826772a8566c6c947d7050f9ab15459de6cc2b3b6af,118 11 378 11 639 9 901 5
43a71aeb641faa18742cb826772a8566c6c947d7050f9ab15459de6cc2b3b6af,15465 4 15723 7 15983 8 16243 9 16502 11 16762 12 17022 12 17282 12 17541 13 17801 12 18062 8
43a71aeb641faa18742cb826772a8566c6c947d7050f9ab15459de6cc2b3b6af,44597 4 44854 7 45113 8 45371 10 45630 10 45889 11 46148 11 46408 11 46667 11 46926 11 47186 10 47445 11 47705 9 47965 8 48225 5 48486 2 48743 3 49003 3 49263 3 49524 1
43a71aeb641faa18742cb826772a8566c6c947d7050f9ab15459de6cc2b3b6af,37054 5 37313 7 37573 7 37833 7 38093 7 38354 5
43a71aeb641faa18742cb826772a8566c6c947d7050f9ab15459de6cc2b3b6af,68257 3 68516 5 68776 6 69036 7 69296 8 69556 9 69815 13 70075 16 70335 17 70595 18 70856 18 71116 18 71377 17 71637 17 71898 15 72160 12 72422 9 72683 8 72944 6
43a71aeb641faa18742cb826772a8566c6c947d7050f9ab15459de6cc2b3b6af,80219 7 80477 10 80736 13 80996 14 81255 14 81516 12 81777 11 82038 11 82299 8 82559 7 82819 6 83081 2
43a71aeb641faa18742cb826772a8566c6c947d7050f9ab15459de6cc2b3b6af,10537 9 10797 15 11057 21 11317 22 11579 21 11842 17 12104 15 12366 8
43a71aeb641faa18742cb826772a8566c6c947d7050f9ab15459de6cc2b3b6af,14185 7 14444 11 14704 13 14964 14 15224 15 15485 15 15747 13 16010 10 16272 7 16533 6 16796 1
43a71aeb641faa18742cb826772a8566c6c947d7050f9ab15459de6cc2b3b6af,38107 2 38366 4 38625 5 38885 5 39145 5 39406 3
43a71aeb641faa18742cb826772a8566c6c947d7050f9ab15459de6cc2b3b6af,74512 7 74771 10 75031 10 75290 11 75548 11 75808 10 76069 7 76328 6 76588 5 76848 4 77109 1
43a71aeb641faa18742cb826772a8566c6c947d7050f9ab15459de6cc2b3b6af,58392 5 58650 9 58910 9 59170 10 59430 10 59691 8 59952 7 60213 4
43a71aeb641faa18742cb826772a8566c6c947d7050f9ab15459de6cc2b3b6af,46180 1 46438 5 46697 7 46957 7 47217 7 47477 7 47738 5
43a71aeb641faa18742cb826772a8566c6c947d7050f9ab15459de6cc2b3b6af,63606 3 63862 7 64121 8 64381 8 64640 9 64900 10 65160 11 65420 16 65679 19 65939 19 66198 20 66458 20 66718 19 66978 19 67239 17 67500 16 67761 14 68022 13 68284 10 68545 9 68807 4
43a71aeb641faa18742cb826772a8566c6c947d7050f9ab15459de6cc2b3b6af,87524 7 87781 16 88040 20 88299 21 88559 21 88819 21 89079 20 89340 18 89601 16 89864 11 90126 9
43a71aeb641faa18742cb826772a8566c6c947d7050f9ab15459de6cc2b3b6af,41779 5 42033 13 42291 16 42548 20 42806 22 43064 24 43323 24 43582 24 43842 22 44102 21 44362 21 44623 19 44884 19 45145 19 45406 19 45667 20 45927 21 46187 21 46447 21 46707 21 46967 21 47227 21 47488 18 47749 16 48010 6 48271 3
43a71aeb641faa18742cb826772a8566c6c947d7050f9ab15459de6cc2b3b6af,28775 11 29029 19 29287 21 29545 23 29804 23 30064 18 30325 9
43a71aeb641faa18742cb826772a8566c6c947d7050f9ab15459de6cc2b3b6af,18922 1 19177 8 19433 13 19690 16 19948 17 20207 18 20466 18 20725 18 20985 18 21245 18 21506 17 21768 16 22029 15 22289 15 22549 15 22808 15 23068 15 23326 16 23585 17 23844 17 24104 16 24364 15 24607 21 24632 7 24866 20 24893 7 25125 21 25153 8 25385 21 25413 10 25646 19 25673 10 25907 17 25932 12 26168 13 26192 12 26452 12 26712 11 26972 10 27232 10 27493 7 27755 3
43a71aeb641faa18742cb826772a8566c6c947d7050f9ab15459de6cc2b3b6af,36051 2 36309 5 36568 6 36828 6 37088 6 37350 2
43a71aeb641faa18742cb826772a8566c6c947d7050f9ab15459de6cc2b3b6af,9533 6 9791 10 10051 12 10310 14 10570 18 10830 22 11091 22 11352 10 11364 9 11626 7
43a71aeb641faa18742cb826772a8566c6c947d7050f9ab15459de6cc2b3b6af,70128 9 70386 12 70644 15 70903 16 71161 18 71421 17 71680 17 71941 15 72201 13 72463 10 72726 5
43a71aeb641faa18742cb826772a8566c6c947d7050f9ab15459de6cc2b3b6af,31160 3 31418 7 31677 8 31936 10 32196 11 32455 13 32715 14 32975 14 33235 14 33496 13 33756 13 34016 13 34268 3 34276 13 34526 9 34536 13 34786 22 35045 21 35305 16 35562 18 35820 20 36078 22 36336 24 36595 24 36853 25 37112 25 37371 25 37630 25 37890 24 38149 24 38409 23 38668 22 38928 20 39187 19 39447 16 39707 13 39969 8
43a71aeb641faa18742cb826772a8566c6c947d7050f9ab15459de6cc2b3b6af,202 8 460 10 718 13 976 15 1235 17 1495 17 1755 17 2015 16 2276 15 2537 12 2798 10 3059 7
43a71aeb641faa18742cb826772a8566c6c947d7050f9ab15459de6cc2b3b6af,75348 9 75604 14 75862 17 76120 19 76379 19 76639 18 76899 17 77159 14 77423 5
43a71aeb641faa18742cb826772a8566c6c947d7050f9ab15459de6cc2b3b6af,10872 2 11130 5 11389 8 11648 10 11907 12 12167 12 12426 13 12686 14 12947 14 13207 15 13467 15 13727 15 13988 14 14249 13 14510 11 14771 10 15034 5
43a71aeb641faa18742cb826772a8566c6c947d7050f9ab15459de6cc2b3b6af,43385 3 43643 7 43901 10 44160 12 44419 13 44678 15 44937 16 45197 15 45456 16 45716 14 45976 12 46236 12 46495 13 46754 14 47013 16 47272 16 47531 17 47791 17 48051 17 48311 16 48571 15 48832 13 49093 10 49354 8 49618 1
43a71aeb641faa18742cb826772a8566c6c947d7050f9ab15459de6cc2b3b6af,219 21 479 22 738 23 998 23 1258 23 1518 11 1530 11 1779 9 1791 9 2039 9 2052 6 2300 7 2561 5 2822 3
43a71aeb641faa18742cb826772a8566c6c947d7050f9ab15459de6cc2b3b6af,36105 2 36364 4 36623 5 36884 4 37145 2
43a71aeb641faa18742cb826772a8566c6c947d7050f9ab15459de6cc2b3b6af,63412 3 63670 8 63929 10 64187 12 64446 13 64705 14 64965 14 65224 15 65484 14 65745 12 66005 10
43a71aeb641faa18742cb826772a8566c6c947d7050f9ab15459de6cc2b3b6af,77453 5 77712 7 77971 8 78230 10 78489 11 78749 11 79009 10 79269 10 79529 10 79789 10 80050 9 80311 8 80572 7 80833 5 81094 2
43a71aeb641faa18742cb826772a8566c6c947d7050f9ab15459de6cc2b3b6af,40803 7 41057 13 41315 16 41575 17 41594 7 41835 26 42095 26 42355 26 42615 26 42875 26 43136 25 43396 25 43657 24 43918 6 43927 13 44187 12 44448 10 44708 9 44968 9 45228 8 45489 7 45750 5 46012 1
43a71aeb641faa18742cb826772a8566c6c947d7050f9ab15459de6cc2b3b6af,25990 6 26247 10 26504 14 26763 15 27022 15 27281 15 27540 15 27799 15 28059 15 28318 15 28579 13 28839 12 29100 10 29362 7 29624 4 29883 5 30142 8 30401 10 30661 10 30920 12 31180 12 31440 12 31700 12 31961 11 32221 11 32481 10 32741 10 33001 9 33261 9 33521 9 33781 8 34042 7 34302 6 34562 6 34822 5 35084 2 35346 1 35605 3 35864 5 36124 5 36384 5 36645 4
43a71aeb641faa18742cb826772a8566c6c947d7050f9ab15459de6cc2b3b6af,772 7 1031 10 1290 11 1549 12 1809 12 2069 12 2329 12 2590 11 2850 11 3111 10 3372 9 3635 6 3896 5 4156 5 4415 6 4672 9 4925 16 5183 18 5441 20 5700 21 5960 21 6220 18 6481 14 6743 9
43a71aeb641faa18742cb826772a8566c6c947d7050f9ab15459de6cc2b3b6af,13765 2 14024 4 14284 4 14545 6 14805 1 14808 4 14814 2 15065 2 15068 10 15326 13 15587 13 15848 13 16109 12 16369 12 16630 11 16891 7 17152 5
43a71aeb641faa18742cb826772a8566c6c947d7050f9ab15459de6cc2b3b6af,67598 1 67854 7 68113 8 68372 9 68631 10 68889 12 69148 13 69408 13 69668 13 69928 13 70188 13 70449 11 70711 6 70972 4
43a71aeb641faa18742cb826772a8566c6c947d7050f9ab15459de6cc2b3b6af,72276 5 72535 6 72794 7 73054 7 73313 8 73573 8 73833 8 74093 8 74353 8 74613 8 74874 7 75137 2
44afae184c89e6ba55985b4d341acc1ae1e8b6ef96312064e0e6e630e022b078,1 6 513 6 1025 6 1537 6 2049 5 2561 5 3073 5 3585 4 4097 4 4609 4 5121 4 5633 4 6145 3 6657 3 7169 3 7681 3 8193 2 8705 2 9217 1
44afae184c89e6ba55985b4d341acc1ae1e8b6ef96312064e0e6e630e022b078,205314 8 205825 11 206337 13 206849 14 207361 15 207873 16 208385 17 208897 18 209409 19 209921 20 209957 7 210433 21 210468 10 210945 22 210980 12 211457 23 211492 14 211969 24 212003 17 212481 24 212515 19 212993 25 213027 22 213505 26 213539 23 214017 26 214051 24 214529 27 214562 26 215041 28 215074 26 215553 28 215585 28 216065 61 216577 62 217089 62 217601 63 218113 63 218625 63 219137 63 219649 64 220161 64 220673 64 221185 64 221697 64 222209 64 222721 63 223233 63 223745 63 224257 63 224769 64 225281 64 225793 64 226305 64 226817 64 227329 64 227841 64 228353 63 228865 63 229377 63 229889 63 230401 63 230913 63 231425 63 231937 63 232449 62 232961 62 233473 61 233985 61 234497 60 235009 60 235521 59 236033 58 236545 27 236575 27 237057 23 237092 21 237569 21 237604 21 238081 19 238117 19 238593 17 238629 18 239105 13 239143 15 239617 8 239657 12 240129 4 240170 9 240641 4 240684 5 241153 4 241665 4 242177 3 242689 2 243201 1 243713 1 244225 1
44afae184c89e6ba55985b4d341acc1ae1e8b6ef96312064e0e6e630e022b078,317976 1 318487 2 318999 2 319007 11 319510 4 319516 15 320021 22 320532 24 321043 25 321555 25 322067 26 322578 27 323090 27 323601 28 324112 30 324623 31 325134 32 325646 32 326157 33 326668 33 327179 34 327690 34 328201 35 328713 34 329224 34 329736 33 330247 33 330759 32 331271 31 331783 29 332295 27 332807 26 333318 26 333830 25 334341 25 334853 25 335365 25 335876 26 336388 26 336900 26 337411 27 337923 27 338435 27 338947 27 339459 27 339971 28 340483 28 340995 29 341507 29 342019 29 342531 29 343044 28 343556 28 344068 27 344581 26 345093 25 345606 23 346119 21 346631 19 347144 17 347657 15
44afae184c89e6ba55985b4d341acc1ae1e8b6ef96312064e0e6e630e022b078,12 21 524 21 1036 21 1548 20 2059 21 2571 21 3083 21 3595 21 4107 21 4619 21 5131 22 5642 23 6154 23 6666 22 7177 23 7689 23 8201 23 8713 23 9225 23 9737 23 10249 23 10761 23 11273 23 11785 23 12297 23 12809 22 13321 21 13833 20 14345 19 14857 19 15369 18 15881 15 16393 13 16905 13 17417 13 17929 14 18440 16 18952 16 19464 17 19976 17 20488 18 21000 18 21513 17 22025 17 22537 16 23049 15 23562 13 24074 8 24587 7 25100 5 25614 3
44afae184c89e6ba55985b4d341acc1ae1e8b6ef96312064e0e6e630e022b078,257072 1 257582 4 258090 9 258591 21 259102 23 259611 26 260121 29 260632 31 261143 10 261157 18 261654 10 261671 17 262166 10 262182 19 262677 10 262691 23 263189 8 263202 24 263701 7 263715 24 264212 7 264227 24 264724 6 264740 23 265235 6 265253 23 265747 6 265765 23 266259 6 266277 23 266771 6 266788 24 267283 6 267299 25 267795 7 267810 26 268307 7 268321 27 268819 7 268832 28 269331 7 269343 29 269843 7 269854 30 270355 7 270365 31 270867 41 271379 41 271892 39 272404 39 272917 38 273429 37 273941 37 274453 36 274965 34 275478 33 275990 32 276502 31 277015 30 277528 28 278041 25 278554 22 279067 19 279580 17 280093 13 280607 9
44afae184c89e6ba55985b4d341acc1ae1e8b6ef96312064e0e6e630e022b078,310819 4 311330 6 311842 5 312353 6 312866 4
44afae184c89e6ba55985b4d341acc1ae1e8b6ef96312064e0e6e630e022b078,299070 7 299581 9 300092 10 300604 11 301115 13 301626 15 302136 18 302646 21 303156 23 303667 25 304177 27 304689 28 305200 29 305709 32 306219 34 306731 33 307243 33 307755 33 308266 33 308778 33 309290 11 309302 20 309802 11 309814 19 310315 29 310827 27 311340 25 311853 22 312365 20 312877 18 313389 17 313902 14 314421 3
44afae184c89e6ba55985b4d341acc1ae1e8b6ef96312064e0e6e630e022b078,54 16 566 15 1079 13 1592 10 2106 7
44afae184c89e6ba55985b4d341acc1ae1e8b6ef96312064e0e6e630e022b078,190538 5 191049 7 191561 8 192072 10 192584 11 193096 12 193608 13 194120 14 194632 16 195144 17 195655 18 196167 19 196678 21 197190 22 197701 23 198213 23 198724 24 199236 24 199748 24 200259 25 200771 25 201283 25 201795 25 202306 27 202818 27 203330 27 203842 28 204354 28 204866 28 205377 28 205890 27 206402 26 206914 26 207426 26 207938 26 208450 26 208963 25 209475 25 209988 24 210500 24 211012 24 211525 22 212037 22 212549 22 213062 21 213574 20 214086 20 214599 18 215111 17 215623 15 216135 14 216647 13 217158 14 217670 13 218182 12 218694 12 219206 11 219718 11 220230 10 220743 8 221255 8 221768 5
44afae184c89e6ba55985b4d341acc1ae1e8b6ef96312064e0e6e630e022b078,274019 4 274529 7 275039 10 275548 15 276053 23 276564 26 277075 29 277587 31 278099 32 278611 33 279123 33 279635 34 280148 33 280660 34 281173 33 281685 33 282198 31 282710 31 283222 30 283733 30 284245 28 284757 27 285270 25 285782 23 286294 21 286807 19 287321 15 287835 12
44afae184c89e6ba55985b4d341acc1ae1e8b6ef96312064e0e6e630e022b078,174715 4 175225 11 175736 13 176248 15 176759 18 177269 22 177781 24 178292 26 178783 1 178804 26 179293 8 179316 27 179804 13 179828 28 180316 16 180340 29 180828 19 180852 30 181340 56 181851 58 182362 60 182874 61 183385 63 183896 65 184407 67 184919 68 185431 69 185943 70 186455 70 186967 71 187480 71 187993 70 188506 70 189019 70 189532 69 190045 69 190557 70 191070 69 191582 70 192095 69 192608 33 192643 33 193120 33 193155 33 193633 32 193668 32 194146 32 194180 32 194659 31 194693 31 195171 31 195206 30 195683 31 195719 29 196196 30 196234 25 196709 28 196747 23 197222 26 197259 23 197735 23 197772 20 198249 18 198285 18 198798 15 199311 12 199825 3
44afae184c89e6ba55985b4d341acc1ae1e8b6ef96312064e0e6e630e022b078,228491 4 228998 11 229508 14 230019 16 230529 19 231038 24 231546 29 232056 32 232568 32 233079 34 233583 1 233589 37 234092 46 234602 48 235113 49 235623 50 236134 52 236644 41 236688 11 237155 41 237201 10 237666 41 237715 8 238178 40 238229 5 238689 40 239201 39 239713 39 240225 38 240736 39 241248 38 241760 38 242272 37 242784 37 243297 35 243809 35 244322 33 244834 33 245347 32 245860 31 246373 30 246887 28 247400 27 247913 26 248426 24 248939 22 249452 4 249458 14 249971 12 250484 10 250996 9 251509 6
44afae184c89e6ba55985b4d341acc1ae1e8b6ef96312064e0e6e630e022b078,104 10 616 10 1128 10 1640 10 2152 10 2663 11 3171 15 3682 16 4194 15 4706 15 5219 14 5731 13 6244 12 6756 11 7269 9 7783 6 8296 4
44afae184c89e6ba55985b4d341acc1ae1e8b6ef96312064e0e6e630e022b078,285329 6 285837 13 286346 18 286855 22 287366 24 287877 26 288387 29 288898 31 289409 32 289919 34 290430 36 290941 37 291453 36 291964 37 292475 39 292987 39 293498 40 294009 41 294521 40 295032 41 295544 40 296055 40 296567 39 297079 38 297590 39 298102 38 298615 37 299127 37 299639 37 300151 37 300663 36 301175 36 301687 36 302199 35 302711 35 303223 34 303735 34 304247 33 304759 32 305271 32 305783 31 306295 30 306807 29 307320 27 307833 25 308346 23 308858 22 309371 21 309884 18 310397 16 310910 13 311423 11 311938 4
44afae184c89e6ba55985b4d341acc1ae1e8b6ef96312064e0e6e630e022b078,263834 6 264343 11 264853 15 265364 17 265874 20 266385 22 266897 23 267408 25 267919 28 268430 29 268941 31 269453 32 269964 34 270476 34 270988 35 271499 36 272011 36 272523 36 273036 35 273548 35 274060 35 274573 34 275085 34 275597 34 276110 33 276622 32 277134 32 277647 30 278160 28 278672 27 279185 25 279698 23 280211 21 280723 19 281236 17 281750 12
44afae184c89e6ba55985b4d341acc1ae1e8b6ef96312064e0e6e630e022b078,141481 10 141992 15 142504 18 143016 20 143527 22 144040 22 144100 3 144552 23 144611 5 145064 24 145124 5 145576 26 145636 6 146089 26 146148 6 146601 27 146660 7 147114 27 147165 3 147172 8 147626 27 147675 5 147684 8 148139 27 148186 7 148196 9 148652 27 148698 7 148708 9 149165 26 149210 7 149221 9 149678 26 149722 8 149733 10 150194 23 150234 8 150245 11 150707 23 150746 9 150757 12 151218 26 151258 9 151269 14 151729 28 151770 10 151781 16 152241 28 152282 29 152753 28 152794 31 153264 30 153306 32 153776 30 153818 34 154288 30 154330 35 154800 31 154842 36 155312 31 155355 36 155824 32 155867 37 156337 31 156379 37 156849 32 156892 37 157361 33 157404 37 157873 34 157917 37 158385 35 158429 37 158897 35 158941 37 159409 36 159453 37 159921 37 159965 36 160433 37 160477 36 160946 37 160990 34 161458 39 161502 34 161971 39 162015 32 162484 39 162526 33 162996 74 163509 72 164021 71 164534 69 165047 67 165559 66 166072 64 166585 62 167098 60 167611 58 168124 56 168637 52 169151 48 169663 46 170176 44 170688 43 171200 42 171711 42 172223 42 172734 42 173231 9 173245 43 173739 61 174250 62 174761 63 175273 63 175784 64 176295 64 176807 63 177318 62 177830 62 178342 62 178853 62 179365 61 179877 59 180389 58 180901 54 181412 53 181924 51 182435 46 182947 42 183459 41 183971 41 184483 41 184996 41 185508 41 186020 41 186533 39 187045 39 187558 37 188071 36 188583 36 189096 35 189609 33 190121 33 190634 31 191146 30 191659 28 192172 27 192685 25 193198 23 193710 23 194222 22 194735 20 195247 12 195760 6
44afae184c89e6ba55985b4d341acc1ae1e8b6ef96312064e0e6e630e022b078,219376 8 219886 12 220396 17 220906 23 221417 25 221927 27 222439 27 222950 28 223461 29 223972 30 224484 30 224995 31 225507 31 226018 32 226529 33 227041 33 227552 34 228063 35 228574 36 229086 36 229597 37 230109 36 230620 37 231131 38 231642 39 232153 40 232664 41 233175 42 233686 43 234198 43 234709 44 235221 44 235732 46 236244 46 236756 47 237268 49 237780 49 238292 50 238804 50 239316 50 239828 50 240340 51 240852 51 241364 51 241875 52 242386 53 242897 54 243408 25 243437 26 243919 26 243951 23 244431 27 244464 21 244942 29 244977 19 245453 31 245490 17 245965 33 246003 16 246476 35 246516 14 246988 36 247028 13 247500 37 247541 10 248011 39 248054 7 248523 40 249035 41 249547 41 250059 42 250572 41 251085 40 251597 41 252110 40 252623 39 253134 40 253646 40 254157 41 254667 43 255163 6 255177 45 255673 9 255688 46 256183 13 256198 48 256693 65 257204 66 257715 67 258226 68 258737 68 259248 69 259759 70 260271 69 260782 69 261294 69 261806 68 262318 67 262829 67 263341 66 263852 52 263907 9 264364 52 264876 51 265389 50 265902 48 266416 46 266929 45 267443 42 267957 40 268471 36 268984 33 269498 29 270012 16 270033 4 270527 8
44afae184c89e6ba55985b4d341acc1ae1e8b6ef96312064e0e6e630e022b078,332470 7 332981 11 333492 13 334003 15 334515 15 335027 16 335539 17 336051 19 336563 21 337075 23 337587 24 338099 24 338611 25 339122 26 339634 27 340146 27 340657 29 341169 29 341681 30 342193 30 342705 31 343217 32 343729 32 344242 32 344754 33 345267 32 345779 33 346291 33 346804 33 347316 33 347828 33
44afae184c89e6ba55985b4d341acc1ae1e8b6ef96312064e0e6e630e022b078,291596 3 292062 2 292106 6 292565 14 292617 7 293075 19 293128 7 293585 29 293639 8 294089 1 294093 34 294150 9 294600 40 294643 8 294660 11 295111 41 295153 12 295167 17 295623 41 295665 32 296134 76 296646 78 297158 78 297670 79 298183 79 298695 80 299208 80 299720 81 300233 80 300745 81 301258 81 301771 81 302284 80 302798 12 302814 63 303317 5 303329 12 303345 45 303830 4 303842 9 303858 44 304343 4 304356 6 304371 44 304856 2 304883 44 305396 44 305908 44 306421 44 306933 45 307446 45 307958 46 308471 46 308984 46 309497 45 310010 44 310523 44 311036 43 311549 42 312062 41 312575 39 313087 39 313600 37 314113 35 314626 29 315142 10 315158 6
44afae184c89e6ba55985b4d341acc1ae1e8b6ef96312064e0e6e630e022b078,325326 4 325837 7 326349 8 326860 11 327372 13 327883 15 328394 17 328906 18 329418 19 329930 21 330442 22 330955 21 331467 21 331980 21 332493 20 333006 20 333519 19 334031 20 334544 20 335057 20 335570 19 336083 18 336596 18 337113 13 337628 10 338141 10 338654 9 339166 8 339677 9 340188 9 340700 10 341212 10 341724 13 342236 14 342748 15 343260 15 343773 14 344285 14 344797 15 345310 14 345823 15 346336 6 346346 5 346848 5 346859 5 347361 3 347372 4 347885 3
44afae184c89e6ba55985b4d341acc1ae1e8b6ef96312064e0e6e630e022b078,188153 1 188661 8 189170 12 189680 15 190191 16 190702 18 191213 19 191724 21 192235 22 192746 24 193256 26 193765 29 194275 30 194783 34 195295 34 195806 35 196318 34 196830 34 197341 35 197853 35 198365 35 198877 34 199389 33 199901 32 200414 31 200927 29 201440 26 201954 6 201964 13 202478 9 202992 5
44afae184c89e6ba55985b4d341acc1ae1e8b6ef96312064e0e6e630e022b078,326406 3 326913 10 327423 12 327934 14 328446 14 328957 16 329469 17 329980 19 330492 20 331003 23 331515 25 332027 30 332539 31 333051 31 333563 31 334076 30 334588 31 335101 30 335613 31 336125 33 336638 33 337150 34 337662 34 338174 33 338686 32 339199 31 339711 30 340223 30 340735 30 341248 29 341761 28 342273 29 342787 28 343300 27 343814 27 344326 29 344839 31 345351 40 345864 44 346376 46 346889 47 347402 47 347915 46
44afae184c89e6ba55985b4d341acc1ae1e8b6ef96312064e0e6e630e022b078,139529 2 140038 7 140548 11 141059 14 141571 14 142083 15 142594 17 143106 17 143618 18 144129 19 144641 20 145153 20 145665 21 146177 21 146689 21 147199 24 147711 25 148224 24 148736 25 149248 26 149761 25 150273 25 150786 24 151298 24 151811 23 152323 23 152835 23 153347 23 153859 22 154372 20 154884 19 155396 18 155908 17 156420 15 156932 14 157446 3 157452 2
44afae184c89e6ba55985b4d341acc1ae1e8b6ef96312064e0e6e630e022b078,226578 10 227089 14 227601 19 228113 22 228625 26 228654 2 229137 35 229649 39 230161 42 230673 42 231186 42 231698 43 232211 42 232723 42 233235 42 233748 41 234261 40 234774 38 235287 36 235799 35 236312 32 236824 30 237337 28 237850 25 238363 23 238876 20 239390 16 239903 12 240417 8 240933 1
44afae184c89e6ba55985b4d341acc1ae1e8b6ef96312064e0e6e630e022b078,87319 3 87830 4 88342 2
44afae184c89e6ba55985b4d341acc1ae1e8b6ef96312064e0e6e630e022b078,89380 2 89890 5 90401 7 90913 8 91424 10 91935 11 92445 14 92953 1 92956 15 93465 18 93977 18 94490 17 95003 16 95516 15 96028 15 96541 14 97053 13 97565 11 98077 10 98590 6
44afae184c89e6ba55985b4d341acc1ae1e8b6ef96312064e0e6e630e022b078,249681 4 250191 10 250702 12 251211 16 251721 19 252232 21 252743 23 253254 25 253765 27 254277 28 254788 31 255300 33 255812 34 256324 35 256834 37 257343 41 257852 44 258363 46 258875 47 259387 48 259898 50 260410 51 260923 51 261435 51 261947 51 262459 51 262970 52 263468 7 263480 55 263978 69 264487 72 264996 75 265506 77 266017 78 266528 78 267040 78 267551 78 268062 78 268573 77 269084 77 269595 56 269659 13 270107 56 270173 8 270618 59 271130 61 271642 65 272154 67 272666 69 273178 70 273691 71 274203 72 274716 72 275228 73 275741 72 276253 73 276765 73 277278 72 277790 72 278302 72 278814 71 279326 71 279838 70 280350 70 280862 70 281374 69 281886 69 282398 69 282910 68 283422 67 283935 66 284447 65 284960 64 285473 62 285987 59 286501 55 287015 53 287528 52 288041 50 288554 49 289067 47 289580 30 289612 12 290094 25 290128 4 290607 24 291120 22 291639 15 292153 13 292665 13 293177 13 293689 12 294201 12 294716 9 295229 8 295742 6 296256 4
44afae184c89e6ba55985b4d341acc1ae1e8b6ef96312064e0e6e630e022b078,202043 6 202553 10 203063 14 203573 17 204082 22 204592 25 205102 28 205613 30 206123 33 206634 34 207146 35 207657 36 208168 37 208680 37 209191 38 209703 38 210214 39 210726 39 211237 40 211749 39 212261 39 212773 39 213285 39 213797 39 214309 38 214821 38 215334 36 215846 36 216358 35 216871 33 217383 32 217896 31 218409 29 218922 28 219436 25 219949 22 220463 17 220978 10
44afae184c89e6ba55985b4d341acc1ae1e8b6ef96312064e0e6e630e022b078,138057 3 138569 4 138575 4 139082 11 139594 11 140108 10 140620 11 141118 3 141133 11 141629 7 141645 17 142141 9 142157 18 142653 9 142665 23 143164 11 143176 25 143672 42 144183 43 144694 45 145205 46 145715 49 146226 50 146738 49 147251 48 147763 47 148276 45 148789 43 149303 40 149819 35 150333 29 150847 24 151368 12 151886 4
44afae184c89e6ba55985b4d341acc1ae1e8b6ef96312064e0e6e630e022b078,303961 4 304466 1 304471 7 304975 21 305485 24 305996 26 306507 28 307017 31 307528 34 308040 35 308552 36 309063 38 309575 38 310088 38 310600 39 311112 39 311624 40 312137 39 312649 39 313161 40 313673 40 314185 40 314697 41 315209 42 315722 42 316234 42 316746 43 317259 43 317771 43 318284 43 318796 43 319309 42 319822 41 320334 41 320847 40 321360 39 321872 39 322385 38 322897 38 323410 38 323922 38 324435 36 324949 34 325462 32 325976 29 326491 25 327004 22 327523 9 328039 3
44afae184c89e6ba55985b4d341acc1ae1e8b6ef96312064e0e6e630e022b078,222575 4 223085 9 223596 12 224107 16 224618 18 225129 20 225640 22 226151 23 226660 27 227170 29 227681 29 228192 29 228704 27 229214 29 229725 29 230235 31 230746 32 231256 33 231766 35 232276 37 232788 37 233299 38 233811 37 234322 36 234834 34 235347 27 235860 21 236377 14
44afae184c89e6ba55985b4d341acc1ae1e8b6ef96312064e0e6e630e022b078,165250 4 165760 6 166245 5 166271 8 166755 11 166782 9 167267 13 167293 10 167779 13 167803 12 168290 15 168313 13 168802 36 169313 36 169825 35 170336 34 170848 32 171361 11 171374 17 171874 3 171888 14 172400 14 172913 12 173425 12 173938 10 174450 9 174963 7 175476 5 175990 1
44afae184c89e6ba55985b4d341acc1ae1e8b6ef96312064e0e6e630e022b078,175978 3 176490 3
44afae184c89e6ba55985b4d341acc1ae1e8b6ef96312064e0e6e630e022b078,120193 2 120704 10 121215 15 121726 19 121775 5 122235 24 122280 14 122746 26 122790 18 123257 29 123301 23 123768 31 123812 25 124279 34 124324 27 124790 36 124835 30 125301 38 125346 34 125812 41 125858 38 126324 43 126368 43 126835 90 127347 92 127859 93 128371 95 128883 13 128898 81 129394 13 129410 82 129906 10 129917 88 130419 8 130430 87 130931 8 130941 89 131443 99 131955 100 132467 101 132979 101 133491 102 134003 102 134515 102 135027 102 135539 102 136052 100 136565 98 137077 98 137590 96 138103 95 138616 93 139129 92 139643 89 140156 51 140214 28 140669 48 140728 24 141182 45 141243 5 141252 9 141696 41 142219 28 142734 20 143262 3
44afae184c89e6ba55985b4d341acc1ae1e8b6ef96312064e0e6e630e022b078,292729 1 293242 5 293754 6 294268 5 294781 4
44afae184c89e6ba55985b4d341acc1ae1e8b6ef96312064e0e6e630e022b078,173985 1 174490 18 175000 23 175506 30 176016 33 176525 37 177035 39 177545 42 178056 43 178566 46 179077 47 179587 50 180099 50 180610 51 181122 51 181633 52 182145 52 182656 53 183167 54 183679 53 184190 54 184702 54 185213 55 185725 54 186236 55 186748 55 187259 56 187771 55 188283 54 188795 53 189307 53 189820 51 190332 50 190844 49 191357 45 191870 43 192382 42 192895 40 193408 39 193921 39 194434 39 194946 40 195458 41 195970 41 196481 43 196992 44 197503 45 198014 46 198525 47 199036 48 199547 47 200059 45 200571 43 201083 41 201595 37 202108 34 202620 32 203132 29 203645 26 204157 25 204669 23 205182 20 205694 18 206207 15 206720 11 207234 5
44afae184c89e6ba55985b4d341acc1ae1e8b6ef96312064e0e6e630e022b078,250767 3 251277 7 251787 11 252298 13 252810 14 253321 15 253833 15 254345 15 254858 14 255370 14 255883 12 256396 11 256909 9 257420 5 257427 3 257931 5 257940 2 258441 7 258451 3 258951 10 258962 5 259462 17 259972 18 260483 19 260995 18 261507 18 262020 17 262533 16 263046 15 263560 13 264074 13 264587 12 265100 12 265612 12 266125 12 266637 12 267149 13 267662 12 268174 12 268687 12 269199 13 269711 14 270223 14 270735 15 271247 15 271759 16 272272 15 272784 16 273296 17 273809 16 274322 15 274830 19 275342 19 275855 9 275866 6 276368 7 276379 3 276881 6 277394 5 277907 3
44afae184c89e6ba55985b4d341acc1ae1e8b6ef96312064e0e6e630e022b078,197050 9 197559 16 198068 21 198578 24 199089 26 199600 27 200112 28 200623 29 201134 30 201646 30 202157 31 202668 32 203179 33 203690 34 204202 34 204713 35 205223 37 205733 38 206242 41 206753 41 207264 41 207775 42 208286 43 208798 43 209310 43 209822 42 210330 1 210334 42 210839 49 211349 50 211860 51 212371 51 212882 51 213393 50 213904 48 214413 15 214437 26 214923 14 214952 22 215435 12 215466 10 215481 3 215982 2
44afae184c89e6ba55985b4d341acc1ae1e8b6ef96312064e0e6e630e022b078,334232 4 334742 9 334757 2 335253 13 335267 6 335762 24 336273 27 336784 32 337294 36 337806 37 338318 38 338830 38 339342 38 339855 38 340367 37 340879 37 341391 36 341904 36 342417 36 342930 37 343445 2 343449 31 343962 30 344475 30 344989 1 345000 17 345515 14 346031 10 346551 1
44afae184c89e6ba55985b4d341acc1ae1e8b6ef96312064e0e6e630e022b078,228776 6 229283 14 229792 30 230304 35 230815 38 231326 40 231838 41 232349 44 232860 47 233371 49 233882 50 234394 51 234906 51 235419 50 235931 50 236443 49 236955 48 237468 45 237980 44 238493 42 239006 41 239518 39 240031 37 240543 35 241055 32 241567 30 242079 29 242592 27 243104 27 243617 25 244130 24 244643 22 245156 20 245669 18 246182 17 246696 14 247209 12 247723 8 248238 2
44afae184c89e6ba55985b4d341acc1ae1e8b6ef96312064e0e6e630e022b078,292261 5 292271 3 292771 22 293282 25 293792 28 294303 30 294814 32 295326 33 295838 39 296350 40 296862 45 297373 47 297885 48 298397 49 298909 50 299421 51 299933 51 300444 53 300956 53 301469 53 301981 54 302494 54 303006 55 303518 56 304031 55 304543 55 305056 54 305568 54 306081 52 306593 52 307105 51 307617 50 308130 49 308642 49 309154 49 309667 47 310179 47 310691 47 311204 46 311717 45 312229 44 312742 42 313255 40 313768 37 314281 35 314794 33 315307 31 315820 29 316333 27 316846 18 317367 8 317880 5 318393 2
44afae184c89e6ba55985b4d341acc1ae1e8b6ef96312064e0e6e630e022b078,253894 5 254405 7 254916 9 255427 12 255937 21 256448 23 256959 25 257471 26 257982 28 258494 29 259005 30 259517 31 260028 33 260539 35 261049 37 261560 38 262071 40 262582 43 263094 44 263606 44 264118 44 264630 44 265142 44 265654 44 266167 43 266679 43 267191 43 267703 42 268215 41 268727 41 269239 40 269751 40 270263 39 270776 37 271289 35 271802 33 272317 29 272831 26 273344 23 273857 20 274370 17 274883 16 275395 15 275908 14 276421 12 276935 10 277448 8 277962 6 278475 3
44afae184c89e6ba55985b4d341acc1ae1e8b6ef96312064e0e6e630e022b078,113125 4 113636 6 114146 9 114658 10 115169 12 115680 15 116190 18 116701 20 117213 22 117725 23 118236 25 118744 29 119255 31 119767 31 120279 32 120791 34 121303 35 121815 36 122327 38 122839 39 123351 40 123864 40 124377 40 124890 39 125402 38 125915 37 126428 35 126941 34 127454 33 127967 32 128480 31 128993 30 129507 29 130021 27 130535 25 131050 21 131565 18 132079 15 132599 4
44afae184c89e6ba55985b4d341acc1ae1e8b6ef96312064e0e6e630e022b078,330235 6 330745 8 331256 9 331767 10 332278 11 332789 12 333300 13 333812 13 334323 14 334833 16 335341 20 335851 22 336361 24 336872 25 337382 27 337893 28 338404 29 338916 29 339427 30 339936 33 340447 5 340458 23 340958 5 340971 22 341469 6 341484 3 341491 14 341981 7 341997 1 342006 11 342493 7 342506 4 342519 10 343005 6 343018 4 343031 10 343518 4 343531 2 343543 10 344031 1 344055 10 344568 9 345080 9 345592 9 346104 9 346622 3
44afae184c89e6ba55985b4d341acc1ae1e8b6ef96312064e0e6e630e022b078,213497 6 214007 10 214518 11 215029 12 215540 13 216051 14 216563 14 217074 15 217586 15 218098 15 218610 15 219121 16 219633 16 220144 17 220656 17 221167 18 221679 18 222190 19 222702 19 223213 20 223725 20 224236 21 224748 21 225259 22 225771 22 226282 23 226794 23 227305 24 227816 25 228328 25 228840 25 229352 25 229864 25 230376 25 230888 25 231400 25 231912 25 232424 25 232936 25 233448 25 233960 25 234472 25 234984 25 235497 24 236009 24 236521 24 237033 24 237545 24 238057 24 238569 24 239081 23 239593 22 240106 20 240618 19 241131 17 241644 12 242157 9 242671 6
44afae184c89e6ba55985b4d341acc1ae1e8b6ef96312064e0e6e630e022b078,185343 2 185853 4 186363 6 186874 7 187386 7 187898 7 188410 7 188921 8 189431 10 189942 11 190453 12 190965 12 191478 11 191992 9 192505 8 193019 6 193533 2
44afae184c89e6ba55985b4d341acc1ae1e8b6ef96312064e0e6e630e022b078,269312 1 269823 2 270335 2 270847 2 271359 2 271871 2 272383 2 272895 2 273406 3 273918 3 274430 3 274942 3 275454 3 275966 3 276479 2 276992 1
4727d94c6a57ed484270fdd8bbc6e3d5f2f15d5476794a4e37a40f2309a091e2,32974 5 33229 6 33485 7 33740 8 33996 8 34252 9 34509 8 34765 8 35021 8 35277 8 35532 9 35788 9 36044 9 36300 9 36557 7 36813 7 37070 5
4727d94c6a57ed484270fdd8bbc6e3d5f2f15d5476794a4e37a40f2309a091e2,24787 2 25042 5 25297 7 25552 8 25808 8 26064 8 26320 8 26576 8 26833 6 27090 4
4727d94c6a57ed484270fdd8bbc6e3d5f2f15d5476794a4e37a40f2309a091e2,29907 7 30162 9 30417 10 30673 11 30929 11 31185 10 31441 10 31697 9 31954 7 32211 5
4727d94c6a57ed484270fdd8bbc6e3d5f2f15d5476794a4e37a40f2309a091e2,25310 6 25565 8 25820 10 26075 12 26330 13 26586 13 26842 13 27099 12 27355 11 27612 10 27871 5
4727d94c6a57ed484270fdd8bbc6e3d5f2f15d5476794a4e37a40f2309a091e2,34782 3 35036 7 35291 8 35546 10 35802 10 36058 10 36314 11 36571 10 36828 10 37084 10 37340 10 37596 9 37853 8 38110 6
4727d94c6a57ed484270fdd8bbc6e3d5f2f15d5476794a4e37a40f2309a091e2,39389 3 39643 6 39899 7 40155 8 40411 8 40667 8 40923 7 41180 6
4727d94c6a57ed484270fdd8bbc6e3d5f2f15d5476794a4e37a40f2309a091e2,29679 3 29933 6 30187 9 30443 9 30698 10 30954 10 31210 9 31467 13 31724 13 31985 8 32240 9 32496 9 32749 12 33003 13 33258 13 33514 12 33769 12 34025 12 34281 12 34537 12 34794 10 35050 9 35307 7 35564 5 35820 5 36075 7 36331 8 36586 9 36842 10 37099 9 37355 8 37612 7 37870 4
4727d94c6a57ed484270fdd8bbc6e3d5f2f15d5476794a4e37a40f2309a091e2,39920 4 40175 6 40430 8 40685 9 40941 9 41197 9 41453 8 41710 6 41967 4
4727d94c6a57ed484270fdd8bbc6e3d5f2f15d5476794a4e37a40f2309a091e2,35067 4 35322 7 35577 8 35832 9 36088 9 36343 10 36599 10 36856 6 37113 4
472b1c5ff988dadc209faea92499bc07f305208dbda29d16262b3d543ac91c71,94783 3 94788 3 95294 17 95803 32 95841 4 96310 54 96820 58 97330 61 97839 64 98350 64 98862 64 99373 65 99884 66 100396 66 100907 66 101419 65 101931 65 102444 63 102958 58 103472 56 103987 53 104493 57 104996 65 105504 64 106011 68 106522 65 107032 63 107543 63 108055 63 108566 65 109077 67 109589 69 110100 72 110611 74 111123 75 111634 77 112146 77 112658 77 113170 77 113682 77 114193 78 114705 78 115217 77 115729 77 116241 77 116754 76 117266 75 117779 74 118292 72 118805 70 119318 68 119832 64 120345 62 120858 59 121370 58 121883 36 121921 2 121925 15 122396 34 122439 14 122910 32 122951 17 122970 2 123424 61 123937 61 124003 3 124448 71 124960 71 125467 76 125979 76 126491 76 127003 76 127515 76 128027 75 128539 74 129051 71 129563 70 130075 69 130587 67 131099 62 131611 47 131659 8 132123 46 132635 46 133146 50 133658 50 134170 50 134681 51 135193 51 135703 55 136214 60 136726 61 137237 65 137748 67 138260 68 138770 70 139280 72 139791 74 140302 75 140813 76 141325 76 141837 76 142349 76 142861 76 143373 75 143885 75 144396 75 144908 75 145419 76 145930 75 146023 2 146439 76 146534 3 146540 6 146947 78 147042 7 147051 8 147457 79 147552 19 147969 79 148063 20 148481 80 148574 20 148993 82 149082 2 149085 21 149505 84 149591 27 150017 72 150090 39 150529 72 150602 37 151041 79 151121 28 151553 107 152065 105 152577 104 153089 102 153601 100 154113 95 154625 92 155137 52 155191 24 155649 46 155704 3 155710 2 155717 2 156161 43 156673 41 157185 40 157697 39 158209 38 158721 35 159233 34 159745 34 160257 34 160769 7 160778 26 161282 6 161291 26 161795 3 161803 27 162315 27 162827 28 163338 29 163849 30 163914 8 164359 33 164421 23 164868 36 164930 29 165377 39 165439 37 165889 40 165951 37 166401 39 166462 39 166913 39 166974 40 167425 39 167472 5 167481 45 167937 39 167982 57 168449 39 168493 58 168961 40 169003 60 169473 102 169985 102 170497 102 171009 102 171521 38 171562 61 172033 36 172073 61 172545 35 172585 60 173057 33 173096 59 173569 32 173606 60 174081 30 174118 59 174593 28 174630 58 175105 23 175141 59 175617 21 175652 59 176129 19 176163 59 176641 17 176674 58 177153 15 177184 58 177665 13 177695 58 178177 11 178207 57 178689 9 178719 56 179201 7 179231 54 179713 5 179743 52 180255 50 180767 48 181279 46 181791 44 182303 41 182814 39 183326 37 183839 29 184352 27 184864 25 185378 18 185890 15 186402 12 186915 10 187427 4 187434 2
472b1c5ff988dadc209faea92499bc07f305208dbda29d16262b3d543ac91c71,184417 3 184925 13 185435 17 185943 22 186451 26 186959 31 187460 42 187963 52 188469 58 188979 60 189490 60 190001 61 190512 63 191022 65 191532 68 192043 70 192554 71 193065 71 193576 71 194087 71 194598 72 195110 72 195589 4 195620 74 196099 9 196116 3 196129 77 196609 24 196640 78 197121 25 197151 78 197633 25 197663 76 198145 26 198174 76 198657 104 199169 103 199681 102 200193 102 200705 100 201217 98 201729 97 202241 96 202753 95 203265 95 203777 93 204289 89 204801 33 204838 50 205313 33 205353 45 205825 31 205869 38 206337 25 206385 31 206849 23 206905 18 207361 6 207373 6 207419 11 207873 5 207933 2
472b1c5ff988dadc209faea92499bc07f305208dbda29d16262b3d543ac91c71,32811 14 32829 2 33319 26 33829 29 34340 31 34850 35 35359 39 35869 42 36380 44 36892 45 37403 47 37914 49 38424 51 38935 52 39447 52 39959 52 40471 52 40983 51 41495 51 42007 50 42519 49 43032 47 43544 46 44057 44 44569 43 45082 40 45595 38 46109 34 46623 30 47136 26 47651 19 48171 6
472b1c5ff988dadc209faea92499bc07f305208dbda29d16262b3d543ac91c71,48206 6 48716 9 49226 18 49734 23 50245 25 50756 26 51267 29 51776 35 52286 43 52793 49 53301 54 53812 57 54323 61 54390 1 54835 70 55347 71 55860 73 56372 73 56884 74 57396 76 57909 78 58422 77 58935 76 59447 76 59539 2 59958 78 60040 2 60050 4 60469 3 60473 75 60550 5 60560 6 60982 1 60986 92 61498 93 62011 93 62524 94 63037 94 63551 93 64064 93 64576 94 65088 97 65594 105 66106 54 66163 7 66178 34 66617 48 66692 33 67128 48 67206 31 67636 51 67721 28 68146 53 68236 23 68657 54 68751 12 69169 54 69266 5 69680 55 70191 58 70703 59 71215 59 71728 48 71777 9 72242 57 72754 57 73265 59 73775 61 74282 67 74789 78 75299 80 75808 82 76319 82 76830 82 77341 83 77852 83 78362 84 78874 84 79385 85 79897 85 80409 85 80920 84 81432 83 81944 82 82456 82 82968 82 83481 81 83994 80 84506 80 85019 78 85531 77 86044 75 86556 74 87069 71 87582 69 88095 67 88609 64 89123 60 89637 55 90151 43 90672 30
472b1c5ff988dadc209faea92499bc07f305208dbda29d16262b3d543ac91c71,236119 2 236630 2 237142 2
472b1c5ff988dadc209faea92499bc07f305208dbda29d16262b3d543ac91c71,26230 7 26741 9 27251 15 27269 4 27763 24 28274 27 28785 29 29297 34 29808 36 30320 39 30831 41 31343 42 31854 43 32366 44 32878 44 33390 45 33903 46 34416 46 34929 46 35441 46 35953 47 36465 49 36977 50 37489 51 38001 52 38512 54 39024 55 39535 57 40047 58 40558 63 41069 66 41580 68 42092 70 42605 70 43117 71 43629 72 44142 72 44655 72 45168 72 45681 72 46193 72 46706 72 47219 72 47731 73 48244 73 48757 72 49271 71 49784 70 50298 68 50811 68 51324 67 51837 66 52351 64 52865 63 53378 62 53891 61 54405 60 54920 57 55433 56 55947 54 56461 52 56975 49 57491 45 58005 42 58520 37 59037 31 59553 26 60068 20 60589 2
472b1c5ff988dadc209faea92499bc07f305208dbda29d16262b3d543ac91c71,198257 1
472b1c5ff988dadc209faea92499bc07f305208dbda29d16262b3d543ac91c71,113804 11 114311 19 114820 23 115331 26 115841 29 116352 30 116862 33 117373 34 117883 37 118395 38 118906 39 119417 41 119928 42 120439 44 120951 44 121462 45 121974 45 122485 47 122997 47 123508 48 124020 48 124532 48 125044 47 125556 47 126069 45 126581 44 127094 42 127607 39 128120 37 128633 36 129146 34 129660 32 130173 30 130686 28 131199 26 131714 21 132229 16 132742 2 132749 5
472b1c5ff988dadc209faea92499bc07f305208dbda29d16262b3d543ac91c71,190586 2 191099 1
472b1c5ff988dadc209faea92499bc07f305208dbda29d16262b3d543ac91c71,182937 2 183448 4 183958 7 184470 8 184981 9 185479 1 185491 11 185989 6 186000 15 186501 8 186510 16 187012 26 187524 26 188036 26 188548 25 189059 26 189570 25 190081 26 190593 25 191104 25 191615 25 192126 24 192637 23 193149 21 193662 19 194174 17 194686 16 195196 17 195707 17 196219 14 196731 11 197244 2 197249 3
472b1c5ff988dadc209faea92499bc07f305208dbda29d16262b3d543ac91c71,333443 2 333954 4 334464 6 334972 11 335483 15 335995 16 336507 17 336525 3 337019 21 337531 22 338043 22 338555 22 339067 19 339088 1 339580 16 340092 4 340097 10 340607 11 341119 6 341631 6 342143 6 342655 5 343168 3
472b1c5ff988dadc209faea92499bc07f305208dbda29d16262b3d543ac91c71,217736 2 218247 4 218759 4 219270 3 219783 1
472b1c5ff988dadc209faea92499bc07f305208dbda29d16262b3d543ac91c71,333979 4 334489 6 335000 8 335511 13 336023 14 336535 19 337047 20 337559 20 338070 21 338581 21 339092 22 339602 24 340114 24 340626 23 341138 23 341650 19 342162 19 342674 18 343186 18 343698 18 344210 18 344722 17 345233 18 345745 18 346257 17 346769 17 347281 17 347793 17
472b1c5ff988dadc209faea92499bc07f305208dbda29d16262b3d543ac91c71,88233 11 88742 17 89252 21 89762 25 90273 27 90783 30 91295 31 91806 33 92317 35 92829 36 93340 38 93852 38 94363 40 94875 40 95386 42 95898 43 96410 44 96922 44 97434 45 97946 45 98458 45 98970 45 99483 44 99995 44 100508 43 101020 43 101533 41 102045 36 102558 32 103071 26 103584 23 104098 19 104613 13
472b1c5ff988dadc209faea92499bc07f305208dbda29d16262b3d543ac91c71,161972 17 162481 23 162991 27 163502 28 164013 30 164524 32 165035 34 165546 37 166057 38 166567 41 167078 43 167588 45 168099 47 168610 49 169121 50 169633 50 170144 52 170656 52 171167 53 171679 52 172191 52 172703 52 173215 51 173727 51 174239 50 174752 48 175266 46 175779 44 176292 42 176804 40 177317 38 177829 36 178341 34 178854 32 179367 30 179880 28 180393 22 180909 16
472b1c5ff988dadc209faea92499bc07f305208dbda29d16262b3d543ac91c71,207015 2 207523 7 208034 9 208546 8 209059 6 209574 1
472b1c5ff988dadc209faea92499bc07f305208dbda29d16262b3d543ac91c71,12469 1 12979 7 13489 13 13999 18 14509 22 15020 25 15531 28 16042 31 16553 33 17064 36 17575 38 18086 40 18598 41 19110 42 19621 44 20133 45 20646 45 21158 47 21670 48 22183 48 22695 49 23207 50 23718 52 24230 53 24742 54 25254 55 25767 55 26280 56 26793 57 27306 57 27819 57 28332 56 28844 57 29357 57 29870 57 30385 55 30898 55 31411 54 31924 54 32438 52 32951 51 33464 50 33977 49 34489 49 35002 48 35515 48 36030 45 36544 43 37058 41 37571 39 38084 38 38597 37 39110 36 39623 34 40137 32 40650 31 41164 28 41677 26 42191 18 42710 6
472b1c5ff988dadc209faea92499bc07f305208dbda29d16262b3d543ac91c71,129740 5 130248 11 130758 14 131268 16 131779 17 132290 18 132799 21 133310 22 133821 22 134331 24 134839 27 135349 29 135860 30 136371 30 136883 30 137394 32 137906 32 138418 32 138930 32 139443 31 139954 31 140466 31 140978 29 141490 28 142003 26 142517 23 143032 19 143545 17 144058 15 144571 13 145088 7 145603 3
472b1c5ff988dadc209faea92499bc07f305208dbda29d16262b3d543ac91c71,159166 1 159676 4 160187 7 160698 13 161208 16 161719 18 162230 20 162737 26 163248 28 163760 28 164272 29 164784 29 165296 30 165807 31 166318 32 166815 2 166828 34 167326 4 167339 36 167838 5 167845 4 167850 37 168350 49 168862 49 169374 49 169885 50 170396 51 170907 52 171419 52 171931 52 172442 53 172948 59 173460 59 173972 59 174483 60 174994 61 175504 62 176005 2 176013 46 176063 15 176516 3 176525 45 176576 13 177028 3 177035 48 177089 12 177540 3 177546 49 177601 11 178050 58 178114 10 178561 60 178626 10 179072 61 179139 9 179583 63 179652 7 180091 68 180165 6 180602 70 180681 3 181114 70 181194 3 181625 72 181706 3 182137 72 182219 2 182649 72 183161 73 183672 74 184184 75 184696 75 185208 75 185720 75 186232 75 186744 76 187256 76 187768 77 188280 77 188791 78 189302 80 189806 5 189812 82 190318 88 190830 89 191342 89 191855 88 192368 87 192882 86 193394 86 193906 86 194417 87 194928 89 195439 90 195951 91 196462 92 196973 93 197485 92 197997 92 198502 1 198509 91 198860 2 198876 2 199013 3 199021 91 199369 10 199385 8 199525 5 199532 92 199873 3 199880 26 200037 98 200384 5 200391 28 200465 2 200549 98 200891 3 200895 37 200977 3 201063 95 201402 43 201489 4 201575 95 201914 45 202002 5 202088 94 202426 45 202496 4 202514 7 202600 94 202939 45 203007 7 203027 5 203112 3 203117 89 203453 44 203500 2 203518 9 203540 3 203624 95 203964 46 204012 5 204028 13 204052 1 204136 96 204475 47 204523 7 204539 17 204559 6 204648 95 204984 60 205050 28 205160 95 205493 64 205561 30 205673 94 206004 100 206185 95 206517 102 206647 3 206697 95 207029 103 207158 4 207208 96 207543 100 207669 5 207713 101 208055 100 208181 5 208223 101 208567 100 208692 6 208734 101 209079 99 209201 8 209246 99 209591 99 209706 15 209758 98 210103 99 210216 18 210270 7 210279 88 210615 99 210727 19 210780 9 210791 87 211127 99 211236 23 211285 18 211306 80 211639 100 211745 27 211797 18 211820 78 212151 100 212255 29 212308 20 212332 79 212664 99 212766 30 212820 2 212824 16 212845 79 213176 98 213277 31 213339 13 213357 79 213688 96 213788 32 213852 2 213855 10 213869 79 214200 96 214300 33 214364 2 214368 9 214381 79 214712 96 214811 35 214876 3 214880 10 214893 79 215224 97 215322 36 215387 16 215406 78 215736 134 215897 18 215919 76 216248 134 216407 20 216431 76 216760 134 216919 20 216944 74 217272 134 217430 21 217456 73 217783 135 217942 20 217968 73 218294 136 218453 21 218480 73 218806 94 218903 39 218965 6 218972 15 218992 73 219318 92 219414 40 219480 1 219486 14 219503 75 219830 91 219926 40 219998 91 220343 89 220438 41 220510 90 220856 87 220949 42 221018 93 221370 83 221461 43 221530 92 221882 78 221973 43 222043 91 222395 76 222484 44 222556 90 222908 75 222996 44 223056 5 223069 88 223420 75 223508 44 223567 8 223582 87 223932 75 224021 43 224078 10 224094 86 224444 75 224537 39 224589 12 224606 86 224955 76 225051 38 225100 15 225117 76 225200 4 225467 76 225564 37 225612 87 225701 2 225714 1 225979 58 226039 15 226077 37 226123 85 226490 56 226553 12 226591 35 226635 23 226660 58 227002 55 227068 8 227102 36 227146 24 227173 55 227513 56 227606 45 227657 26 227685 50 228024 57 228117 46 228169 27 228198 30 228535 37 228575 18 228628 47 228681 28 228711 27 229046 36 229093 12 229140 47 229193 28 229224 25 229556 36 229606 10 229651 48 229705 29 229737 23 230068 34 230118 9 230163 48 230217 29 230249 22 230581 32 230631 7 230674 49 230729 29 230762 21 231094 30 231147 2 231185 50 231241 30 231274 21 231607 28 231696 51 231753 31 231787 19 232119 27 232207 52 232265 31 232299 17 232632 24 232719 52 232777 32 232811 13 233146 22 233230 53 233289 32 233324 12 233659 14 233676 4 233741 54 233801 32 233837 11 233874 6 234172 12 234188 4 234252 55 234312 33 234349 11 234385 8 234685 11 234699 6 234763 56 234824 33 234862 10 234896 10 235201 15 235275 56 235335 36 235376 7 235404 14 235714 13 235786 57 235847 37 235890 3 235915 16 236231 7 236298 57 236358 38 236403 1 236426 17 236743 6 236810 57 236870 39 236937 18 237255 4 237321 58 237381 40 237448 19 237766 4 237831 59 237893 40 237959 20 238277 4 238342 60 238405 40 238466 25 238787 5 238854 59 238918 39 238978 25 239298 6 239366 59 239430 39 239489 25 239810 6 239878 58 239943 38 240001 25 240321 6 240389 59 240455 39 240512 26 240832 6 240901 58 240968 38 241024 26 241343 6 241413 58 241480 39 241535 26 241855 6 241925 58 241992 39 242046 27 242369 1 242437 57 242504 40 242557 27 242949 57 243016 40 243068 28 243461 56 243528 40 243578 30 243973 18 243994 35 244039 41 244089 31 244485 17 244510 3 244520 20 244550 42 244601 31 244996 19 245033 19 245060 43 245113 30 245508 20 245548 15 245570 45 245626 28 246020 21 246064 9 246082 45 246139 27 246531 23 246593 46 246650 28 247043 25 247105 47 247161 29 247555 27 247616 48 247671 30 248066 31 248127 50 248182 31 248578 35 248637 54 248693 32 249090 41 249147 89 249601 45 249657 91 250113 49 250169 91 250625 50 250681 91 251136 52 251193 91 251648 52 251706 90 252159 53 252218 90 252671 53 252729 91 253182 53 253241 91 253694 52 253752 92 254206 51 254264 92 254718 51 254776 92 255230 51 255287 93 255741 52 255799 54 255854 37 256253 52 256311 54 256366 36 256765 52 256822 54 256878 36 257277 54 257334 54 257390 36 257788 112 257902 35 258300 48 258354 4 258360 51 258414 35 258812 46 258867 2 258873 50 258926 34 259323 45 259386 49 259438 34 259835 43 259898 49 259950 34 260347 40 260411 48 260462 32 260859 38 260924 47 260974 31 261371 35 261437 47 261485 32 261883 31 261949 79 262395 29 262462 78 262908 26 262976 17 262997 55 263421 21 263490 12 263512 52 263935 17 264003 7 264028 15 264045 30 264448 10 264461 2 264516 3 264543 11 264557 30 264961 5 265056 10 265069 29 265569 9 265581 28 266081 9 266094 25 266596 4 266607 23 267121 21 267634 19 268149 15 268663 10 269177 4 269689 4 270202 2
472b1c5ff988dadc209faea92499bc07f305208dbda29d16262b3d543ac91c71,181 54 693 55 1206 54 1719 54 2231 55 2744 55 3257 55 3769 55 4282 55 4795 54 5309 54 5822 54 6335 54 6849 52 7362 52 7875 54 8388 54 8902 52 9416 50 9929 50 10442 49 10955 48 11469 46 11982 45 12498 41 13011 41 13525 39 14038 39 14552 37 15066 35 15580 33 16093 32 16608 29 17121 28 17636 23 18152 18 18667 14 19180 13 19692 13 20204 13 20716 4 21229 2
472b1c5ff988dadc209faea92499bc07f305208dbda29d16262b3d543ac91c71,242893 5 243400 16 243911 20 244423 21 244935 22 245448 21 245960 21 246472 22 246985 21 247497 21 248009 22 248521 22 249033 24 249545 24 250057 25 250570 24 251082 24 251594 25 252106 26 252618 26 253130 27 253642 27 254154 27 254665 28 255177 28 255689 28 256200 29 256712 29 257224 29 257735 30 258248 29 258760 29 259272 29 259784 28 260296 28 260808 28 261320 27 261832 26 262344 25 262856 25 263368 24 263879 25 264391 24 264903 24 265415 12 265432 6 265927 12 265946 4 266439 12 266458 4 266951 12 266971 3 267462 13 267483 3 267975 13 267994 4 268487 13 268504 6 268999 23 269510 24 270022 25 270534 24 271046 23 271558 21 272070 15 272583 13 273095 11 273607 10 274119 10 274631 10 275144 9 275656 10 276168 11 276680 11 277191 12 277702 14 278213 15 278725 16 279237 18 279279 1 279750 18 279790 4 280262 18 280302 5 280774 18 280813 6 281286 18 281324 6 281798 18 281834 7 282310 18 282344 10 282822 18 282856 12 283333 18 283367 12 283845 18 283879 11 284357 18 284393 9 284869 19 284906 2 284909 5 285381 19 285418 2 285421 5 285892 20 285929 10 286404 21 286441 11 286914 23 286952 13 287425 24 287464 14 287936 25 287976 15 288449 22 288487 16 288960 22 288997 19 289472 22 289508 20 289983 23 290020 20 290494 25 290531 22 291006 25 291042 23 291518 25 291553 24 292030 25 292063 26 292543 24 292574 27 293057 23 293085 28 293569 24 293597 28 294082 24 294108 30 294206 4 294212 4 294594 56 294716 19 295107 55 295226 24 295619 56 295736 30 296132 54 296248 34 296644 54 296759 46 297157 53 297271 47 297670 52 297753 4 297782 50 298183 51 298262 9 298294 51 298695 51 298773 12 298806 52 299207 50 299284 14 299317 53 299720 49 299796 16 299829 54 300232 49 300307 22 300341 54 300745 48 300819 24 300853 53 301258 48 301331 25 301365 51 301770 48 301842 26 301878 50 302283 18 302302 27 302355 26 302390 50 302796 16 302815 25 302867 27 302902 50 303308 2 303313 11 303327 24 303381 26 303411 53 303820 2 303826 9 303839 22 303894 82 304332 2 304341 5 304353 19 304406 82 304866 18 304918 82 305378 18 305411 2 305429 83 305890 18 305922 5 305941 84 306402 17 306433 9 306453 85 306914 17 306941 15 306965 86 307410 9 307426 16 307453 22 307476 34 307512 50 307920 13 307937 16 307965 57 308024 49 308429 18 308448 16 308478 56 308536 48 308940 36 308990 106 309451 36 309502 105 309963 33 310014 105 310474 33 310525 105 310985 33 311037 104 311496 33 311548 104 312006 33 312059 63 312126 36 312517 33 312569 65 312639 29 313027 37 313078 69 313152 21 313538 39 313589 70 313664 19 314050 40 314101 71 314180 14 314561 43 314614 73 314698 8 315072 46 315126 73 315211 11 315583 49 315638 73 315723 14 316093 52 316150 72 316235 15 316603 54 316661 72 316747 16 317115 55 317173 72 317259 16 317627 55 317685 72 317771 16 318139 56 318197 72 318283 16 318652 56 318709 73 318795 16 319163 132 319307 16 319675 133 319820 15 320187 134 320333 13 320699 134 320847 11 321211 135 321362 5 321722 136 322234 136 322746 135 323258 135 323770 135 324282 134 324793 135 324933 5 325305 135 325444 6 325817 136 325954 9 326329 146 326841 131 326975 4 326982 6 327353 131 327488 2 327496 5 327864 132 328009 4 328376 132 328521 4 328888 132 329034 3 329400 133 329545 3 329912 133 330056 4 330425 132 330568 4 330937 133 331079 5 331450 138 331591 5 331962 139 332103 5 332474 139 332616 3 332986 137 333499 9 333509 123 334011 8 334021 121 334523 7 334534 49 334586 63 335035 6 335046 47 335098 57 335547 6 335558 43 335609 57 336060 5 336070 39 336121 56 336572 5 336582 35 336633 55 337084 6 337094 31 337145 55 337596 5 337606 25 337657 55 338109 1 338118 24 338169 55 338630 23 338682 55 339143 21 339194 56 339656 19 339707 55 340169 17 340220 55 340682 15 340735 52 341195 13 341248 52 341709 10 341760 53 342225 3 342272 54 342784 56 343296 57 343809 57 344321 58 344833 59 345347 57 345860 56 346372 56 346883 57 347395 57 347906 58
472b1c5ff988dadc209faea92499bc07f305208dbda29d16262b3d543ac91c71,121021 4 121532 6 122043 8 122555 8 123067 8 123580 7 124093 4
472b1c5ff988dadc209faea92499bc07f305208dbda29d16262b3d543ac91c71,346826 1 347337 2 347849 2
472b1c5ff988dadc209faea92499bc07f305208dbda29d16262b3d543ac91c71,144603 1 145113 12 145623 15 146133 17 146643 20 147154 25 147189 3 147666 27 147699 7 148178 42 148690 43 149202 43 149714 44 150226 45 150737 47 151249 48 151761 48 152273 49 152785 49 153297 50 153808 51 154319 52 154830 53 155342 53 155853 54 156364 55 156875 56 157387 56 157899 57 158411 57 158924 56 159436 55 159949 54 160461 54 160973 54 161486 52 162000 50 162513 49 163026 48 163538 48 164050 47 164563 46 165076 44 165589 41 166102 39 166615 36 167127 34 167640 32 168152 31 168665 8 168677 17 169178 6 169191 8 169202 5 169705 3 169715 3 170228 1
472b1c5ff988dadc209faea92499bc07f305208dbda29d16262b3d543ac91c71,347867 2
472b1c5ff988dadc209faea92499bc07f305208dbda29d16262b3d543ac91c71,171233 1
472b1c5ff988dadc209faea92499bc07f305208dbda29d16262b3d543ac91c71,131315 2 131826 3 132338 3
472b1c5ff988dadc209faea92499bc07f305208dbda29d16262b3d543ac91c71,120066 4 120577 7 121082 3 121087 10 121594 17 122106 18 122618 22 123130 23 123641 25 124150 28 124661 30 125172 31 125684 32 126196 32 126708 32 127220 32 127733 31 128245 31 128758 30 129270 31 129783 30 130295 30 130808 29 131321 28 131833 28 132345 28 132858 27 133370 27 133883 25 134396 24 134908 24 135421 23 135933 23 136445 23 136957 23 137469 23 137981 23 138494 20 139007 18 139520 17 140032 16 140545 14 141058 12 141571 9
472b1c5ff988dadc209faea92499bc07f305208dbda29d16262b3d543ac91c71,252 62 764 62 1276 62 1788 62 2299 63 2811 64 3323 64 3835 64 4347 64 4859 64 5372 62 5884 62 6396 62 6909 60 7422 59 7934 59 8447 58 8959 58 9471 57 9983 57 10495 57 11008 55 11523 52 12036 50 12548 48 13060 25 13091 11 13573 20 14092 11 14605 8 15117 7 15630 6 16143 5
472b1c5ff988dadc209faea92499bc07f305208dbda29d16262b3d543ac91c71,18686 2 19197 3 19709 3 20220 3 20732 3 21245 1
472b1c5ff988dadc209faea92499bc07f305208dbda29d16262b3d543ac91c71,297725 3 298238 4 298751 4 299263 5 299776 4 300288 5 300799 8 301311 3 301317 3 301823 2 301830 1
472b1c5ff988dadc209faea92499bc07f305208dbda29d16262b3d543ac91c71,56082 10 56592 17 57102 21 57610 26 57641 4 58119 38 58629 40 59139 41 59650 41 60161 41 60672 40 61183 38 61695 38 62207 38 62719 38 63231 36 63743 34 64255 33 64767 32 65280 30 65793 28 66305 26 66818 23 67330 21 67843 18 68357 14 68880 1
472b1c5ff988dadc209faea92499bc07f305208dbda29d16262b3d543ac91c71,165634 1 166146 1
472b1c5ff988dadc209faea92499bc07f305208dbda29d16262b3d543ac91c71,56665 3 57170 17 57680 21 58191 23 58702 26 59213 28 59724 30 60235 32 60745 35 61242 5 61256 37 61750 13 61765 41 62260 58 62770 61 63280 64 63790 67 64300 69 64811 71 65322 72 65833 74 66344 75 66855 76 67366 78 67878 78 68389 80 68901 80 69413 80 69925 80 70437 81 70949 81 71461 81 71972 82 72484 82 72996 82 73507 83 74019 83 74530 84 75041 85 75552 85 76064 85 76575 85 77087 85 77599 85 78111 85 78623 85 79135 84 79647 85 79737 1 80159 85 80249 2 80671 92 81184 93 81696 93 82208 94 82715 99 83225 101 83733 105 84243 107 84753 109 85265 109 85776 110 86287 111 86799 111 87310 111 87821 92 87914 19 88333 91 88426 19 88844 92 88939 17 89355 92 89451 17 89867 92 89964 16 90378 92 90475 17 90889 92 90987 17 91400 93 91499 16 91911 94 92011 16 92422 95 92523 16 92934 95 93035 16 93445 98 93547 16 93957 99 94059 16 94468 101 94570 16 94980 118 95492 118 96004 118 96516 117 97028 117 97540 117 98053 115 98565 115 99077 115 99590 114 100102 98 100202 14 100614 97 100714 14 101126 97 101226 13 101638 97 101739 12 102151 96 102251 11 102664 94 102763 9 103176 94 103275 8 103689 93 103788 6 104201 92 104300 4 104713 91 105225 91 105738 89 106251 88 106763 88 107276 87 107789 86 108302 85 108815 83 109329 30 109361 49 109842 27 109873 48 110355 24 110385 47 110869 20 110898 45 111386 7 111411 43 111924 41 112437 40 112950 38 113471 7 113479 21 113992 19 114505 17 115018 15 115533 11 116047 7 116559 5 117070 1 117580 4 118092 3
472b1c5ff988dadc209faea92499bc07f305208dbda29d16262b3d543ac91c71,264480 9 264990 12 265501 15 266004 25 266514 28 267025 30 267536 33 268047 36 268558 37 269069 39 269579 42 270090 44 270601 46 271113 47 271624 49 272136 49 272648 49 273160 49 273671 50 274183 50 274694 51 275206 51 275717 52 276228 53 276740 52 277253 51 277765 51 278278 50 278790 50 279302 50 279815 49 280330 46 280843 45 281356 44 281869 43 282381 43 282893 43 283406 42 283919 41 284431 41 284944 40 285456 39 285969 37 286481 37 286993 36 287505 35 288017 34 288529 34 289041 33 289553 32 290075 21 290591 16 291106 12 291622 8 292135 6 292649 4 293162 3 293674 3 294187 1
472b1c5ff988dadc209faea92499bc07f305208dbda29d16262b3d543ac91c71,192282 4 192793 6 193304 8 193816 9 194328 9
472b1c5ff988dadc209faea92499bc07f305208dbda29d16262b3d543ac91c71,202010 3 202522 4
472b1c5ff988dadc209faea92499bc07f305208dbda29d16262b3d543ac91c71,161570 2 162080 5 162590 7 162604 5 163101 8 163114 13 163612 32 164124 33 164635 36 165147 38 165660 39 166174 40 166687 40 167199 40 167711 41 168223 42 168734 44 169245 46 169757 46 170268 48 170780 49 171292 49 171805 49 172317 48 172829 48 173343 46 173856 45 174368 45 174880 45 175392 45 175904 45 176416 44 176927 44 177439 43 177949 45 178460 45 178972 45 179484 44 179997 43 180509 42 181022 40 181534 39 182047 38 182559 37 183071 36 183584 34 184099 30 184611 29 185124 27 185637 25 186158 16 186679 8 187192 9 187705 10 188217 10 188729 10 189242 9 189755 8 190268 6 190781 4
472b1c5ff988dadc209faea92499bc07f305208dbda29d16262b3d543ac91c71,54066 5 54578 4 55090 4 55603 2
472b1c5ff988dadc209faea92499bc07f305208dbda29d16262b3d543ac91c71,142663 4 143168 23 143678 29 144186 34 144697 36 145208 36 145719 37 146230 38 146741 38 147253 38 147764 40 148276 40 148786 41 149299 40 149811 40 150324 38 150837 36 151349 34 151862 31 152375 27 152887 25 153400 23 153912 22 154425 20 154939 15 155453 10 155968 6 156481 4
472b1c5ff988dadc209faea92499bc07f305208dbda29d16262b3d543ac91c71,292147 2 292659 2 293171 1
472b1c5ff988dadc209faea92499bc07f305208dbda29d16262b3d543ac91c71,54587 2 55099 2
472b1c5ff988dadc209faea92499bc07f305208dbda29d16262b3d543ac91c71,265551 2 265558 3 266061 4 266069 4 266572 5 266581 5 267083 6 267094 4 267101 3 267595 7 267606 4 267613 3 268106 9 268118 3 268125 4 268619 13 268637 4 269131 12 269150 3 269645 11 269663 2 270159 21 270669 24 271178 28 271689 29 272200 30 272712 31 273223 32 273734 34 274242 39 274753 40 275265 3 275269 37 275776 3 275782 36 276289 1 276294 36 276806 37 277318 39 277830 40 278336 1 278342 41 278848 2 278853 42 279360 3 279365 42 279872 47 280384 47 280896 47 281408 46 281920 46 282432 4 282437 40 282944 4 282950 39 283456 4 283463 37 283968 3 283976 35 284489 33 285002 31 285515 29 286027 29 286540 26 287053 23 287567 20 288082 17 288595 16 289114 9 289626 9 290137 10 290649 10 291161 7
472b1c5ff988dadc209faea92499bc07f305208dbda29d16262b3d543ac91c71,268103 2 268614 2 269126 2 269638 1
472b1c5ff988dadc209faea92499bc07f305208dbda29d16262b3d543ac91c71,331612 3 332121 6 332631 8 333142 9 333653 10 334164 12 334675 16 335186 16 335698 16 336209 16 336721 16 337232 17 337744 18 338255 19 338767 20 339277 23 339788 25 340300 26 340812 25 341324 24 341837 22 342351 19 342865 17 343377 16 343890 15 344403 14 344915 14 345427 14 345939 14 346451 14 346963 14 347474 15 347986 15
472b1c5ff988dadc209faea92499bc07f305208dbda29d16262b3d543ac91c71,157528 3 158039 4 158550 4 159061 4 159572 4 159588 2 160084 4 160099 4 160596 4 160610 5 161108 5 161122 5 161620 6 161633 5 162131 8 162145 5 162643 8 162654 8 163155 4 163162 12 163667 4 163676 10 164179 5 164188 10 164691 5 164700 10 165203 6 165211 11 165716 17 166228 15 166740 14 167253 13 167767 10 168281 8 168794 6 169307 2
472b1c5ff988dadc209faea92499bc07f305208dbda29d16262b3d543ac91c71,218451 1
472b1c5ff988dadc209faea92499bc07f305208dbda29d16262b3d543ac91c71,128858 2 129369 4 129880 5 130392 5 130903 7 131415 6 131929 4 132443 1
472b1c5ff988dadc209faea92499bc07f305208dbda29d16262b3d543ac91c71,199002 1 199513 1
472b1c5ff988dadc209faea92499bc07f305208dbda29d16262b3d543ac91c71,350 4
472b1c5ff988dadc209faea92499bc07f305208dbda29d16262b3d543ac91c71,286087 9 286098 5 286599 17 287111 19 287622 21 288133 22 288644 24 289155 26 289667 26 290178 27 290689 28 291200 29 291712 29 292223 30 292735 31 293247 31 293759 31 294271 31 294783 31 295295 31 295807 31 296318 31 296830 31 297341 32 297853 31 298364 32 298876 32 299388 31 299901 30 300413 30 300925 30 301437 30 301950 29 302462 29 302974 29 303486 29 303997 29 304508 30 305018 32 305525 37 306037 36 306549 36 306616 1 307061 34 307126 4 307573 32 307636 7 308084 32 308147 14 308595 32 308634 3 308666 9 309102 36 309145 5 309162 1 309178 12 309614 34 309655 12 309673 3 309689 13 310125 35 310166 23 310201 14 310637 35 310677 25 310713 14 311148 36 311187 28 311224 16 311659 69 311736 15 312171 70 312248 14 312682 72 312760 14 313193 33 313227 39 313271 15 313704 33 313740 39 313783 15 314216 31 314253 38 314295 15 314727 31 314765 38 314807 15 315239 30 315276 39 315319 15 315750 31 315788 40 315831 15 316262 26 316290 1 316299 42 316342 16 316774 23 316811 58 317286 20 317321 60 317798 18 317831 61 318311 10 318343 61 318829 3 318855 47 318904 11 319367 45 319421 3 319880 43 320392 42 320904 42 321417 41 321929 40 322442 39 322954 38 323467 37 323980 35 324493 34 325006 32 325519 31 326031 30 326547 26 327062 22 327575 20 328089 16 328601 13 329114 10 329626 2
472b1c5ff988dadc209faea92499bc07f305208dbda29d16262b3d543ac91c71,302447 2 302956 5 303468 2
472b1c5ff988dadc209faea92499bc07f305208dbda29d16262b3d543ac91c71,145776 7 146287 9 146799 10 147311 10 147823 10 148335 10 148848 10 149360 10 149872 10 150384 10 150896 10 151408 10 151920 9 152433 6 152947 3
472b1c5ff988dadc209faea92499bc07f305208dbda29d16262b3d543ac91c71,36210 1 36721 3
472b1c5ff988dadc209faea92499bc07f305208dbda29d16262b3d543ac91c71,293746 2 294258 1 294769 2
472b1c5ff988dadc209faea92499bc07f305208dbda29d16262b3d543ac91c71,167800 3 168312 3 168823 4 169334 5 169846 4 170358 3
472b1c5ff988dadc209faea92499bc07f305208dbda29d16262b3d543ac91c71,285561 2 286073 2
472b1c5ff988dadc209faea92499bc07f305208dbda29d16262b3d543ac91c71,100738 2 101247 7 101757 10 102267 15 102778 18 103291 17 103803 18 104315 18 104827 18 105338 19 105850 19 106362 19 106874 20 107386 20 107898 20 108410 19 108923 18 109435 18 109947 18 110459 18 110971 18 111483 17 111996 15 112508 15 113020 15 113533 13 114045 12 114558 10 115070 9 115583 8 116095 7 116608 6 117121 4 117634 3 118147 2
472b1c5ff988dadc209faea92499bc07f305208dbda29d16262b3d543ac91c71,36220 3 36732 3 37244 2
472b1c5ff988dadc209faea92499bc07f305208dbda29d16262b3d543ac91c71,324993 2 325504 3 326016 2
472b1c5ff988dadc209faea92499bc07f305208dbda29d16262b3d543ac91c71,334219 2 334726 8 335237 14 335748 16 336260 16 336772 16 337284 17 337795 18 338306 19 338817 20 339329 20 339840 21 340352 22 340864 22 341377 21 341889 24 342402 25 342914 26 343426 27 343938 28 344451 30 344963 31 345475 31 345987 31 346500 31 347013 30 347528 28 348040 28
472b1c5ff988dadc209faea92499bc07f305208dbda29d16262b3d543ac91c71,160642 1 161153 2 161666 1
472b1c5ff988dadc209faea92499bc07f305208dbda29d16262b3d543ac91c71,283523 2 284034 3 284546 2
472b1c5ff988dadc209faea92499bc07f305208dbda29d16262b3d543ac91c71,72583 1 73094 2 73605 3 74117 3 74629 4 75142 3
472b1c5ff988dadc209faea92499bc07f305208dbda29d16262b3d543ac91c71,63925 3 64434 7 64445 3 64940 21 65450 24 65960 28 66470 33 66981 34 67490 37 68000 39 68508 43 69019 44 69527 48 69581 2 70038 50 70090 5 70550 55 71062 53 71573 53 72085 52 72597 51 73109 50 73621 50 74133 50 74645 50 75157 51 75668 52 76180 47 76692 46 77204 46 77716 46 78228 46 78740 46 79253 45 79765 45 80277 44 80789 44 81301 44 81814 43 82313 3 82326 43 82825 4 82838 43 83337 6 83349 43 83849 7 83861 42 84361 10 84374 40 84875 9 84886 39 85389 47 85903 45 86416 43 86928 7 86939 31 87440 6 87454 27 87952 6 87967 25 88465 5 88479 22 88978 4 88993 6 89006 6 89492 4 89521 1 90005 3
472b1c5ff988dadc209faea92499bc07f305208dbda29d16262b3d543ac91c71,67979 1
472b1c5ff988dadc209faea92499bc07f305208dbda29d16262b3d543ac91c71,164747 1
472b1c5ff988dadc209faea92499bc07f305208dbda29d16262b3d543ac91c71,254873 1 255383 3 255894 4 256405 4 256917 4 257429 3 257940 4 258451 4 258963 4 259475 4 259986 4 260497 5 261008 5 261520 5 262032 5 262544 4 263056 3 263567 4 264079 4 264591 4 265103 3 265615 2 266126 3 266637 4 267148 4 267660 4 268172 4 268684 3 269195 4 269707 4 270219 3 270731 3 271244 2 271756 1
472b1c5ff988dadc209faea92499bc07f305208dbda29d16262b3d543ac91c71,159116 2 159628 2
472b1c5ff988dadc209faea92499bc07f305208dbda29d16262b3d543ac91c71,167825 2 168336 4 168848 4 169361 3 169874 1
472b1c5ff988dadc209faea92499bc07f305208dbda29d16262b3d543ac91c71,118696 11 119207 16 119718 18 120227 22 120738 24 121249 25 121761 26 122272 28 122783 29 123292 33 123802 35 124313 36 124824 37 125336 37 125848 37 126359 38 126871 38 127382 38 127894 38 128406 38 128918 38 129430 38 129942 38 130453 40 130965 39 131476 40 131988 40 132499 41 133011 40 133523 40 134035 40 134547 40 135059 40 135571 39 136083 35 136595 35 137108 33 137621 31 138133 30 138646 29 139158 29 139670 29 140183 28 140696 27 141209 25 141722 24 142234 23 142747 22 143260 21 143773 20 144288 16 144802 13 145318 6 145832 2
472b1c5ff988dadc209faea92499bc07f305208dbda29d16262b3d543ac91c71,229304 8 229813 11 230320 17 230830 19 231341 21 231853 21 232364 22 232875 24 233385 26 233895 28 234407 29 234919 28 235430 29 235942 30 236454 30 236965 31 237477 31 237988 32 238498 33 239009 34 239521 33 240033 32 240545 32 241057 31 241569 30 242080 31 242592 31 243104 31 243615 33 243651 1 244127 43 244639 45 245152 46 245663 47 246175 47 246687 47 247198 49 247710 49 248221 50 248732 51 249244 18 249264 32 249755 17 249779 29 250267 16 250291 29 250779 7 250789 5 250804 28 251291 5 251316 29 251803 4 251828 29 252315 3 252340 30 252827 3 252852 31 253339 1 253364 32 253877 32 254390 32 254902 32 255415 31 255927 31 256439 31 256952 30 257464 30 257977 28 258489 28 259001 28 259513 28 260024 28 260533 31 261044 31 261555 32 262067 32 262578 33 263090 32 263602 32 264113 33 264625 32 265136 31 265647 29 266158 26 266670 24 267182 23 267694 22 268206 22 268718 20 269230 19 269742 18 270253 19 270765 7 270775 3 270780 1 271276 8 271788 7 272299 7 272811 6 273323 6 273835 7 274347 7 274860 7 275372 7 275885 6 276397 7 276909 7 277422 6 277934 6 278446 6 278958 6 279470 6 279982 6 280494 6 281006 5 281518 5 282030 4 282541 4 283053 3 283561 2 283564 2 284072 5 284583 6 285095 6 285606 7 286115 10 286627 10 287138 11 287653 9 288166 8 288678 8 289190 9 289702 9 290214 9 290726 9 291238 9 291750 9 292262 9 292774 8 293286 8 293798 7 294309 8 294819 10 295331 10 295843 11 296355 12 296868 10 297382 8 297895 6 298409 6 298922 8 299435 9 299950 6 300463 6 300976 4 301490 1
472b1c5ff988dadc209faea92499bc07f305208dbda29d16262b3d543ac91c71,92062 4 92573 5 93085 5 93597 4 94109 3
472b1c5ff988dadc209faea92499bc07f305208dbda29d16262b3d543ac91c71,100780 3 101284 2 101290 7 101795 15 102306 17 102816 20 103326 23 103837 25 104349 25 104861 26 105373 27 105885 27 106397 27 106910 25 107423 23 107936 21 108449 19 108962 13 109475 11 109988 9 110501 7 111014 4 111526 3
472b1c5ff988dadc209faea92499bc07f305208dbda29d16262b3d543ac91c71,92582 1
472b1c5ff988dadc209faea92499bc07f305208dbda29d16262b3d543ac91c71,52650 2 53161 2
472b1c5ff988dadc209faea92499bc07f305208dbda29d16262b3d543ac91c71,340910 2 341422 4 341933 6 342446 5 342958 6 343470 6 343979 10 344490 10 345001 6 345009 3 345513 11 346025 4 346030 6 346538 1 346543 5 347056 4 347570 1 348082 1
472b1c5ff988dadc209faea92499bc07f305208dbda29d16262b3d543ac91c71,293863 1 294374 3 294886 4 295398 6 295904 2 295909 7 296416 3 296420 9 296927 15 297439 19 297950 22 298462 24 298973 27 299485 29 299996 31 300508 32 301020 33 301532 34 302044 34 302556 35 303067 37 303579 38 304091 38 304603 38 305115 38 305627 38 306139 38 306651 38 307155 1 307163 38 307665 4 307675 37 308177 5 308187 36 308689 6 308699 36 309201 8 309212 35 309714 7 309725 33 310226 8 310238 32 310731 2 310738 8 310750 31 311242 4 311249 10 311262 31 311754 4 311761 11 311775 29 312267 3 312273 12 312287 28 312779 3 312786 40 313290 4 313299 14 313316 22 313801 5 313811 38 314312 8 314321 38 314824 45 315337 37 315850 32 316363 2 316368 26 316881 26 317393 26 317432 2 317905 31 317943 4 318417 41 318922 1 318929 41 319433 3 319440 41 319487 2 319945 4 319951 42 319998 3 320457 49 320507 6 320971 54 321484 53 321996 53 322508 53 323019 54 323531 11 323544 41 324043 10 324056 41 324555 10 324568 41 325069 8 325079 42 325583 50 326096 49 326608 49 327121 48 327633 48 328145 48 328657 48 329168 49 329679 50 330191 50 330703 50 331215 50 331707 2 331727 50 332218 6 332227 3 332239 50 332730 12 332750 51 333240 15 333260 53 333752 15 333770 55 334263 74 334775 41 334817 32 335286 75 335797 76 336309 76 336821 76 337333 76 337845 76 338359 74 338872 73 339385 72 339898 71 340410 71 340923 70 341435 70 341948 69 342460 69 342973 68 343485 68 343997 68 344509 68 345020 69 345532 69 346044 69 346556 69 347069 68 347582 67 348095 66
472b1c5ff988dadc209faea92499bc07f305208dbda29d16262b3d543ac91c71,340918 1
472b1c5ff988dadc209faea92499bc07f305208dbda29d16262b3d543ac91c71,108986 1 109498 1
472b1c5ff988dadc209faea92499bc07f305208dbda29d16262b3d543ac91c71,223675 1
472b1c5ff988dadc209faea92499bc07f305208dbda29d16262b3d543ac91c71,325574 3 326085 5 326597 6 327109 6 327620 7 328129 10 328640 10 329154 7 329669 4
472b1c5ff988dadc209faea92499bc07f305208dbda29d16262b3d543ac91c71,277953 3 278465 4 278977 4 279490 3
472b1c5ff988dadc209faea92499bc07f305208dbda29d16262b3d543ac91c71,298439 1 298950 2 299461 4 299973 4 300484 5 300996 6 301508 7 302020 8 302532 7 303043 8 303555 5 304066 6 304578 7 305090 9 305603 8 306117 6 306630 4 307143 3 307656 1
472b1c5ff988dadc209faea92499bc07f305208dbda29d16262b3d543ac91c71,74194 1 74202 1 74704 4 74713 3 75212 1 75215 5 75224 3 75722 10 75735 4 76233 18 76745 5 76753 10 77258 2 77266 10 77778 10 78289 11 78799 13 79307 18 79817 20 80329 20 80840 21 81357 16 81869 16 82381 16 82893 16 83405 16 83917 17 84428 18 84939 19 85450 4 85457 13 85962 3 85969 13 86474 3 86481 12 86988 1 86993 12 87506 11 88018 5 88025 3 88530 4 88538 1 89042 4 89554 3 90066 3 90578 2
472b1c5ff988dadc209faea92499bc07f305208dbda29d16262b3d543ac91c71,185292 2 185804 3 186316 3 186828 3 187339 4 187851 4 188362 5 188874 5 189386 5 189898 5 190411 4 190923 4 191435 4 191947 4 192459 3
472b1c5ff988dadc209faea92499bc07f305208dbda29d16262b3d543ac91c71,201168 1 201680 1
472b1c5ff988dadc209faea92499bc07f305208dbda29d16262b3d543ac91c71,180197 9 180708 12 181220 13 181731 15 182243 16 182755 17 183267 18 183778 19 184290 20 184802 20 185314 21 185826 21 186338 21 186849 23 187361 23 187873 23 188384 24 188896 24 189407 25 189919 25 190430 26 190941 27 191452 28 191964 28 192477 27 192991 24 193504 23 194017 21 194529 20 195042 19 195554 18 196065 18 196577 18 197089 19 197601 19 198112 20 198623 22 199135 22 199646 22 200158 22 200669 22 201180 22 201692 22 202204 22 202716 22 203228 22 203740 23 204251 24 204763 24 205274 25 205786 26 206298 26 206809 27 207321 27 207833 27 208345 27 208857 1 208862 22 209374 22 209887 21 210400 14 210418 1 210913 11 211426 9 211942 4
472b1c5ff988dadc209faea92499bc07f305208dbda29d16262b3d543ac91c71,13801 7 14308 14 14819 17 15330 19 15841 21 16353 21 16865 22 17377 22 17888 23 18400 23 18912 23 19423 25 19934 26 20446 27 20957 28 21469 29 21981 29 22493 29 23005 29 23517 29 24029 30 24541 30 25053 30 25565 30 26077 30 26589 30 27101 30 27614 29 28126 28 28638 28 29151 26 29664 24 30177 22 30690 20 31203 19 31716 17 32229 13 32743 8
472b1c5ff988dadc209faea92499bc07f305208dbda29d16262b3d543ac91c71,280546 3 281057 5 281569 5 282081 5 282593 5 283105 5 283617 4 284129 4 284641 4 285153 4 285665 4 286176 4 286688 4 287200 4 287711 5 288223 6 288734 7 289247 6 289760 2
472b1c5ff988dadc209faea92499bc07f305208dbda29d16262b3d543ac91c71,80374 6 80885 8 81395 10 81903 13 82412 16 82924 16 83435 18 83947 18 84458 19 84969 21 85480 22 85992 22 86504 22 87015 23 87526 24 88037 25 88548 26 89059 27 89571 28 90082 29 90594 28 91106 28 91617 29 92129 30 92160 1 92640 33 93152 33 93663 34 94175 30 94687 29 95199 28 95711 28 96223 27 96735 26 97247 25 97759 24 98272 22 98784 21 99296 20 99808 19 100321 17 100833 16 101345 16 101856 16 102368 16 102880 16 103392 15 103903 15 104415 14 104927 13 105440 11 105952 10 106464 9 106976 9 107488 9 108001 7 108517 2
472b1c5ff988dadc209faea92499bc07f305208dbda29d16262b3d543ac91c71,219636 5 219643 2 220148 10 220661 10 221175 10 221688 9 222200 6 222208 1 222698 2 222713 4 223210 3 223225 4 223232 1 223722 3 223737 8 224235 9 224249 8 224747 22 225258 23 225770 23 226281 24 226792 25 227303 26 227815 26 228327 26 228839 26 229350 27 229860 29 230372 29 230884 29 231396 29 231909 28 232421 28 232932 29 233443 30 233955 30 234467 30 234979 30 235491 30 236003 30 236516 29 237029 28 237542 27 238054 27 238566 27 239079 26 239591 26 240103 26 240615 26 241127 26 241639 26 242152 25 242664 25 243176 25 243688 25 244201 24 244713 24 245225 24 245738 23 246250 23 246763 22 247275 22 247788 21 248302 19 248815 12 248830 3 249328 10 249342 3 249842 8 249851 6 250355 14 250869 12 251381 12 251892 13 252398 19 252910 19 253422 13 253934 9 254449 3
472b1c5ff988dadc209faea92499bc07f305208dbda29d16262b3d543ac91c71,270311 3 270823 3 271334 4 271846 4 272358 4 272871 2 273383 2 273895 2
472b1c5ff988dadc209faea92499bc07f305208dbda29d16262b3d543ac91c71,102392 9 102902 11 103413 12 103924 13 104436 13 104947 14 105458 15 105970 15 106481 16 106993 16 107504 17 108016 17 108528 17 109039 18 109551 18 110062 19 110573 20 111085 20 111597 20 112108 21 112620 21 113132 21 113643 22 114155 22 114667 22 115178 23 115690 23 116202 23 116714 23 117225 24 117737 24 118249 24 118762 23 119274 23 119786 23 120299 22 120811 22 121323 22 121836 21 122349 20 122862 19 123375 18 123889 16 124403 14 124921 8 125434 7 125946 7 126459 6 126971 6 127481 8 127991 10 128502 11 129013 12 129525 12 130036 13 130547 14 131059 14 131572 13 132085 12 132596 13 133108 13 133620 13 134132 13 134644 13 135157 12 135669 12 136182 11 136694 11 137207 10 137721 8 138234 7 138747 6 139259 6 139772 3 140284 2 140798 1 141310 3 141821 4 142323 2 142333 4 142835 3 142843 6 143346 15 143858 15 144370 15 144882 15 145394 15 145906 15 146418 15 146929 4 146936 9 147441 4 147450 7 147953 4 147962 7 148472 4 148982 6 149493 7 150005 8 150517 11 151029 12 151541 12 152054 11 152566 11 153078 11 153590 11 154101 12 154613 12 155126 11 155638 11 156151 10 156664 9 157178 7 157690 7 158202 7 158714 7 159226 7 159738 7 160250 7 160762 7 161273 8 161785 8 162296 9 162808 9 163319 10 163830 11 164340 12 164852 12 165366 9 165879 8 166391 8 166903 9 167415 10 167927 10 168439 10 168952 9 169464 9 169976 9 170478 2 170485 12 170989 5 170995 7 171003 6 171501 12 171516 5 172014 10 172028 5 172531 6 172539 6 173044 13 173556 13 174068 13 174580 13 175089 16 175601 7 175611 6 176122 7 176633 8 177145 8 177657 8 178169 8 178682 7 179194 7 179706 7 180217 8 180727 10 181239 10 181751 10 182264 5 182777 3 183290 1
472b1c5ff988dadc209faea92499bc07f305208dbda29d16262b3d543ac91c71,131049 1 131561 3 132073 4 132585 5 133098 4 133610 4
472b1c5ff988dadc209faea92499bc07f305208dbda29d16262b3d543ac91c71,264172 1 264683 2 265194 3 265706 2
472b1c5ff988dadc209faea92499bc07f305208dbda29d16262b3d543ac91c71,135660 2 136171 3 136683 3 137195 4 137708 4 138223 3 138735 4 139247 5 139760 4 140271 4 140783 2 141294 3 141807 2
472b1c5ff988dadc209faea92499bc07f305208dbda29d16262b3d543ac91c71,257006 4 257517 5 258028 6 258540 5 259053 3
472b1c5ff988dadc209faea92499bc07f305208dbda29d16262b3d543ac91c71,261115 3 261626 5 262138 5 262650 5 263161 5 263673 1 264179 7 264690 14 265202 15 265714 15 266226 15 266737 16 267247 18 267757 20 268268 21 268780 21 269293 20 269806 19 270318 19 270831 18 271343 18 271854 19 272366 19 272878 19 273389 20 273901 20 274413 20 274925 20 275437 20 275949 20 276461 20 276973 20 277485 20 277998 19 278510 19 279022 19 279534 19 280046 19 280558 19 281070 19 281583 18 282095 18 282607 18 283119 18 283632 17 284145 16 284657 16 285170 15 285682 15 286195 14 286707 14 287220 13 287736 9 288251 6
472b1c5ff988dadc209faea92499bc07f305208dbda29d16262b3d543ac91c71,160238 1 160749 3 161261 3 161773 3 162285 3 162797 3 163309 2
472b1c5ff988dadc209faea92499bc07f305208dbda29d16262b3d543ac91c71,190976 1 191487 2 191999 2 192510 3 193021 4 193529 8 194041 8 194553 8 195065 8 195577 8 196088 9 196600 9 197111 10 197623 10 198135 10 198648 9 199160 9 199674 7 200187 6 200701 1
472b1c5ff988dadc209faea92499bc07f305208dbda29d16262b3d543ac91c71,292346 1 292858 2 293371 2 293883 2
472b1c5ff988dadc209faea92499bc07f305208dbda29d16262b3d543ac91c71,184317 2 184829 4 185341 4 185853 4
472b1c5ff988dadc209faea92499bc07f305208dbda29d16262b3d543ac91c71,206848 1 207360 1
472b1c5ff988dadc209faea92499bc07f305208dbda29d16262b3d543ac91c71,295424 1
4be73d68f433869188fe5e7f09c7f681ed51003da6aa5d19ce368726d8e271ee,5892 6 6147 8 6401 10 6657 10 6913 11 7169 12 7425 12 7681 12 7937 12 8193 12 8449 11 8707 8 8968 1
4be73d68f433869188fe5e7f09c7f681ed51003da6aa5d19ce368726d8e271ee,17921 1 18177 1 18433 1
4be73d68f433869188fe5e7f09c7f681ed51003da6aa5d19ce368726d8e271ee,58113 1 58369 3 58625 3 58881 4 59137 4 59393 5 59649 5 59905 6 60161 6 60417 6 60673 6 60929 6 61185 6 61441 7 61697 6 61953 6 62209 6 62465 6 62721 5 62977 5 63233 4 63489 2
4be73d68f433869188fe5e7f09c7f681ed51003da6aa5d19ce368726d8e271ee,23308 7 23563 8 23818 8 24073 9 24329 8 24585 9 24841 10 25098 10 25354 13 25611 13 25867 13 26124 12 26381 10 26637 10 26894 8 27152 5
4be73d68f433869188fe5e7f09c7f681ed51003da6aa5d19ce368726d8e271ee,38165 5 38419 8 38674 11 38929 12 39185 13 39440 14 39696 15 39951 17 40207 18 40463 19 40719 19 40975 19 41231 19 41488 18 41744 17 42001 15 42257 14 42515 11 42772 9 43030 4
4be73d68f433869188fe5e7f09c7f681ed51003da6aa5d19ce368726d8e271ee,529 2 785 2
4be73d68f433869188fe5e7f09c7f681ed51003da6aa5d19ce368726d8e271ee,10263 5 10517 8 10772 9 11027 11 11282 12 11538 12 11793 12 12049 7 12059 1 12305 5 12561 4 12818 3 13074 3
4be73d68f433869188fe5e7f09c7f681ed51003da6aa5d19ce368726d8e271ee,31268 7 31523 10 31543 5 31778 12 31798 8 32034 12 32053 9 32290 13 32308 11 32545 16 32563 12 32801 31 33057 31 33313 31 33569 31 33825 31 34081 31 34337 31 34594 30 34850 30 35106 29 35363 28 35620 27 35877 25 36133 24 36391 21 36648 18 36914 3
4be73d68f433869188fe5e7f09c7f681ed51003da6aa5d19ce368726d8e271ee,43310 2 43564 6 43819 9 44074 11 44329 13 44584 14 44840 15 45096 15 45351 16 45607 15 45863 15 46119 15 46375 15 46632 14 46888 14 47145 12 47401 11 47659 8 47917 4
4be73d68f433869188fe5e7f09c7f681ed51003da6aa5d19ce368726d8e271ee,22578 4 22832 8 23085 12 23340 14 23596 14 23852 14 24107 15 24363 15 24619 14 24876 13 25132 11 25389 7 25647 2
4be73d68f433869188fe5e7f09c7f681ed51003da6aa5d19ce368726d8e271ee,50025 6 50280 8 50535 11 50790 13 51046 13 51302 13 51558 13 51814 13 52070 12 52325 13 52581 13 52838 12 53094 13 53351 12 53608 10 53865 9 54123 6
4be73d68f433869188fe5e7f09c7f681ed51003da6aa5d19ce368726d8e271ee,44164 7 44418 10 44674 11 44930 12 45186 12 45441 14 45696 15 45950 18 46205 19 46460 20 46716 20 46972 20 47228 19 47484 19 47741 17 47997 15 48254 13 48512 10 48769 7
4be73d68f433869188fe5e7f09c7f681ed51003da6aa5d19ce368726d8e271ee,51847 8 52101 11 52355 14 52609 17 52864 19 53119 20 53375 20 53630 22 53886 22 54142 22 54398 21 54655 20 54911 19 55167 18 55423 17 55680 15 55937 11 56194 8 56450 7 56706 7 56961 9 57216 11 57472 11 57727 13 57983 13 58238 15 58494 15 58750 16 59006 17 59262 17 59518 17 59774 17 60030 17 60286 17 60543 16 60799 16 61056 14 61312 13 61570 10 61828 7 62086 3
4be73d68f433869188fe5e7f09c7f681ed51003da6aa5d19ce368726d8e271ee,62883 2 63134 9 63388 12 63643 13 63898 15 64153 16 64409 16 64664 17 64920 17 65176 17 65432 17
4be73d68f433869188fe5e7f09c7f681ed51003da6aa5d19ce368726d8e271ee,7068 6 7323 9 7578 11 7834 12 8089 13 8345 14 8602 13 8858 13 9114 14 9370 14 9627 13 9883 13 10140 11 10398 8 10656 5
4be73d68f433869188fe5e7f09c7f681ed51003da6aa5d19ce368726d8e271ee,34721 5 34976 9 35231 11 35487 11 35742 13 35997 13 36253 13 36509 12 36765 12 37021 12 37278 10 37534 10 37791 8 38048 6 38306 2
4be73d68f433869188fe5e7f09c7f681ed51003da6aa5d19ce368726d8e271ee,162 18 419 17 675 17 932 16 1188 15 1445 13 1702 11 1960 8
4be73d68f433869188fe5e7f09c7f681ed51003da6aa5d19ce368726d8e271ee,26020 6 26275 8 26530 9 26786 10 27042 11 27299 11 27556 10 27812 11 28069 8 28329 2
4be73d68f433869188fe5e7f09c7f681ed51003da6aa5d19ce368726d8e271ee,21171 2 21425 5 21681 6 21937 7 22192 9 22447 11 22700 15 22956 16 23212 16 23468 17 23724 17 23980 17 24237 16 24493 16 24750 15 25007 13 25263 13 25520 12 25778 12 26036 13 26293 14 26549 15 26806 16 27062 17 27318 18 27574 18 27829 20 28085 20 28340 21 28596 21 28852 21 29108 21 29364 20 29621 19 29877 18 30134 17 30390 16 30645 16 30901 15 31157 16 31413 17 31669 17 31925 18 32181 18 32437 18 32693 19 32950 18 33206 18 33463 17 33720 17 33977 16 34233 16 34489 16 34745 16 35001 16 35257 16 35514 15 35770 14 36026 14 36283 12 36539 10 36797 6
4be73d68f433869188fe5e7f09c7f681ed51003da6aa5d19ce368726d8e271ee,52410 1 52663 8 52917 11 53172 13 53427 15 53682 17 53937 19 54192 21 54447 23 54703 23 54959 23 55215 23 55472 22 55728 22 55984 22 56240 21 56497 20 56754 18 57010 17 57268 14 57525 12 57783 8
4be73d68f433869188fe5e7f09c7f681ed51003da6aa5d19ce368726d8e271ee,4542 3 4794 9 5048 12 5302 14 5557 16 5812 17 6067 18 6322 19 6578 19 6834 18 7090 18 7346 17 7602 16 7860 13 8119 9 8378 4
4be73d68f433869188fe5e7f09c7f681ed51003da6aa5d19ce368726d8e271ee,40633 9 40888 12 41143 14 41399 15 41654 16 41911 16 42167 16 42423 17 42679 17 42935 17 43190 18 43446 19 43702 19 43959 17 44216 16 44472 15 44729 13 44986 11 45242 11 45499 10 45755 10 46011 12 46267 13 46523 15 46779 16 47035 17 47290 18 47546 19 47802 19 48058 20 48314 20 48570 20 48827 20 49083 20 49339 19 49596 18 49852 18 50109 16 50366 15 50623 12 50881 8
4be73d68f433869188fe5e7f09c7f681ed51003da6aa5d19ce368726d8e271ee,63942 7 64196 10 64451 12 64706 14 64961 16 65217 16 65473 16
4be73d68f433869188fe5e7f09c7f681ed51003da6aa5d19ce368726d8e271ee,12995 3 13250 5 13506 5 13762 5 14019 3
4be73d68f433869188fe5e7f09c7f681ed51003da6aa5d19ce368726d8e271ee,980 7 1234 10 1488 12 1744 14 1999 17 2255 17 2511 18 2766 19 3022 19 3277 20 3532 20 3788 20 4044 19 4300 18 4556 18 4812 18 5069 16 5325 16 5582 13 5839 11 6097 7
4be73d68f433869188fe5e7f09c7f681ed51003da6aa5d19ce368726d8e271ee,7144 4 7397 10 7652 12 7907 14 8163 15 8418 16 8674 17 8930 17 9185 19 9430 9 9441 19 9685 30 9940 32 10195 33 10451 33 10706 33 10962 33 11218 32 11474 20 11497 7 11730 20 11986 20 12242 20 12498 21 12754 21 13011 20 13267 20 13523 20 13780 19 14036 19 14293 17 14550 16 14807 14 15064 11 15322 9 15580 5
4be73d68f433869188fe5e7f09c7f681ed51003da6aa5d19ce368726d8e271ee,48091 4 48345 7 48599 10 48853 13 49108 15 49363 17 49619 17 49876 17 50132 17 50389 16 50646 14 50903 13 51160 11 51416 10 51673 8 51932 3
4be73d68f433869188fe5e7f09c7f681ed51003da6aa5d19ce368726d8e271ee,31966 6 32221 8 32476 10 32731 13 32987 13 33243 14 33499 14 33755 14 34011 14 34268 12 34524 12 34781 10 35038 8 35295 5
4be73d68f433869188fe5e7f09c7f681ed51003da6aa5d19ce368726d8e271ee,38119 3 38374 6 38629 8 38884 10 39139 11 39394 12 39649 13 39905 13 40160 14 40415 15 40671 14 40926 15 41182 15 41438 16 41695 15 41951 15 42208 13 42465 12 42722 10 42979 8 43238 4
4be73d68f433869188fe5e7f09c7f681ed51003da6aa5d19ce368726d8e271ee,231 13 488 11 744 11 1001 9 1259 5
4be73d68f433869188fe5e7f09c7f681ed51003da6aa5d19ce368726d8e271ee,25580 11 25835 16 26090 19 26346 21 26602 23 26858 23 27114 23 27370 23 27626 23 27882 23 28138 23 28394 23 28651 22 28907 22 29164 21 29421 20 29677 20 29934 19 30191 18 30447 18 30704 16 30960 15 31217 13 31473 12 31730 10 31986 9 32241 10 32496 11 32752 11 33007 12 33263 13 33519 12 33775 12 34031 12 34287 12 34543 12 34799 11 35055 11 35312 9 35569 6 35827 3
4be73d68f433869188fe5e7f09c7f681ed51003da6aa5d19ce368726d8e271ee,57335 6 57590 11 57845 12 58100 13 58356 13 58612 13 58867 14 59123 14 59379 14 59635 14 59891 14 60147 14 60403 14 60659 14 60915 14 61171 14 61427 14 61684 13 61941 12 62197 12 62454 11 62712 6
4be73d68f433869188fe5e7f09c7f681ed51003da6aa5d19ce368726d8e271ee,766 3 1020 5 1275 6 1530 7 1785 8 2041 8 2296 9 2552 9 2808 9 3064 9 3320 9 3576 9 3832 9 4088 9 4345 8 4601 8 4858 7 5114 7 5371 6 5628 5 5885 4 6141 4 6397 4 6651 6 6906 7 7160 9 7415 10 7670 11 7926 11 8181 12 8437 12 8693 12 8949 12 9205 12 9462 11 9718 11 9975 10 10232 9 10489 8 10748 4
4be73d68f433869188fe5e7f09c7f681ed51003da6aa5d19ce368726d8e271ee,14078 3 14332 5 14585 8 14840 9 15095 10 15351 10 15606 11 15862 11 16118 11 16373 12 16629 12 16885 12 17141 12 17398 11 17654 11 17911 10 18171 6 18428 5 18684 5 18941 4 19198 3
4be73d68f433869188fe5e7f09c7f681ed51003da6aa5d19ce368726d8e271ee,40439 4 40694 6 40951 5 41207 5
4f949bd8d914bbfa06f40d6a0e2b5b75c38bf53dbcbafc48c97f105bee4f8fac,1 20 389 22 776 1 779 23 1165 27 1553 30 1941 32 2331 33 2721 34 3111 35 3500 35 3890 35 4279 38 4669 40 5058 43 5447 44 5831 50 6220 52 6609 55 6999 57 7389 57 7779 58 8169 58 8556 1 8558 59 8944 63 9334 63 9723 63 10113 62 10503 62 10890 64 11280 64 11669 66 12059 66 12450 66 12840 66 13230 67 13620 67 14009 67 14400 65 14791 63 15181 63 15572 62 15961 63 16351 64 16741 65 17131 66 17521 66 17911 67 18301 68 18691 68 19081 68 19470 70 19859 71 20249 71 20638 72 21027 73 21416 75 21805 76 22194 78 22583 80 22973 81 23362 82 23749 86 24139 86 24529 86 24919 86 25309 85 25699 85 26089 84 26479 83 26869 83 27259 84 27646 1 27649 84 28034 90 28421 94 28810 96 29201 97 29589 99 29978 100 30367 100 30757 100 31146 101 31536 101 31927 100 32317 101 32708 101 33098 101 33489 101 33879 102 34269 103 34660 103 35050 103 35424 1 35441 103 35814 4 35832 103 36205 5 36224 102 36595 8 36614 107 36985 11 37004 108 37375 11 37395 108 37765 12 37784 109 38156 12 38174 110 38545 14 38563 111 38935 128 39325 11 39337 115 39715 9 39729 112 40105 7 40119 110 40495 2 40510 108 40900 107 41290 107 41680 107 42070 106 42459 107 42849 107 43239 107 43628 108 44017 110 44406 111 44795 113 45184 115 45572 120 45958 125 46347 130 46736 132 47126 132 47515 133 47904 134 48293 137 48681 141 49065 147 49454 149 49844 147 50235 136 50373 6 50625 135 50765 4 51014 134 51157 1 51390 5 51402 136 51546 2 51780 148 51936 2 52171 147 52326 3 52561 146 52715 4 52952 146 53105 5 53342 146 53493 7 53732 148 53882 10 54122 161 54512 164 54901 171 55290 173 55677 177 56066 173 56240 3 56454 174 56631 1 56844 174 57233 173 57624 171 58014 170 58403 171 58793 172 58973 1 59171 3 59182 173 59362 4 59371 4 59561 7 59571 175 59751 6 59759 7 59951 188 60140 16 60341 205 60731 204 61120 205 61495 1 61510 205 61884 3 61900 206 62275 3 62288 209 62665 3 62676 208 62885 1 63055 3 63061 213 63445 220 63836 219 64060 1 64226 214 64450 2 64616 213 64839 5 65006 212 65228 8 65372 1 65396 211 65618 9 65761 4 65773 2 65786 211 66008 10 66152 4 66162 3 66176 211 66398 11 66414 3 66543 13 66565 213 66787 14 66802 6 66933 13 66954 214 67177 21 67323 14 67343 217 67565 23 67590 9 67713 18 67732 257 68103 276 68493 256 68754 16 68882 256 69146 16 69253 4 69272 253 69536 17 69634 14 69662 252 69927 16 70024 15 70051 252 70318 14 70416 13 70441 251 70708 15 70806 13 70831 251 71098 17 71196 13 71221 251 71488 16 71586 13 71611 251 71878 16 71976 13 72001 252 72267 17 72368 11 72390 254 72657 19 72760 10 72780 255 73046 20 73151 10 73169 257 73434 22 73542 9 73558 289 73932 13 73947 291 74322 306 74711 307 75100 307 75487 1 75490 307 75875 311 76265 311 76601 3 76655 311 76989 5 77045 311 77378 6 77434 313 77768 6 77823 316 78158 6 78213 317 78548 6 78602 318 78938 5 78992 318 79327 6 79379 321 79716 7 79766 325 80105 8 80147 1 80155 328 80490 13 80533 10 80544 329 80877 12 80922 341 81267 12 81312 341 81657 11 81702 342 82046 10 82092 354 82462 3 82482 354 82851 7 82872 353 83240 10 83261 354 83630 11 83648 356 84020 14 84035 1 84038 356 84410 374 84800 375 85189 377 85578 378 85967 381 86351 3 86357 388 86746 6465
4f949bd8d914bbfa06f40d6a0e2b5b75c38bf53dbcbafc48c97f105bee4f8fac,51632 1 52022 1
4f949bd8d914bbfa06f40d6a0e2b5b75c38bf53dbcbafc48c97f105bee4f8fac,53582 2
4f949bd8d914bbfa06f40d6a0e2b5b75c38bf53dbcbafc48c97f105bee4f8fac,68805 2
4f949bd8d914bbfa06f40d6a0e2b5b75c38bf53dbcbafc48c97f105bee4f8fac,64591 1
505bc0a3928d8aef5ce441c5a611fdd32e1e8eccdc15cc3a52b88030acb50f81,78337 2 78849 3 79361 4 79873 5 79881 2 80385 12 80897 14 81409 14 81921 14 82433 15 82945 15 83457 14 83969 14 84481 14 84993 16 85505 17 86017 17 86529 17 87041 17 87553 17 88065 17 88577 17 89089 17 89601 17 90113 17 90625 17 91137 16 91649 15 92161 14 92673 14 93185 13 93697 13 94209 13 94721 12 95233 11 95745 10 96257 9 96769 9 97281 10 97793 11 98305 10 98817 11 99329 11 99841 12 100353 12 100865 12 101377 12 101889 11 102401 11 102913 11 103425 14 103937 14 104449 15 104961 4 104967 8 105473 4 105481 5 105985 5 105995 3 106497 3 107009 3 107521 3 108033 3 108545 2 109057 1
505bc0a3928d8aef5ce441c5a611fdd32e1e8eccdc15cc3a52b88030acb50f81,112643 3 113153 8 113665 4
505bc0a3928d8aef5ce441c5a611fdd32e1e8eccdc15cc3a52b88030acb50f81,128001 1 128513 1
505bc0a3928d8aef5ce441c5a611fdd32e1e8eccdc15cc3a52b88030acb50f81,129040 1 129551 3 130063 3 130574 3 131086 2 131597 2 132105 5 132614 6 133125 6 133637 4 134151 2 134664 1
505bc0a3928d8aef5ce441c5a611fdd32e1e8eccdc15cc3a52b88030acb50f81,136711 1 137223 2
505bc0a3928d8aef5ce441c5a611fdd32e1e8eccdc15cc3a52b88030acb50f81,105491 2 106003 2 106514 3 107025 3 107536 3 108046 5 108055 1 108557 6 108566 3 109069 12 109582 12 110095 11 110608 3 110613 5 111120 3 111125 5 111631 11 112142 12 112653 13 113164 14 113676 14 114190 12 114703 11 115215 11 115727 2 115730 7 116242 5 116756 3 117268 3 117780 3
505bc0a3928d8aef5ce441c5a611fdd32e1e8eccdc15cc3a52b88030acb50f81,120852 1
505bc0a3928d8aef5ce441c5a611fdd32e1e8eccdc15cc3a52b88030acb50f81,124686 2 124691 8 125193 20 125700 28 126209 33 126720 36 127231 38 127742 40 128251 44 128761 48 129272 50 129783 52 130294 54 130805 56 131315 59 131826 60 132337 62 132849 63 133360 64 133871 66 134382 68 134893 69 135404 71 135915 72 136426 74 136938 74 137449 75 137961 76 138472 77 138984 77 139495 78 140007 79 140519 79 141030 80 141542 79 142054 79 142565 80 143077 80 143589 80 144102 78 144613 79 145125 79 145637 79 146150 77 146662 76 147175 75 147687 74 148199 73 148712 72 149225 70 149738 67 150251 63 150764 61 151278 57 151791 53 152305 50 152819 46 153332 43 153845 41 154358 37 154872 34 155385 32 155899 24 156412 6 156420 14 156941 2
505bc0a3928d8aef5ce441c5a611fdd32e1e8eccdc15cc3a52b88030acb50f81,152955 1 153466 4 153976 10 154487 12 154995 16 155014 5 155506 25 156017 23 156041 3 156528 30 157038 36 157548 38 158060 38 158571 30 158605 5 159082 31 159117 2 159593 34 160103 33 160137 3 160614 34 160649 3 161124 40 161635 40 162146 40 162658 40 163169 42 163680 47 164191 48 164703 48 165214 49 165725 51 166236 53 166748 54 167260 55 167771 56 167829 3 168283 64 168795 64 169307 64 169818 65 170329 66 170840 70 171352 70 171864 70 172374 72 172886 72 173398 72 173909 73 174420 74 174932 74 175443 73 175954 74 176465 75 176977 75 177489 75 178000 75 178512 74 179024 73 179535 74 180047 74 180559 73 181070 74 181581 76 182093 2 182097 72 182605 2 182609 71 183117 75 183628 75 184139 76 184650 77 185162 77 185674 76 186186 75 186699 75 187212 74 187725 63 187796 1 188237 63 188748 63 189260 63 189772 62 190284 61 190796 58 191308 59 191821 58 192334 57 192847 4 192852 50 193360 1 193366 48 193878 48 194391 47 194904 45 195415 46 195922 49 196434 49 196946 49 197458 48 197969 42 198480 37 198519 2 198988 1 198990 39 199499 42 200010 44 200521 44 200573 3 201034 43 201084 4 201546 43 201596 4 202058 43 202107 4 202570 44 202619 5 203083 43 203132 5 203595 43 203644 5 204108 43 204156 4 204620 43 204664 3 204668 3 205132 37 205171 2 205175 4 205180 4 205644 36 205686 10 206157 34 206197 11 206672 27 206709 11 207185 24 207221 9 207698 22 207734 5 207741 1 208211 18 208246 5 208724 15 208758 6 209237 2 209270 6 209749 5 209782 4 210261 6 210773 6
505bc0a3928d8aef5ce441c5a611fdd32e1e8eccdc15cc3a52b88030acb50f81,210257 2 210769 2
505bc0a3928d8aef5ce441c5a611fdd32e1e8eccdc15cc3a52b88030acb50f81,212308 2 212820 2 213333 1
505bc0a3928d8aef5ce441c5a611fdd32e1e8eccdc15cc3a52b88030acb50f81,214358 2 214869 3 215381 4 215894 3
505bc0a3928d8aef5ce441c5a611fdd32e1e8eccdc15cc3a52b88030acb50f81,208765 1
505bc0a3928d8aef5ce441c5a611fdd32e1e8eccdc15cc3a52b88030acb50f81,205190 1 205702 1
505bc0a3928d8aef5ce441c5a611fdd32e1e8eccdc15cc3a52b88030acb50f81,195985 5 196495 9 197004 13 197514 16 198026 16 198538 13 198553 1 199050 12 199562 12 200074 11 200586 10 201098 10 201610 9 202121 9
505bc0a3928d8aef5ce441c5a611fdd32e1e8eccdc15cc3a52b88030acb50f81,194955 2 195468 1
505bc0a3928d8aef5ce441c5a611fdd32e1e8eccdc15cc3a52b88030acb50f81,203172 3 203679 2 203683 4 204190 15 204700 17 205203 2 205213 17 205714 3 205725 17 206225 4 206236 19 206736 5 206743 24 207246 11 207260 19 207758 11 207771 20 208273 30 208787 27 209300 7 209308 17 209813 24 210325 23 210841 19 211354 17 211866 16 212376 17 212888 17 213400 17 213911 18 214423 15 214935 13 215448 12 215960 10 216472 9 216984 8 217496 5 217503 2 218010 3 218015 2 218528 1
505bc0a3928d8aef5ce441c5a611fdd32e1e8eccdc15cc3a52b88030acb50f81,159123 1 159634 3 160146 3 160658 3 161172 1 161181 2 161684 11 162195 12 162707 12 163218 4 163227 4 163730 3 163740 3 164253 1
505bc0a3928d8aef5ce441c5a611fdd32e1e8eccdc15cc3a52b88030acb50f81,188821 1 189333 2
505bc0a3928d8aef5ce441c5a611fdd32e1e8eccdc15cc3a52b88030acb50f81,202133 2 202645 2
505bc0a3928d8aef5ce441c5a611fdd32e1e8eccdc15cc3a52b88030acb50f81,164249 2 164761 2
505bc0a3928d8aef5ce441c5a611fdd32e1e8eccdc15cc3a52b88030acb50f81,192921 1
505bc0a3928d8aef5ce441c5a611fdd32e1e8eccdc15cc3a52b88030acb50f81,166811 1 167323 1
505bc0a3928d8aef5ce441c5a611fdd32e1e8eccdc15cc3a52b88030acb50f81,186268 1
505bc0a3928d8aef5ce441c5a611fdd32e1e8eccdc15cc3a52b88030acb50f81,194972 1
505bc0a3928d8aef5ce441c5a611fdd32e1e8eccdc15cc3a52b88030acb50f81,175020 2 175527 1 175531 5 176038 3 176042 7 176549 12 177060 14 177572 14 178084 14 178596 14 179109 14 179622 13 180135 14 180647 15 181158 17 181670 17 182177 22 182687 8 182696 16 183200 24 183714 22 184226 23 184735 2 184738 23 185247 10 185258 14 185762 7 185770 15 186274 7 186282 15 186787 5 186795 14 187311 1 187314 7 187828 5 188340 5 188853 4 189366 3 189877 4 190387 7 190898 8 191407 11 191919 11 192430 12 192942 12 193453 13 193965 14 194477 14 194989 14 195501 14 196013 14 196525 13 197037 12 197550 10 198063 9 198575 8 199089 4
519dc0d672d1c295fc69b629af8721ccb1a1f136d1976685a68487e62547ffe0,57351 6 57605 8 57859 11 58114 12 58369 14 58625 14 58881 14 59137 14 59393 14 59649 13 59905 11 60162 8 60418 6 60675 4
519dc0d672d1c295fc69b629af8721ccb1a1f136d1976685a68487e62547ffe0,33039 5 33294 8 33549 10 33805 11 34061 11 34317 11 34573 11 34829 10 35086 8 35344 3
519dc0d672d1c295fc69b629af8721ccb1a1f136d1976685a68487e62547ffe0,25656 3 25910 7 26166 8 26421 10 26677 11 26933 11 27189 11 27445 11 27701 11 27958 9 28215 8 28472 5
519dc0d672d1c295fc69b629af8721ccb1a1f136d1976685a68487e62547ffe0,29039 4 29293 8 29547 12 29803 14 30059 14 30315 15 30571 15 30828 14 31084 14 31341 13 31599 10 31857 6
519dc0d672d1c295fc69b629af8721ccb1a1f136d1976685a68487e62547ffe0,62064 6 62318 11 62573 13 62828 15 63083 16 63339 16 63595 16 63852 14 64109 12 64366 9
519dc0d672d1c295fc69b629af8721ccb1a1f136d1976685a68487e62547ffe0,51838 3 52091 8 52345 11 52600 13 52855 14 53111 14 53366 15 53622 15 53879 13 54135 12 54392 10 54651 4
519dc0d672d1c295fc69b629af8721ccb1a1f136d1976685a68487e62547ffe0,18300 5 18554 10 18809 13 19065 14 19321 15 19577 16 19833 16 20089 16 20346 15 20602 14 20859 12 21117 7
519dc0d672d1c295fc69b629af8721ccb1a1f136d1976685a68487e62547ffe0,42116 5 42369 13 42624 17 42879 20 43134 22 43390 23 43646 24 43902 25 44158 25 44415 24 44671 24 44928 22 45185 21 45442 18 45700 14 45958 9
519dc0d672d1c295fc69b629af8721ccb1a1f136d1976685a68487e62547ffe0,4524 5 4777 10 5032 12 5287 14 5543 15 5798 17 6054 18 6310 19 6566 20 6823 20 7079 20 7336 19 7592 19 7849 17 8106 16 8363 16 8620 15 8878 13 9137 9
519dc0d672d1c295fc69b629af8721ccb1a1f136d1976685a68487e62547ffe0,64724 6 64978 11 65233 13 65489 14
51c70bb8a299943b27f8b354571272692d8f2705036a1a9562156c76da5f025b,62725 3 62979 6 63234 8 63489 12 63745 13 64001 13 64257 13 64515 10 64773 8 65030 6 65286 5
51c70bb8a299943b27f8b354571272692d8f2705036a1a9562156c76da5f025b,64784 6 65040 8 65295 9
51c70bb8a299943b27f8b354571272692d8f2705036a1a9562156c76da5f025b,41903 5 42158 7 42414 8 42669 9 42925 9 43182 8 43438 7 43695 6 43954 1
51c70bb8a299943b27f8b354571272692d8f2705036a1a9562156c76da5f025b,40387 5 40641 8 40896 10 41152 11 41407 12 41662 13 41918 13 42174 13 42431 11 42687 9 42944 7 43202 3
51c70bb8a299943b27f8b354571272692d8f2705036a1a9562156c76da5f025b,27133 4 27388 5 27643 6 27898 7 28154 7 28410 7 28666 7 28923 6 29179 6 29437 2
51c70bb8a299943b27f8b354571272692d8f2705036a1a9562156c76da5f025b,25088 1 25344 1 25600 1 25856 1
52b267e20519174e3ce1e1994b5d677804b16bc670aa5f6ffb6344a0fdf63fde,19501 7 19761 9 20021 9 20281 10 20541 9 20801 8 21061 7 21321 5 21581 4
52b267e20519174e3ce1e1994b5d677804b16bc670aa5f6ffb6344a0fdf63fde,27821 2 28081 3 28341 4 28601 5 28861 5 29121 5 29381 5 29641 6 29901 6 30161 5 30421 5 30681 5 30941 5 31201 5 31461 4 31721 4 31981 3
52b267e20519174e3ce1e1994b5d677804b16bc670aa5f6ffb6344a0fdf63fde,52270 5 52530 7 52789 9 53048 11 53308 12 53568 14 53827 19 53865 4 54087 21 54123 7 54347 23 54381 9 54607 25 54639 11 54867 26 54897 13 55127 42 55387 41 55647 40 55907 38 56167 37 56427 35 56688 32 56948 20 56969 8 57208 20 57230 5 57468 21 57728 22 57987 24 58247 26 58506 29 58766 30 59024 33 59283 35 59541 38 59801 38 60061 13 60080 20 60321 10 60341 19 60581 8 60602 18 60841 7 60863 16 61101 5 61124 15 61361 4 61387 11 61621 2 61651 3
52b267e20519174e3ce1e1994b5d677804b16bc670aa5f6ffb6344a0fdf63fde,63963 5 64221 8 64481 9 64741 10 65001 10 65261 10 65521 10 65781 10 66041 9 66301 9 66563 5
52b267e20519174e3ce1e1994b5d677804b16bc670aa5f6ffb6344a0fdf63fde,78521 7 78781 8 79041 9 79301 10 79561 11 79821 11 80081 11 80341 11 80601 10 80861 10 81123 6
52b267e20519174e3ce1e1994b5d677804b16bc670aa5f6ffb6344a0fdf63fde,4946 4 5204 7 5464 7 5724 8 5984 9 6244 10 6504 10 6763 12 7023 12 7283 13 7544 12 7805 11 8065 11 8326 10 8589 6 8853 1
52b267e20519174e3ce1e1994b5d677804b16bc670aa5f6ffb6344a0fdf63fde,8347 1 8602 3 8606 2 8860 7 9119 7 9377 9 9636 10 9895 11 10154 11 10413 12 10672 13 10931 13 11190 14 11448 16 11707 16 11966 15 12225 15 12485 14 12744 12 13004 10 13267 4
52b267e20519174e3ce1e1994b5d677804b16bc670aa5f6ffb6344a0fdf63fde,81654 8 81913 15 82172 16 82431 17 82691 17 82950 17 83210 16 83470 15 83730 14 83990 13 84251 10 84511 9 84774 3
52b267e20519174e3ce1e1994b5d677804b16bc670aa5f6ffb6344a0fdf63fde,23157 5 23416 6 23675 7 23935 7 24195 7 24455 7 24714 8 24974 8 25233 10 25493 10 25752 11 26012 10 26273 9 26533 8 26796 4
52b267e20519174e3ce1e1994b5d677804b16bc670aa5f6ffb6344a0fdf63fde,39814 2 40070 6 40329 7 40588 8 40848 8 41107 9 41366 10 41625 11 41885 11 42144 12 42404 12 42663 13 42923 13 43183 13 43443 13 43704 12 43965 12 44229 8 44490 8 44751 7 45012 7 45273 7 45533 8 45794 8 46054 8 46315 7 46575 8 46836 7 47097 5 47358 4
52b267e20519174e3ce1e1994b5d677804b16bc670aa5f6ffb6344a0fdf63fde,72316 2 72574 5 72832 7 73091 8 73350 9 73609 9 73869 8 74128 8 74387 8 74646 7 74905 7 75165 6 75424 7 75684 6 75944 6 76204 6 76464 6 76724 5 76984 5 77244 5 77505 3 77765 2
52b267e20519174e3ce1e1994b5d677804b16bc670aa5f6ffb6344a0fdf63fde,82199 8 82458 9 82716 12 82975 14 83233 16 83491 18 83750 20 84009 22 84268 23 84527 24 84787 24 85046 25 85306 7 85319 12 85567 3 85580 11 85841 9 86101 9 86362 7
52b267e20519174e3ce1e1994b5d677804b16bc670aa5f6ffb6344a0fdf63fde,48916 6 49174 13 49433 15 49693 16 49954 15 50215 14 50475 14 50736 12 50997 11 51258 9 51521 4
52b267e20519174e3ce1e1994b5d677804b16bc670aa5f6ffb6344a0fdf63fde,21361 6 21620 12 21880 14 22139 16 22399 16 22659 15 22919 14 23179 12 23440 10 23701 7
52b267e20519174e3ce1e1994b5d677804b16bc670aa5f6ffb6344a0fdf63fde,34644 3 34900 8 35157 12 35415 14 35674 14 35932 16 36191 16 36449 15 36709 12 36969 6
52b267e20519174e3ce1e1994b5d677804b16bc670aa5f6ffb6344a0fdf63fde,43478 5 43736 9 43995 11 44254 12 44513 14 44772 14 45031 15 45290 15 45550 14 45810 13 46070 11 46331 8 46593 2
52b267e20519174e3ce1e1994b5d677804b16bc670aa5f6ffb6344a0fdf63fde,65592 3 65850 6 66108 8 66367 8 66625 10 66884 10 67143 10 67401 10 67660 10 67918 11 68177 11 68436 10 68696 9 68955 9 69215 8 69475 6 69736 3
52b267e20519174e3ce1e1994b5d677804b16bc670aa5f6ffb6344a0fdf63fde,14650 6 14908 9 15166 12 15425 13 15684 14 15944 14 16205 13 16467 12 16728 11 16989 19 17251 18 17513 15 17774 14 18034 12 18294 11 18554 10 18814 10 19073 11 19333 12 19592 12 19852 11 20112 11 20355 6 20371 11 20614 9 20629 10 20874 24 21133 24 21393 24 21653 23 21912 24 22172 24 22431 25 22689 26 22947 28 23206 29 23464 30 23723 31 23982 30 24242 27 24502 26 24761 26 25021 25 25281 22 25541 19 25802 10 26062 8 26324 3
52b267e20519174e3ce1e1994b5d677804b16bc670aa5f6ffb6344a0fdf63fde,55973 8 56231 10 56254 4 56489 12 56510 10 56748 13 56769 12 57007 14 57027 14 57266 15 57286 16 57526 14 57545 17 57785 15 57805 16 58045 15 58064 17 58305 14 58323 17 58566 14 58583 16 58827 31 59089 28 59353 22 59613 19 59873 10 59884 6 60133 10 60392 10 60653 9 60913 8 61174 5 61433 4 61691 4 61949 6 62208 7 62467 8 62727 8 62987 8 63247 8 63507 7 63767 6 64029 3
52b267e20519174e3ce1e1994b5d677804b16bc670aa5f6ffb6344a0fdf63fde,2157 1 2415 6 2430 1 2432 2 2673 9 2687 11 2932 11 2945 14 3192 28 3451 29 3711 29 3971 28 4231 27 4493 23 4755 5 4765 9
52b267e20519174e3ce1e1994b5d677804b16bc670aa5f6ffb6344a0fdf63fde,77052 3 77309 8 77567 10 77826 11 78086 11 78345 11 78605 11 78865 11 79126 10 79386 9 79648 7 79909 4
52b267e20519174e3ce1e1994b5d677804b16bc670aa5f6ffb6344a0fdf63fde,6339 9 6597 14 6856 16 7116 17 7375 18 7635 18 7894 19 8152 21 8409 24 8668 8 8681 11 8928 7 9188 6 9448 5 9707 5 9967 5 10228 4
52b267e20519174e3ce1e1994b5d677804b16bc670aa5f6ffb6344a0fdf63fde,60156 5 60415 7 60675 7 60935 7 61195 7 61455 8 61715 8 61975 9 62234 11 62493 12 62750 15 63008 16 63267 17 63527 16 63787 15 64047 13 64307 7 64568 5
52b267e20519174e3ce1e1994b5d677804b16bc670aa5f6ffb6344a0fdf63fde,42477 6 42735 8 42994 9 43253 10 43513 10 43772 11 44031 12 44291 12 44551 11 44810 12 45070 11 45330 10 45590 10 45850 9 46110 8 46370 6 46632 2
52b267e20519174e3ce1e1994b5d677804b16bc670aa5f6ffb6344a0fdf63fde,28187 3 28443 10 28701 13 28959 16 29218 17 29477 18 29737 18 29997 17 30257 18 30518 18 30779 18 31039 18 31299 18 31559 18 31819 17 32078 16 32338 15 32598 10 32859 3
52b267e20519174e3ce1e1994b5d677804b16bc670aa5f6ffb6344a0fdf63fde,50296 9 50555 13 50814 15 51073 17 51333 18 51592 20 51852 20 52112 20 52372 19 52632 18 52893 15 53153 14 53413 13 53674 12 53934 11 54194 11 54454 10 54714 9 54974 9 55235 7 55495 7 55756 6 56017 4
52b267e20519174e3ce1e1994b5d677804b16bc670aa5f6ffb6344a0fdf63fde,33926 4 34184 8 34442 11 34702 11 34963 10 35223 10 35483 10 35743 10 36003 9 36264 8 36524 7 36784 7 37043 6 37303 5 37563 4
52b267e20519174e3ce1e1994b5d677804b16bc670aa5f6ffb6344a0fdf63fde,69287 3 69545 8 69803 11 70062 12 70322 12 70582 12 70842 12 71102 11 71362 10 71624 5
52b267e20519174e3ce1e1994b5d677804b16bc670aa5f6ffb6344a0fdf63fde,84911 3 85170 5 85429 7 85686 11 85945 12 86203 13 86450 4 86461 15 86708 27 86968 26 87227 25 87487 24 87746 24 88006 23 88267 21 88527 20 88788 19 89048 20 89072 4 89309 20 89330 8 89569 33 89828 35 90087 37
52b267e20519174e3ce1e1994b5d677804b16bc670aa5f6ffb6344a0fdf63fde,14955 1 15211 7 15470 9 15728 12 15988 13 16247 14 16507 15 16767 17 17028 17 17288 17 17549 15 17809 14 18070 11 18331 8 18594 2
52b267e20519174e3ce1e1994b5d677804b16bc670aa5f6ffb6344a0fdf63fde,38873 5 39131 8 39390 10 39649 12 39909 12 40168 13 40428 13 40689 11 40949 10 41210 8 41471 6 41734 1
52b267e20519174e3ce1e1994b5d677804b16bc670aa5f6ffb6344a0fdf63fde,54236 7 54494 10 54739 3 54753 12 54997 8 55011 14 55256 11 55270 15 55515 30 55775 30 56034 31 56294 31 56553 31 56813 31 57073 30 57333 30 57593 29 57853 13 57868 14 58112 11 58129 12 58372 9 58390 10 58632 8 58652 7 58892 7 59153 4
52b267e20519174e3ce1e1994b5d677804b16bc670aa5f6ffb6344a0fdf63fde,63578 1 63836 6 64094 9 64354 10 64613 11 64873 11 65133 11 65392 12 65652 12 65912 11 66173 10 66433 9 66694 7 66955 5
52b267e20519174e3ce1e1994b5d677804b16bc670aa5f6ffb6344a0fdf63fde,68554 2 68786 7 68812 7 69043 11 69059 5 69071 11 69302 13 69317 9 69329 14 69562 42 69822 42 70081 43 70340 44 70599 44 70859 37 71118 36 71378 14 71395 16 71636 16 71656 13 71894 18 71916 12 72153 19 72177 10 72413 20 72439 5 72673 21 72933 23 73193 24 73453 24 73713 24 73974 24 74235 23 74496 22 74757 21 75019 19 75281 17 75542 17 75802 17 76063 19 76324 21 76584 22 76845 22 77105 22 77367 20 77627 21 77888 20 78148 20 78409 19 78671 17 78934 14 79195 12 79456 10 79718 5
52b267e20519174e3ce1e1994b5d677804b16bc670aa5f6ffb6344a0fdf63fde,59677 1 59936 4 60195 6 60455 6 60715 6 60974 7 61234 7 61495 6 61755 5 62017 1
52b267e20519174e3ce1e1994b5d677804b16bc670aa5f6ffb6344a0fdf63fde,47460 5 47719 8 47979 8 48239 8 48498 9 48759 8 49019 8 49280 6
52b267e20519174e3ce1e1994b5d677804b16bc670aa5f6ffb6344a0fdf63fde,32933 4 33191 6 33434 4 33450 8 33691 12 33707 11 33950 28 34209 30 34469 30 34729 30 34989 30 35249 30 35509 30 35770 29 36031 28 36295 5 36304 15 36557 3 36565 13 36815 8 36825 12 37072 25 37331 14 37350 5 37589 16 37846 19 38106 19 38365 20 38625 20 38886 18 39147 17 39407 16 39668 13 39929 9 40192 2
52b267e20519174e3ce1e1994b5d677804b16bc670aa5f6ffb6344a0fdf63fde,80488 1 80747 9 81007 10 81267 10 81527 11 81788 9 82048 9 82312 4
52b267e20519174e3ce1e1994b5d677804b16bc670aa5f6ffb6344a0fdf63fde,59707 6 59966 8 60225 11 60480 16 60736 21 60994 24 61253 25 61512 26 61771 27 62030 29 62289 38 62548 41 62808 17 62827 24 63068 15 63088 24 63329 12 63348 25 63591 8 63608 25 63869 25 64129 25 64389 25 64650 24 64910 24 65171 6 65181 12 65432 3 65444 7 65705 5
52b267e20519174e3ce1e1994b5d677804b16bc670aa5f6ffb6344a0fdf63fde,20702 7 20961 8 21221 8 21481 8 21741 8 22002 6 22263 4 22525 1 22776 11 23034 14 23293 17 23552 19 23811 20 24071 19 24330 20 24590 19 24849 20 25109 20 25369 21 25629 22 25889 23 26149 23 26409 24 26670 23 26931 22 27191 22 27452 21 27725 8 27986 7 28248 4
52b267e20519174e3ce1e1994b5d677804b16bc670aa5f6ffb6344a0fdf63fde,66193 4 66451 9 66710 10 66970 10 67230 10 67490 1
52b267e20519174e3ce1e1994b5d677804b16bc670aa5f6ffb6344a0fdf63fde,45663 6 45922 8 46181 10 46440 11 46699 13 46959 13 47218 14 47477 14 47737 14 47996 14 48256 13 48516 12 48776 11 49036 10 49297 7
52b267e20519174e3ce1e1994b5d677804b16bc670aa5f6ffb6344a0fdf63fde,40467 4 40724 15 40982 18 41242 18 41501 20 41760 21 42020 21 42280 21 42540 20 42801 19 43062 16 43332 4
52b267e20519174e3ce1e1994b5d677804b16bc670aa5f6ffb6344a0fdf63fde,85189 4 85447 7 85706 8 85965 10 86224 11 86484 12 86743 13 87002 14 87262 13 87521 14 87781 13 88041 12 88301 11 88562 8 88823 5
52b267e20519174e3ce1e1994b5d677804b16bc670aa5f6ffb6344a0fdf63fde,16291 4 16550 7 16810 8 17070 8 17330 9 17589 10 17849 10 18109 11 18370 10 18630 10 18890 10 19150 9 19409 10 19669 10 19929 9 20189 9 20450 6
52b267e20519174e3ce1e1994b5d677804b16bc670aa5f6ffb6344a0fdf63fde,50612 6 50872 9 51131 11 51391 11 51651 11 51910 12 52170 12 52430 12 52690 11 52950 11 53210 10 53471 8 53733 3
52b267e20519174e3ce1e1994b5d677804b16bc670aa5f6ffb6344a0fdf63fde,89613 10 89872 12 90132 13
52b267e20519174e3ce1e1994b5d677804b16bc670aa5f6ffb6344a0fdf63fde,10320 4 10578 9 10836 14 11094 17 11353 19 11613 19 11873 19 12133 19 12393 18 12654 17 12914 17 13176 16 13438 14 13699 13 13960 12 14220 12 14481 11 14741 10 15002 7
52b267e20519174e3ce1e1994b5d677804b16bc670aa5f6ffb6344a0fdf63fde,65698 2 65957 4 66217 5 66477 5 66737 4 66997 3 67255 2 67515 2 67775 2
52b267e20519174e3ce1e1994b5d677804b16bc670aa5f6ffb6344a0fdf63fde,77399 6 77658 8 77918 8 78177 9 78437 9 78697 9 78957 9 79217 9 79477 10 79737 10 79997 9 80258 8 80518 8 80779 7 81040 6 81301 4
52b267e20519174e3ce1e1994b5d677804b16bc670aa5f6ffb6344a0fdf63fde,43871 5 44128 10 44387 12 44647 12 44906 13 45166 13 45425 14 45684 15 45944 15 46203 16 46462 17 46722 17 46982 17 47242 16 47502 16 47762 16 48022 15 48283 14 48544 12 48804 12 49065 10 49326 8 49586 6 49848 2
52b267e20519174e3ce1e1994b5d677804b16bc670aa5f6ffb6344a0fdf63fde,33471 1 33727 8 33985 11 34244 12 34504 12 34763 12 35023 12 35283 12 35543 12 35804 10 36064 10 36325 9 36586 7 36847 5
52b267e20519174e3ce1e1994b5d677804b16bc670aa5f6ffb6344a0fdf63fde,27490 5 27749 7 28008 8 28267 11 28526 13 28786 13 29045 14 29304 15 29564 15 29824 15 30084 14 30344 6 30352 5
52b267e20519174e3ce1e1994b5d677804b16bc670aa5f6ffb6344a0fdf63fde,81567 6 81826 9 82085 11 82345 12 82605 13 82864 14 83124 15 83384 15 83644 15 83905 14 84166 13 84429 10 84691 6 84952 4
52b267e20519174e3ce1e1994b5d677804b16bc670aa5f6ffb6344a0fdf63fde,67532 5 67791 8 68050 9 68310 10 68570 10 68830 10 69091 8 69352 7 69614 4
52b267e20519174e3ce1e1994b5d677804b16bc670aa5f6ffb6344a0fdf63fde,44666 6 44925 8 45184 9 45443 11 45702 12 45962 13 46221 18 46481 19 46741 19 47001 19 47261 19 47521 18 47781 17 48041 16 48300 16 48560 16 48819 16 49078 16 49338 16 49598 15 49858 14 50118 12 50380 8
52b267e20519174e3ce1e1994b5d677804b16bc670aa5f6ffb6344a0fdf63fde,53512 6 53768 11 54026 14 54284 16 54542 18 54801 18 55060 18 55319 18 55579 17 55838 15 56098 11 56358 8 56619 4
52b267e20519174e3ce1e1994b5d677804b16bc670aa5f6ffb6344a0fdf63fde,71701 3 71960 5 72219 7 72479 7 72738 9 72998 9 73258 10 73518 10 73778 10 74038 10 74298 10 74558 10 74819 8 75079 8 75339 8 75599 7 75859 7 76119 7 76379 7 76640 5 76902 2
52b267e20519174e3ce1e1994b5d677804b16bc670aa5f6ffb6344a0fdf63fde,62610 4 62869 6 63128 8 63387 10 63647 12 63907 15 64168 15 64430 14 64693 12 64955 10 65215 11 65474 12 65733 13 65990 16 66248 18 66508 18 66767 19 67024 22 67283 23 67542 23 67802 6 67812 13 68062 4 68073 11 68335 9 68596 7 68857 3
52b267e20519174e3ce1e1994b5d677804b16bc670aa5f6ffb6344a0fdf63fde,206 16 467 15 727 15 987 14 1247 14 1507 14 1766 15 2026 14 2286 15 2547 14 2807 15 3067 15 3328 15 3588 15 3849 13 4109 13 4370 12 4631 10 4893 7
52b267e20519174e3ce1e1994b5d677804b16bc670aa5f6ffb6344a0fdf63fde,41027 4 41287 5 41547 6 41807 5
52b267e20519174e3ce1e1994b5d677804b16bc670aa5f6ffb6344a0fdf63fde,35062 6 35320 9 35571 18 35830 19 36089 20 36349 20 36608 20 36868 19 37128 18 37388 16 37648 15 37908 14 38169 12 38430 10 38691 6
52b267e20519174e3ce1e1994b5d677804b16bc670aa5f6ffb6344a0fdf63fde,56114 4 56372 6 56631 6 56891 6 57150 6 57411 5 57671 4
52b267e20519174e3ce1e1994b5d677804b16bc670aa5f6ffb6344a0fdf63fde,84196 5 84455 7 84714 9 84973 11 85232 13 85492 13 85752 14 86013 13 86273 13 86533 13 86794 11 87055 10 87316 8 87578 5 87840 2
52b267e20519174e3ce1e1994b5d677804b16bc670aa5f6ffb6344a0fdf63fde,11923 1 12180 6 12439 8 12698 9 12957 10 13217 11 13476 18 13736 19 13996 19 14256 19 14516 18 14776 18 15036 18 15297 17 15559 14 15822 11 16082 10 16342 9 16603 7 16864 5
52b267e20519174e3ce1e1994b5d677804b16bc670aa5f6ffb6344a0fdf63fde,88621 6 88880 8 89139 10 89398 11 89657 13 89916 14 90176 14
52b267e20519174e3ce1e1994b5d677804b16bc670aa5f6ffb6344a0fdf63fde,25442 7 25700 10 25959 12 26218 13 26478 13 26738 13 26998 13 27258 13 27518 12 27779 10 28040 7
52b267e20519174e3ce1e1994b5d677804b16bc670aa5f6ffb6344a0fdf63fde,52229 6 52241 3 52488 18 52747 20 53006 21 53266 22 53525 23 53784 24 54043 25 54302 26 54561 27 54821 26 55080 17 55339 17 55599 15 55859 14 56120 11 56382 6
52b267e20519174e3ce1e1994b5d677804b16bc670aa5f6ffb6344a0fdf63fde,66796 5 67055 7 67313 9 67572 10 67831 11 68089 13 68348 14 68607 14 68867 13 69126 14 69386 13 69646 12 69906 12 70165 12 70425 12 70684 12 70943 13 71202 14 71461 14 71721 14 71982 12 72244 8
52b267e20519174e3ce1e1994b5d677804b16bc670aa5f6ffb6344a0fdf63fde,231 17 491 17 753 14 1015 11 1278 6
52b267e20519174e3ce1e1994b5d677804b16bc670aa5f6ffb6344a0fdf63fde,56394 3 56653 8 56913 11 57172 15 57432 15 57692 16 57952 19 58212 21 58473 21 58734 21 58996 20 59257 5 59264 17 59526 15 59787 14 60048 13 60309 12 60573 8 60833 8 61094 7 61355 6 61619 2
52b267e20519174e3ce1e1994b5d677804b16bc670aa5f6ffb6344a0fdf63fde,46780 3 47039 4 47297 6 47556 10 47815 12 48075 12 48335 12 48595 12 48858 8 49119 7
52b267e20519174e3ce1e1994b5d677804b16bc670aa5f6ffb6344a0fdf63fde,75381 9 75639 12 75899 12 76159 12 76418 14 76678 14 76938 13 77198 13 77458 13 77719 12 77979 12 77999 2 78240 21 78500 21 78761 20 79022 6 79030 11 79283 4 79290 11 79551 10 79811 10 80071 10 80331 10 80592 9 80853 8 81115 6 81379 2
52b267e20519174e3ce1e1994b5d677804b16bc670aa5f6ffb6344a0fdf63fde,11421 8 11680 14 11939 18 12199 20 12460 21 12721 20 12982 19 13243 16 13505 12 13769 3
52b267e20519174e3ce1e1994b5d677804b16bc670aa5f6ffb6344a0fdf63fde,27805 3 28063 6 28321 9 28580 11 28839 13 28859 2 29099 13 29118 3 29359 14 29377 4 29619 14 29636 5 29879 15 29896 5 30139 22 30399 22 30659 22 30920 21 31181 12 31195 6 31444 8 31456 5 31717 4 31978 3
52b267e20519174e3ce1e1994b5d677804b16bc670aa5f6ffb6344a0fdf63fde,17678 3 17936 5 18192 9 18450 11 18709 12 18968 13 19227 14 19487 14 19747 14 20007 14 20267 14 20527 14 20787 14 21048 13 21317 1
52b267e20519174e3ce1e1994b5d677804b16bc670aa5f6ffb6344a0fdf63fde,35878 3 36137 4 36395 6 36654 7 36913 8 37172 9 37431 10 37690 11 37949 12 38209 12 38469 12 38729 12 38990 11 39250 11 39511 10 39771 10 40032 9 40293 8 40553 6
52b267e20519174e3ce1e1994b5d677804b16bc670aa5f6ffb6344a0fdf63fde,6500 1 6758 3 7014 7 7273 8 7533 8 7792 9 8052 9 8312 9 8572 9 8832 9 9093 6
52b267e20519174e3ce1e1994b5d677804b16bc670aa5f6ffb6344a0fdf63fde,21838 2 22096 5 22355 6 22614 7 22874 7 23133 8 23393 8 23653 8 23913 8 24173 8 24432 9 24693 8 24953 8 25213 8 25473 8 25733 8 25993 6 26255 2
52b267e20519174e3ce1e1994b5d677804b16bc670aa5f6ffb6344a0fdf63fde,68378 3 68636 5 68895 6 69155 6 69414 7 69673 8 69932 9 70192 9 70452 9 70712 9 70973 5
52b267e20519174e3ce1e1994b5d677804b16bc670aa5f6ffb6344a0fdf63fde,254 7 514 7 774 7 1035 6 1295 6 1555 6 1816 5 2077 4 2338 3 2598 3
53df5150ee56253fe5bc91a9230d377bb21f1300f443ba45a758bcb01a15c0e4,60677 2 60930 8 61185 11 61441 12 61697 13 61953 14 62209 15 62465 16 62721 17 62977 17 63233 18 63489 18 63745 19 64001 19 64257 20 64514 19 64771 18 65027 18 65284 18
53df5150ee56253fe5bc91a9230d377bb21f1300f443ba45a758bcb01a15c0e4,21767 4 22021 7 22276 8 22531 10 22787 10 23043 10 23298 11 23554 10 23811 9 24067 8 24324 6 24581 3
53df5150ee56253fe5bc91a9230d377bb21f1300f443ba45a758bcb01a15c0e4,12845 2 13100 5 13355 8 13611 9 13867 10 14123 11 14380 11 14636 12 14893 11 15150 10 15407 9 15664 8 15922 5
53df5150ee56253fe5bc91a9230d377bb21f1300f443ba45a758bcb01a15c0e4,34120 4 34374 7 34629 9 34884 10 35139 11 35395 11 35651 10 35907 10 36163 9 36419 8 36676 7 36933 4
53df5150ee56253fe5bc91a9230d377bb21f1300f443ba45a758bcb01a15c0e4,21602 6 21857 9 22113 10 22369 11 22625 12 22881 12 23137 12 23393 12 23650 11 23907 10 24164 8 24422 5
53df5150ee56253fe5bc91a9230d377bb21f1300f443ba45a758bcb01a15c0e4,12661 5 12916 7 13171 9 13427 10 13683 11 13939 11 14196 11 14452 11 14709 9 14966 8 15223 6
53df5150ee56253fe5bc91a9230d377bb21f1300f443ba45a758bcb01a15c0e4,51343 4 51598 6 51854 7 52109 9 52365 9 52621 9 52876 10 53132 10 53388 10 53644 10 53900 10 54156 10 54412 10 54668 10 54925 8 55181 7 55438 6 55695 4
53df5150ee56253fe5bc91a9230d377bb21f1300f443ba45a758bcb01a15c0e4,30101 2 30355 6 30610 7 30866 8 31121 9 31377 9 31633 9 31888 10 32144 10 32400 10 32657 8 32913 7 33171 2
53df5150ee56253fe5bc91a9230d377bb21f1300f443ba45a758bcb01a15c0e4,2210 4 2464 8 2719 11 2975 12 3231 13 3487 14 3743 15 3999 15 4256 15 4514 13 4772 10 5029 9 5287 5
53df5150ee56253fe5bc91a9230d377bb21f1300f443ba45a758bcb01a15c0e4,28328 2 28582 7 28837 9 29092 10 29348 11 29604 12 29860 12 30116 13 30372 13 30628 13 30885 12 31141 11 31398 10 31654 9 31911 7 32168 5
53df5150ee56253fe5bc91a9230d377bb21f1300f443ba45a758bcb01a15c0e4,20435 4 20690 6 20945 8 21201 9 21456 10 21712 10 21968 11 22224 11 22480 11 22737 10 22993 10 23249 10 23506 9 23763 7 24020 5
53df5150ee56253fe5bc91a9230d377bb21f1300f443ba45a758bcb01a15c0e4,213 10 469 11 725 12 980 14 1236 14 1492 15 1748 15 2004 15 2260 15 2516 16 2773 15 3029 15 3285 15 3542 14 3799 12 4056 10 4317 4
53df5150ee56253fe5bc91a9230d377bb21f1300f443ba45a758bcb01a15c0e4,54244 2 54498 7 54753 9 55008 12 55264 13 55520 14 55776 14 56032 15 56288 16 56545 15 56802 15 57058 16 57315 15 57572 15 57829 14 58086 13 58343 12 58600 11 58857 9 59114 8 59372 5
550450e4bff4036fd671decdc5d42fec23578198d6a2fd79179c4368b9d6da18,5 20 525 19 1045 17 1565 15 2085 14 2605 14 3125 15 3644 17 4163 19 4681 21 5201 21 5721 20 6241 20 6761 19 7281 18 7801 17 8326 11 8848 7
550450e4bff4036fd671decdc5d42fec23578198d6a2fd79179c4368b9d6da18,33281 1 33801 2 34321 2 34841 3 35361 3 35881 3 36401 3 36921 3 37441 3 37961 3 38481 3 39001 4 39521 7 40041 10 40561 12 41081 13 41601 14 42121 15 42641 16 43161 16 43681 17 44201 17 44721 17 45241 17 45761 17 46281 17 46801 17 47321 17 47841 16 48361 16 48881 16 49401 16 49921 15 50441 14 50961 13 51481 11 52001 9 52521 5
550450e4bff4036fd671decdc5d42fec23578198d6a2fd79179c4368b9d6da18,77481 1 78001 2 78521 3 79041 3 79561 4 80081 4 80601 4 81121 4 81641 4 82161 3 82681 3 83201 2 83721 1
550450e4bff4036fd671decdc5d42fec23578198d6a2fd79179c4368b9d6da18,97257 10 97775 13 98294 15 98812 18 99331 19 99850 20 100368 22 100887 23 101406 23 101925 23 102444 22 102963 20 103483 16 104002 12 104521 12 105041 11 105561 10 106081 9 106602 7 107121 8 107641 8 108161 7 108681 7 109201 7 109721 6 110241 6 110761 5 111281 4
550450e4bff4036fd671decdc5d42fec23578198d6a2fd79179c4368b9d6da18,176801 2 177321 3 177841 4 178361 5 178881 6 179401 6 179921 5 180441 5
550450e4bff4036fd671decdc5d42fec23578198d6a2fd79179c4368b9d6da18,136771 4 137289 6 137808 8 138327 10 138846 12 139366 13 139886 13 140406 14 140925 16 141445 16 141965 15 142486 13 143007 9 143529 5
550450e4bff4036fd671decdc5d42fec23578198d6a2fd79179c4368b9d6da18,83739 6 84256 11 84774 14 85292 17 85811 19 86330 20 86850 20 87369 22 87889 21 88409 21 88929 21 89449 21 89970 19 90490 18 91011 16 91531 14 92052 11 92572 11 93093 10 93614 8 94135 6 94657 2
550450e4bff4036fd671decdc5d42fec23578198d6a2fd79179c4368b9d6da18,71260 8 71778 13 72297 15 72816 18 73335 19 73855 20 74374 21 74893 22 75412 22 75932 22 76451 22 76971 22 77491 20 78011 19 78531 17 79052 15 79573 13 80094 11 80615 9 81136 7 81659 3
550450e4bff4036fd671decdc5d42fec23578198d6a2fd79179c4368b9d6da18,154976 5 155495 10 156014 13 156533 15 157053 16 157573 17 158093 18 158612 20 159132 21 159653 20 160173 21 160693 21 161214 20 161735 19 162255 19 162776 18 163298 15 163820 12 164343 8 164867 3
550450e4bff4036fd671decdc5d42fec23578198d6a2fd79179c4368b9d6da18,118062 4 118581 6 119100 8 119620 9 120140 9 120663 6 121183 6 121695 4 121702 5 122214 12 122735 10
550450e4bff4036fd671decdc5d42fec23578198d6a2fd79179c4368b9d6da18,40600 7 41118 10 41637 12 41660 7 42156 14 42179 9 42675 16 42698 11 43194 17 43218 11 43714 17 43738 11 44233 18 44257 12 44752 19 44777 13 45272 19 45297 13 45792 19 45816 15 46311 20 46336 15 46831 20 46855 17 47351 19 47374 18 47871 19 47893 19 48392 40 48912 40 49433 14 49448 24 49955 8 49968 24 50487 25 51007 25 51527 24 52047 24 52567 23 53088 21 53608 20 54129 17 54650 14 55171 11 55692 1 56208 7 56709 2 56726 11 57228 5 57245 16 57746 8 57764 19 58265 12 58283 21 58783 17 58802 23 59302 44 59821 45 60340 46 60860 46 61380 44 61900 41 62420 38 62941 36 63461 34 63982 32 64503 31 65025 14 65045 10 65549 7 65565 11 66085 16 66605 18 67126 17 67646 18 68166 18 68687 17 69208 17 69729 16 70250 15 70771 14 71292 13 71814 11 72336 7
550450e4bff4036fd671decdc5d42fec23578198d6a2fd79179c4368b9d6da18,26035 6 26552 11 27071 14 27589 18 28108 20 28628 21 29147 22 29666 24 30185 25 30703 27 31222 29 31742 29 32261 29 32781 29 33301 29 33822 27 34342 27 34863 25 35384 23 35906 19 36429 14
550450e4bff4036fd671decdc5d42fec23578198d6a2fd79179c4368b9d6da18,127961 9 128478 14 128996 16 129514 18 130032 20 130549 23 131066 25 131585 25 132103 27 132623 26 133143 25 133662 25 134181 25 134701 24 135221 22 135741 20 136261 18 136782 14 137305 8 137828 3
550450e4bff4036fd671decdc5d42fec23578198d6a2fd79179c4368b9d6da18,167986 6 168505 10 169024 13 169544 19 170064 21 170584 20 171105 17 171626 13 172147 5 172667 5 173186 8 173706 9 174225 10 174745 11 175263 13 175782 14 176302 14 176822 15 177342 15 177862 15 178382 15 178902 14 179422 14 179942 13 180462 13
550450e4bff4036fd671decdc5d42fec23578198d6a2fd79179c4368b9d6da18,106106 4 106625 7 107145 12 107665 13 108185 14 108704 15 109224 15 109744 15 110263 16 110784 14 111304 13 111826 3
550450e4bff4036fd671decdc5d42fec23578198d6a2fd79179c4368b9d6da18,50469 2 50987 6 51507 7 52026 8 52547 7 53067 7 53587 7 54107 7 54627 6 55148 5 55669 3
550450e4bff4036fd671decdc5d42fec23578198d6a2fd79179c4368b9d6da18,35 19 555 19 1074 21 1593 23 2113 23 2632 25 3152 25 3671 26 4191 26 4711 27 5231 26 5752 25 6272 25 6792 25 7313 23 7833 23 8354 21 8874 20 9395 18 9916 16 10436 15 10955 15 11475 14 11994 14 12514 13 13033 13 13553 10 14073 6 14593 5 15114 2
550450e4bff4036fd671decdc5d42fec23578198d6a2fd79179c4368b9d6da18,139937 2 140454 8 140972 12 141488 18 142007 20 142526 21 143046 22 143566 21 144086 21 144607 19 145127 18 145648 16 146168 15 146688 14 147208 10 147728 8 148247 9 148765 11 149284 13 149804 13 150323 15 150843 16 151363 16 151882 18 152402 18 152922 18 153442 19 153471 7 153963 18 153990 9 154483 18 154509 11 155003 19 155028 13 155524 18 155547 14 156044 18 156064 17 156565 36 157086 35 157607 33 158128 32 158649 9 158661 18 159170 6 159181 17 159702 16 160222 15 160743 13 161264 11 161785 8 162307 5
550450e4bff4036fd671decdc5d42fec23578198d6a2fd79179c4368b9d6da18,109775 6 110292 12 110810 16 111329 18 111848 20 112367 22 112886 24 113405 26 113924 27 114444 27 114963 29 115483 29 116003 29 116523 30 117043 30 117087 7 117563 31 117606 9 118083 32 118125 10 118604 34 118642 14 119125 34 119161 16 119645 53 120167 57 120688 58 121210 15 121227 40 121732 8 121750 38 122271 16 122288 21 122792 12 122810 20 123312 9 123330 21 123832 6 123851 20 124351 4 124372 20 124892 20 125412 20 125933 19 126453 18 126973 17 127494 15 128016 7
550450e4bff4036fd671decdc5d42fec23578198d6a2fd79179c4368b9d6da18,96771 4 97288 13 97807 16 98326 19 98845 21 99365 21 99885 22 100405 22 100925 23 101445 23 101966 22 102486 22 103007 21 103528 19 104049 18 104569 18 105090 16 105612 13 106139 5
550450e4bff4036fd671decdc5d42fec23578198d6a2fd79179c4368b9d6da18,133737 6 134255 10 134774 14 135292 18 135812 19 136331 21 136851 21 137371 21 137891 21 138411 21 138931 20 139452 18 139973 17 140495 14 141016 11 141536 11 142056 11 142576 12 143095 14 143615 15 144135 16 144655 16 145175 17 145695 17 146216 16 146736 16 147256 16 147776 15 148296 14 148817 11 149338 6 149348 9 149867 12 150386 15 150898 6 150905 11 150917 5 151409 22 151439 4 151928 23 151961 2 152447 24 152481 2 152966 25 153486 25 154006 25 154526 25 154561 1 155046 26 155080 3 155566 27 155599 4 156087 28 156117 5 156607 35 157127 35 157647 35 158169 34 158690 33 159212 32 159734 11 159749 15 160254 8 160269 16 160772 10 160789 16 161290 12 161309 17 161809 13 161829 17 162328 15 162349 17 162848 15 162869 17 163368 15 163390 16 163888 14 163910 16 164377 3 164408 14 164431 15 164896 6 164927 14 164951 14 165415 10 165445 16 165472 12 165934 13 165964 17 165993 11 166454 15 166483 18 166514 9 166974 16 167002 20 167037 4 167493 18 167522 21 168013 20 168041 23 168532 25 168559 25 169052 53 169572 53 170091 54 170611 54 171131 54 171651 54 172171 54 172692 52 173212 52 173732 51 174252 50 174772 48 175293 45 175813 45 176333 44 176854 16 176875 22 177374 15 177396 21 177895 13 177917 19 178416 10 178438 18 178937 8 178960 15 179459 4 179482 12 180004 10 180526 7
550450e4bff4036fd671decdc5d42fec23578198d6a2fd79179c4368b9d6da18,18274 7 18792 11 19310 14 19830 15 20349 17 20868 18 21387 19 21907 20 22426 21 22946 21 23466 20 23986 20 24506 20 25026 19 25546 19 26066 18 26586 17 27106 16 27626 15 28147 14 28667 13 29188 13 29708 14 30228 15 30747 17 31267 18 31787 18 32306 20 32826 20 33345 21 33864 22 34383 23 34902 23 35421 22 35941 21 36460 22 36980 19 37500 12 38021 10 38541 9 39062 7 39583 4
550450e4bff4036fd671decdc5d42fec23578198d6a2fd79179c4368b9d6da18,60915 9 61431 15 61948 19 62467 21 62986 23 63506 23 64026 23 64546 23 65066 23 65586 23 66107 21 66628 19 67149 17 67671 14 68194 8
550450e4bff4036fd671decdc5d42fec23578198d6a2fd79179c4368b9d6da18,1634 4 2152 11 2670 14 3189 16 3709 16 4228 18 4748 19 5268 19 5787 20 6307 20 6827 20 7347 20 7867 20 8387 19 8908 18 9428 17 9948 16 10469 14 10990 12 11511 10 12032 7
550450e4bff4036fd671decdc5d42fec23578198d6a2fd79179c4368b9d6da18,79187 1 79705 5 80224 7 80742 9 81261 10 81780 11 82299 12 82818 13 83337 14 83857 13 84376 14 84895 15 85414 15 85933 16 86453 15 86972 15 87491 16 88010 16 88530 16 89050 15 89570 15 90035 8 90090 14 90554 12 90610 14 91073 14 91128 15 91592 16 91644 19 92112 17 92162 21 92631 19 92681 21 93150 20 93199 22 93670 21 93718 22 94189 22 94237 22 94709 22 94736 3 94756 22 95229 22 95255 4 95268 30 95749 22 95774 6 95785 33 96268 23 96293 7 96304 35 96789 21 96813 46 97309 70 97829 69 98349 69 98870 66 99390 64 99911 15 99927 45 100432 12 100448 44 100954 8 100970 43 101491 42 102013 41 102534 40 103055 39 103577 38 104099 36 104622 32 105150 24 105672 22 106193 20 106714 18 107234 17 107755 14 108276 12 108798 5
550450e4bff4036fd671decdc5d42fec23578198d6a2fd79179c4368b9d6da18,104089 3 104606 8 105124 11 105642 14 106160 16 106678 18 107197 19 107716 20 108235 21 108755 21 109274 21 109794 21 110314 20 110835 17 111355 15 111876 10 112397 7 112919 3
550450e4bff4036fd671decdc5d42fec23578198d6a2fd79179c4368b9d6da18,139445 2 139964 5 140483 7 141002 8 141522 8 142042 8 142564 2
550450e4bff4036fd671decdc5d42fec23578198d6a2fd79179c4368b9d6da18,71854 7 72372 11 72891 13 73410 14 73928 16 74448 16 74967 16 75486 16 76006 16 76525 12 76539 3 77045 11 77060 2 77565 16 78084 17 78604 16 79124 16 79644 15 80165 14 80685 13 81205 12 81726 11 82246 11 82768 8 83289 7
550450e4bff4036fd671decdc5d42fec23578198d6a2fd79179c4368b9d6da18,40667 7 41185 10 41702 13 42221 15 42740 6 42749 7 43259 6 43269 7 43778 7 43789 8 44298 7 44308 9 44818 7 44827 9 45338 18 45858 18 46378 18 46898 17 47419 16 47939 14 48460 10 48982 5
550450e4bff4036fd671decdc5d42fec23578198d6a2fd79179c4368b9d6da18,20906 4 21425 6 21944 8 22464 8 22984 9 23504 8 24023 9 24542 9 25062 8
550450e4bff4036fd671decdc5d42fec23578198d6a2fd79179c4368b9d6da18,104 26 624 26 1146 6 1157 14 1677 18 2198 20 2719 21 3241 21 3763 21 4284 22 4805 22 5324 24 5843 26 6362 28 6881 29 7401 30 7921 30 8441 30 8961 30 9482 29 10002 28 10523 27 11043 26 11562 24 12082 19 12601 19 13121 19 13641 19 14160 20 14680 20 15199 21 15719 21 16238 25 16758 27 17277 29 17797 30 18317 31 18837 31 19357 32 19878 4 19885 25 20405 26 20925 26 21445 26 21966 25 22486 25 23006 24 23526 23 24047 20 24567 18 25088 14 25608 12 26129 9 26652 3
550450e4bff4036fd671decdc5d42fec23578198d6a2fd79179c4368b9d6da18,111390 3 111908 7 112428 8 112947 10 113467 10 113987 11 114507 12 115028 11 115549 12 116070 12 116593 10 117114 9 117634 9 118155 7 118676 6 119198 3
550450e4bff4036fd671decdc5d42fec23578198d6a2fd79179c4368b9d6da18,166532 4 166562 3 167050 8 167077 12 167568 12 167595 13 168085 16 168113 14 168601 25 168631 14 169119 28 169148 16 169638 46 170156 47 170673 49 171191 50 171710 50 172230 49 172749 49 173268 49 173788 48 174307 48 174827 46 175347 44 175867 43 176387 42 176907 31 176939 8 177427 28 177951 4 177961 13 178483 9 179005 5
550450e4bff4036fd671decdc5d42fec23578198d6a2fd79179c4368b9d6da18,85396 5 85913 9 86432 11 86951 11 87471 11 87990 11 88510 10 89029 10 89549 10 90069 9 90590 8 91110 7 91632 3
550450e4bff4036fd671decdc5d42fec23578198d6a2fd79179c4368b9d6da18,136891 5 137409 10 137927 15 138446 17 138965 19 139484 22 140003 23 140523 24 141043 24 141563 24 142083 24 142603 24 143124 23 143644 23 144164 22 144685 20 145205 18 145724 18 146243 16 146763 15 147282 16 147803 14 148323 14 148844 13 149366 11 149888 7
550450e4bff4036fd671decdc5d42fec23578198d6a2fd79179c4368b9d6da18,74490 5 75008 9 75527 12 76045 16 76564 18 77083 19 77603 19 78123 19 78643 18 79163 17 79683 15 80204 12 80726 8
550450e4bff4036fd671decdc5d42fec23578198d6a2fd79179c4368b9d6da18,99469 12 99988 15 100507 17 101027 18 101546 20 102066 20 102586 20 103104 23 103623 24 104143 24 104663 23 105184 22 105704 21 106223 21 106742 22 107260 24 107780 24 108299 26 108819 26 109340 25 109860 25 110381 23 110902 21 111423 19 111944 16 112464 14 112976 3 112985 5 113494 13 114012 15 114531 16 115051 17 115570 18 116090 18 116610 18 117130 17 117650 17 118170 16 118689 17 119209 16 119730 14 120251 11 120772 3
550450e4bff4036fd671decdc5d42fec23578198d6a2fd79179c4368b9d6da18,43815 10 44331 16 44358 3 44850 18 44876 6 45370 19 45394 8 45890 20 45913 9 46410 33 46931 33 47452 32 47972 32 48494 29 49016 27 49544 18 50064 17 50584 8 50594 6 51104 7 51114 5 51623 9 51634 4 52142 10 52154 3 52661 11 52674 2 53182 13 53706 8 54226 7 54746 5 55265 4 55785 1
550450e4bff4036fd671decdc5d42fec23578198d6a2fd79179c4368b9d6da18,144 13 664 14 1185 13 1706 12 2226 11 2747 10 3268 9 3788 8 4309 6 4831 2
550450e4bff4036fd671decdc5d42fec23578198d6a2fd79179c4368b9d6da18,86476 9 86994 14 87512 17 88031 19 88550 21 89070 21 89589 23 90109 23 90628 24 91148 15 91165 7 91668 14 91686 6 92188 14 92206 5 92709 13 92726 4 93229 14 93245 5 93750 6 93758 10 94272 3 94279 4
550450e4bff4036fd671decdc5d42fec23578198d6a2fd79179c4368b9d6da18,71932 2 72450 9 72968 12 73486 16 74005 18 74524 20 75044 22 75563 23 76082 25 76602 25 77121 25 77641 24 78161 23 78681 22 79201 21 79721 19 80241 18 80761 18 81281 17 81801 17 82321 16 82841 15 83362 14 83882 13 84404 11 84926 8
550450e4bff4036fd671decdc5d42fec23578198d6a2fd79179c4368b9d6da18,170728 7 171246 11 171765 13 172284 14 172804 15 173325 14 173843 16 174362 17 174882 16 175402 16 175923 2 175927 10 176448 8 176969 5
550450e4bff4036fd671decdc5d42fec23578198d6a2fd79179c4368b9d6da18,109376 4 109891 11 110408 15 110927 17 111446 20 111467 2 111965 25 112484 27 113004 27 113524 27 113567 4 114044 26 114086 7 114563 27 114605 9 115083 28 115119 16 115604 27 115637 18 116124 27 116155 20 116645 26 116673 22 117165 49 117685 48 118205 46 118726 44 119247 43 119768 42 120289 42 120811 40 121332 16 121350 22 121854 12 121871 21 122375 8 122391 21 122894 8 122911 21 123412 10 123431 21 123931 12 123951 21 124451 12 124472 19 124972 12 124992 19 125492 12 125513 17 126011 13 126033 16 126531 13 126554 14 127052 12 127074 13 127573 10 127596 9 128094 9 128117 4 128615 7
550450e4bff4036fd671decdc5d42fec23578198d6a2fd79179c4368b9d6da18,59971 7 60490 9 61009 11 61529 11 62049 12 62568 13 63088 13 63609 13 64129 12 64649 12 65170 11 65691 10 66212 8 66733 6 67255 2
550450e4bff4036fd671decdc5d42fec23578198d6a2fd79179c4368b9d6da18,19420 1 19938 5 20456 8 20975 10 21493 12 22012 13 22531 13 23050 14 23569 15 24089 15 24609 14 25129 14 25649 14 26169 23 26690 24 27210 25 27731 25 28251 25 28771 26 29291 26 29811 25 30331 25 30851 23 31371 21 31891 18 32411 17 32932 13 33453 9
550450e4bff4036fd671decdc5d42fec23578198d6a2fd79179c4368b9d6da18,132272 7 132789 12 133306 16 133824 19 134343 22 134862 23 135381 25 135900 26 135939 2 136419 34 136456 6 136939 44 137458 46 137978 46 138497 48 139017 48 139537 48 140056 50 140576 50 141096 49 141616 49 142136 49 142656 48 143177 46 143697 45 144217 44 144738 36 145259 21 145284 8 145780 18 145805 5 146302 15 146823 13 147345 10 147866 7 148388 3
550450e4bff4036fd671decdc5d42fec23578198d6a2fd79179c4368b9d6da18,4863 9 5381 13 5900 15 6419 17 6938 19 7458 19 7977 21 8497 21 9017 21 9537 22 10057 22 10577 22 11097 22 11617 22 12138 20 12659 19 13179 18 13701 15 14222 13 14746 6
550450e4bff4036fd671decdc5d42fec23578198d6a2fd79179c4368b9d6da18,36585 4 37103 8 37622 10 38141 12 38661 13 39180 14 39700 15 40220 15 40739 16 41259 15 41779 15 42299 14 42820 11 43341 8 43863 3
550450e4bff4036fd671decdc5d42fec23578198d6a2fd79179c4368b9d6da18,167110 6 167629 9 168148 11 168668 12 169187 13 169707 13 170227 12 170747 12 171267 13 171786 15 172307 13 172827 13 173347 13 173868 12 174390 9 174912 6
550450e4bff4036fd671decdc5d42fec23578198d6a2fd79179c4368b9d6da18,41803 3 41809 4 42320 15 42839 16 43358 18 43877 20 44397 22 44917 19 45437 19 45957 18 46477 19 46997 21 47518 21 48038 27 48559 28 49079 29 49600 29 50122 27 50645 24 51164 25 51684 25 52203 25 52723 24 53242 24 53758 27 54275 28 54794 26 55313 24 55832 22 56351 21 56870 22 57390 22 57910 22 58429 23 58950 22 59470 22 59990 21 60511 19 61032 15 61554 6
550450e4bff4036fd671decdc5d42fec23578198d6a2fd79179c4368b9d6da18,105237 5 105755 9 106275 10 106795 10 107315 10 107836 8 108356 7 108877 5
550450e4bff4036fd671decdc5d42fec23578198d6a2fd79179c4368b9d6da18,33481 5 33998 11 34518 13 35037 15 35557 16 36076 17 36596 18 37116 18 37636 17 38157 16 38679 13 39201 10 39722 6
550450e4bff4036fd671decdc5d42fec23578198d6a2fd79179c4368b9d6da18,66245 4 66762 11 67281 13 67799 16 68318 17 68838 18 69357 18 69876 19 70396 18 70923 10 71445 7
550450e4bff4036fd671decdc5d42fec23578198d6a2fd79179c4368b9d6da18,85483 3 86001 5 86520 6 87040 4 87559 4 88079 3 88599 1
550450e4bff4036fd671decdc5d42fec23578198d6a2fd79179c4368b9d6da18,87051 4 87568 9 88086 13 88605 15 89124 17 89150 5 89644 18 89668 10 90163 20 90186 14 90683 37 91202 38 91722 38 92242 39 92761 40 93281 40 93801 40 94321 39 94842 38 95362 37 95882 36 96402 35 96923 33 97443 17 97462 12 97964 14 97983 10 98487 9 98504 8 99025 5
550450e4bff4036fd671decdc5d42fec23578198d6a2fd79179c4368b9d6da18,23089 1
550450e4bff4036fd671decdc5d42fec23578198d6a2fd79179c4368b9d6da18,145302 8 145820 15 146338 18 146857 20 147376 21 147895 23 148414 25 148934 26 149453 28 149973 28 150493 29 151012 31 151532 31 152052 31 152572 31 152609 5 153092 30 153124 12 153612 45 154132 46 154652 48 155172 48 155692 27 155720 19 156212 26 156240 19 156732 25 156760 19 157253 23 157280 19 157774 21 157799 20 158295 18 158319 19 158816 16 158839 19 159338 12 159359 18 159860 9 159879 17 160400 15 160920 15 161441 13 161964 9 162485 7 163006 4
550450e4bff4036fd671decdc5d42fec23578198d6a2fd79179c4368b9d6da18,20501 15 21017 21 21535 25 22054 27 22574 27 23093 28 23614 27 24134 27 24654 27 24687 9 25173 28 25204 14 25693 28 25723 16 26214 26 26242 18 26736 24 26761 20 27260 19 27280 22 27783 15 27800 23 28304 12 28320 23 28826 8 28840 16 28858 5 29360 16 29380 3 29880 16 29901 3 30400 17 30420 5 30921 24 31441 22 31962 20 32482 20 33002 20 33523 19 34043 18 34562 19 35083 17 35603 16
550450e4bff4036fd671decdc5d42fec23578198d6a2fd79179c4368b9d6da18,60030 1 60037 4 60536 16 60556 6 61054 28 61574 28 62093 28 62613 27 63133 26 63655 22 64180 14 64703 8
550450e4bff4036fd671decdc5d42fec23578198d6a2fd79179c4368b9d6da18,177534 2 178053 4
550450e4bff4036fd671decdc5d42fec23578198d6a2fd79179c4368b9d6da18,122424 3 122941 9 123458 13 123977 16 124496 18 125016 19 125536 19 126055 20 126575 20 127096 18 127617 16 128138 11
550450e4bff4036fd671decdc5d42fec23578198d6a2fd79179c4368b9d6da18,175999 5 176509 2 176514 10 177023 5 177029 14 177542 21 178059 23 178578 11 178591 11 179098 11 179112 8 179619 10 179632 6 180139 11 180659 11
550450e4bff4036fd671decdc5d42fec23578198d6a2fd79179c4368b9d6da18,103714 3 104233 5 104752 7 105272 7 105792 7 106312 7 106833 6 107354 4 107876 2 108397 2 108917 3 109436 6 109956 8 110475 11 110995 12 111515 13 112035 14 112554 16 113072 19 113591 20 114111 20 114630 21 115150 21 115670 21 116191 19 116712 18 117232 18 117752 18 118272 17 118793 15 119314 10 119834 9 120355 7 120876 6
550450e4bff4036fd671decdc5d42fec23578198d6a2fd79179c4368b9d6da18,38209 2 38727 6 39245 7 39765 7 40285 6 40806 3
550450e4bff4036fd671decdc5d42fec23578198d6a2fd79179c4368b9d6da18,12732 5 13251 8 13769 11 14288 13 14808 14 15328 14 15848 14 16368 14 16888 15 17408 15 17928 16 18448 17 18968 18 19488 18 20009 16 20530 14 21050 13 21571 11 22092 9 22613 7
550450e4bff4036fd671decdc5d42fec23578198d6a2fd79179c4368b9d6da18,81895 6 82413 13 82930 20 83449 23 83969 23 84488 25 85008 31 85528 31 86048 31 86569 27 87089 26 87610 23 88131 20 88652 18 89174 14 89695 12 90216 8
550450e4bff4036fd671decdc5d42fec23578198d6a2fd79179c4368b9d6da18,254 10 774 10 1293 12 1812 13 2331 15 2851 15 3370 17 3890 17 4410 16 4931 15 5451 14 5973 10 6495 6
550450e4bff4036fd671decdc5d42fec23578198d6a2fd79179c4368b9d6da18,180174 6 180694 7
550450e4bff4036fd671decdc5d42fec23578198d6a2fd79179c4368b9d6da18,40823 7 41342 11 41861 16 42381 18 42901 20 43420 22 43940 22 44460 22 44980 21 45499 22 46018 23 46538 25 47058 28 47578 29 48098 30 48618 31 49139 31 49659 31 50180 30 50702 6 50710 21 51231 20 51751 20 52271 19 52792 17 53312 16 53833 15 54353 14 54874 12 55395 11 55916 8
550450e4bff4036fd671decdc5d42fec23578198d6a2fd79179c4368b9d6da18,59024 17 59544 6 59551 10 60061 7 60076 5 60581 6 60598 2 61102 5 61119 1 61623 4 61638 1 62143 4 62152 2 62155 3 62663 5 62671 6 62681 1 63182 6 63190 7 63200 1 63701 20 64220 21 64740 20 65260 11 65272 7 65781 16 66302 12 66824 7
550450e4bff4036fd671decdc5d42fec23578198d6a2fd79179c4368b9d6da18,76183 1 76702 2 77221 3 77742 1 78262 1 78782 2
550450e4bff4036fd671decdc5d42fec23578198d6a2fd79179c4368b9d6da18,107382 1
550450e4bff4036fd671decdc5d42fec23578198d6a2fd79179c4368b9d6da18,156790 2 157310 2 157829 4 158347 6 158867 4 159387 3 159906 5 160426 6 160945 7 161465 4 161984 1
550450e4bff4036fd671decdc5d42fec23578198d6a2fd79179c4368b9d6da18,75669 5 76189 8 76709 3 76713 5 77233 5 77753 5 78274 4 78794 4 79314 3
550450e4bff4036fd671decdc5d42fec23578198d6a2fd79179c4368b9d6da18,178109 2 178629 6 178637 4 179149 14 179669 14 180189 14 180709 14
550450e4bff4036fd671decdc5d42fec23578198d6a2fd79179c4368b9d6da18,130281 8 130798 12 131316 15 131834 18 132353 20 132873 21 133392 23 133912 23 134433 23 134953 23 135474 22 135994 22 136515 20 137037 17 137562 12 138085 7
550450e4bff4036fd671decdc5d42fec23578198d6a2fd79179c4368b9d6da18,273 23 793 23 1313 13 1331 4 1834 11 2354 10 2875 9 3397 6 3918 4
550450e4bff4036fd671decdc5d42fec23578198d6a2fd79179c4368b9d6da18,150584 1 151096 13 151612 21 152131 25 152650 28 153169 31 153689 32 154208 34 154728 35 155249 35 155769 35 156289 36 156809 37 157329 37 157850 37 158370 37 158891 36 159412 36 159932 36 160451 37 160969 39 161487 41 162005 43 162524 43 163043 44 163562 44 164082 44 164602 43 165122 42 165642 41 166162 40 166682 39 167201 40 167721 39 168241 39 168761 39 169281 38 169801 38 170321 37 170841 37 171362 35 171884 32 172407 28 172929 25 173450 23 173971 21 174492 17 175012 15 175540 5
550450e4bff4036fd671decdc5d42fec23578198d6a2fd79179c4368b9d6da18,4962 3 5482 4 6002 4 6522 4 7043 3
550450e4bff4036fd671decdc5d42fec23578198d6a2fd79179c4368b9d6da18,9124 2 9644 1
550450e4bff4036fd671decdc5d42fec23578198d6a2fd79179c4368b9d6da18,87677 2 88195 7 88714 11 89233 13 89752 14 90272 14 90791 15 91311 15 91830 16 92350 15 92871 13 93392 10 93913 8 94433 9 94951 12 95470 14 95988 17 96505 21 97023 23 97543 24 98062 25 98581 27 99100 28 99618 30 100138 30 100657 31 101177 31 101697 31 102216 32 102736 32 103256 32 103775 33 104295 33 104816 31 105336 31 105857 29 106379 26 106902 21 107424 18 107947 9 108470 5 108989 5 109506 10 110023 16 110541 19 111060 22 111579 24 112098 26 112617 28 113136 34 113656 36 114176 37 114695 39 115215 39 115731 44 116248 47 116767 49 117286 50 117805 51 118325 51 118844 52 119364 52 119884 51 120404 51 120924 20 120946 29 121444 18 121468 26 121964 17 121989 25 122485 16 122511 22 123006 14 123034 18 123527 11 123557 13 124049 5 124081 6
550450e4bff4036fd671decdc5d42fec23578198d6a2fd79179c4368b9d6da18,39307 7 39823 14 40341 17 40859 20 41377 22 41896 23 42415 23 42934 24 43453 24 43973 24 44493 23 45013 22 45533 20 46053 18 46574 15 47097 7
550450e4bff4036fd671decdc5d42fec23578198d6a2fd79179c4368b9d6da18,48715 10 49232 14 49750 17 50268 20 50787 22 51303 26 51821 28 52311 2 52340 29 52825 16 52860 29 53343 20 53367 3 53374 1 53379 30 53861 37 53899 30 54379 70 54899 70 55418 71 55937 72 56457 44 56502 26 56977 44 57024 24 57498 43 57545 23 58018 42 58067 20 58538 42 58590 17 59059 40 59116 11 59580 39 59638 4 59644 4 60100 38 60159 2 60164 4 60620 36 60685 2 61141 32 61682 8
550450e4bff4036fd671decdc5d42fec23578198d6a2fd79179c4368b9d6da18,66342 2 66862 2
550450e4bff4036fd671decdc5d42fec23578198d6a2fd79179c4368b9d6da18,312 17 832 18 1351 19 1871 20 2390 21 2910 21 3430 21 3950 20 4470 20 4990 19 5511 18 6031 17 6553 14 7074 13 7596 10 8120 4
550450e4bff4036fd671decdc5d42fec23578198d6a2fd79179c4368b9d6da18,19605 3 19612 2 20122 14 20641 15 21160 17 21679 18 22198 20 22718 20 23237 24 23756 27 24274 30 24794 31 25314 31 25834 32 26354 33 26874 33 27394 33 27896 3 27915 31 28409 14 28436 29 28926 19 28957 27 29444 23 29478 15 29498 3 29963 25 29997 12 30482 26 30517 13 31001 28 31036 15 31521 29 31556 15 32041 30 32075 17 32561 30 32595 17 33081 30 33114 18 33602 29 33633 19 34123 49 34644 47 35165 45 35687 41 36208 36 36732 27 37258 19 37776 21 38295 23 38814 24 39333 26 39847 4 39852 27 40367 32 40887 31 41407 29 41927 25 42447 25 42967 2 42970 21 43497 3 43501 8 44025 2
550450e4bff4036fd671decdc5d42fec23578198d6a2fd79179c4368b9d6da18,61183 4 61698 12 62216 16 62733 20 63251 23 63770 25 64289 27 64807 30 65325 32 65844 34 66363 35 66882 36 67402 36 67923 34 68443 34 68963 33 69484 31 70005 29 70526 28 71046 27 71566 26 72086 24 72605 23 73125 21 73644 21 74164 15 74683 15 75203 14 75723 8 75733 3 76243 3 76762 3 77282 3 77801 6 78321 8 78841 9 79361 12 79881 13 80401 13 80922 12 81443 10 81963 10 82484 7
550450e4bff4036fd671decdc5d42fec23578198d6a2fd79179c4368b9d6da18,172979 3 173497 6 174015 8 174527 5 174533 10 175045 19 175564 21 176083 21 176602 22 177122 21 177642 21 178162 20 178682 19 179202 17 179722 15 180242 14 180762 14
550450e4bff4036fd671decdc5d42fec23578198d6a2fd79179c4368b9d6da18,39323 3
550450e4bff4036fd671decdc5d42fec23578198d6a2fd79179c4368b9d6da18,7110 9 7628 12 8146 16 8665 19 9185 19 9690 10 9704 21 10208 14 10223 23 10727 39 11246 40 11765 42 12284 43 12804 43 13324 43 13844 43 14364 42 14884 41 15404 41 15925 38 16445 36 16966 25 17487 24 18008 22 18530 20 19052 17 19574 14 20100 6
550450e4bff4036fd671decdc5d42fec23578198d6a2fd79179c4368b9d6da18,132937 2 133456 4 133975 5 134494 5 135013 6 135532 7 136051 8 136571 8 137091 8 137610 9 138130 8 138649 8 139169 5 139689 2 140209 1 140729 1
550450e4bff4036fd671decdc5d42fec23578198d6a2fd79179c4368b9d6da18,156340 2 156858 4 157377 5 157897 4 158416 5 158939 2 159459 3 159978 5 160500 5 161022 2 161543 1
550450e4bff4036fd671decdc5d42fec23578198d6a2fd79179c4368b9d6da18,163620 6 164136 1 164139 9 164656 12 165177 10 165699 8 166220 7 166741 9 167263 7 167783 6 168303 5 168823 3
550450e4bff4036fd671decdc5d42fec23578198d6a2fd79179c4368b9d6da18,168321 3 168840 5 169359 7 169878 9 170398 11 170918 13 171438 14 171957 15 172477 16 172996 17 173516 17 174036 16 174555 17 175075 17 175594 17 176113 18 176631 19 177150 19 177669 20 178188 20 178708 18 179227 18 179747 17 180268 15 180788 14
550450e4bff4036fd671decdc5d42fec23578198d6a2fd79179c4368b9d6da18,154791 4 155308 7 155828 7 156348 7 156868 7 157388 6 157908 6 158428 5 158950 3
550450e4bff4036fd671decdc5d42fec23578198d6a2fd79179c4368b9d6da18,72122 3 72641 5 73160 7 73680 8 74200 9 74719 10 75239 10 75759 8 76278 8 76798 7 77318 7 77839 5 78360 4 78881 1
550450e4bff4036fd671decdc5d42fec23578198d6a2fd79179c4368b9d6da18,148042 3 148561 5 149081 5 149600 5 150121 3 150642 1
550450e4bff4036fd671decdc5d42fec23578198d6a2fd79179c4368b9d6da18,151682 2 152203 1
550450e4bff4036fd671decdc5d42fec23578198d6a2fd79179c4368b9d6da18,76807 2 77326 3
550450e4bff4036fd671decdc5d42fec23578198d6a2fd79179c4368b9d6da18,11294 2 11813 2 12332 3 12852 3 13371 4 13891 7 13914 1 14411 7 14433 3 14932 6 14945 2 14952 4 15452 5 15465 11 15972 5 15985 7 15994 1 16493 5 16504 8 17014 7 17023 9 17535 16 18056 14 18581 7
550450e4bff4036fd671decdc5d42fec23578198d6a2fd79179c4368b9d6da18,139732 1 140251 2 140771 1
550450e4bff4036fd671decdc5d42fec23578198d6a2fd79179c4368b9d6da18,158462 5 158981 7 159500 8 160020 8 160539 9 161059 9 161578 10 162098 9 162617 10 163137 10 163656 10 164176 10 164695 11 165214 11 165734 11 166253 12 166773 11 167293 10 167812 10 168332 9 168852 8 169373 6 169893 5 170414 3
550450e4bff4036fd671decdc5d42fec23578198d6a2fd79179c4368b9d6da18,9740 2 10258 3 10777 3
550450e4bff4036fd671decdc5d42fec23578198d6a2fd79179c4368b9d6da18,142343 2 142863 2
550450e4bff4036fd671decdc5d42fec23578198d6a2fd79179c4368b9d6da18,29517 1 30032 10 30061 12 30550 14 30573 22 31069 16 31091 26 31588 17 31609 29 32107 19 32128 30 32626 53 33145 54 33665 55 34184 23 34208 32 34704 23 34729 31 35224 22 35250 30 35744 22 35772 27 36264 21 36293 24 36784 20 36815 20 37305 18 37337 12 37825 16 38346 14 38867 12 39389 8 39912 2
550450e4bff4036fd671decdc5d42fec23578198d6a2fd79179c4368b9d6da18,69544 1
550450e4bff4036fd671decdc5d42fec23578198d6a2fd79179c4368b9d6da18,117911 6 118429 10 118948 12 119467 14 119986 16 120505 18 121025 19 121544 20 122065 20 122585 21 123106 20 123627 19 124147 18 124668 17 125190 12 125713 7
550450e4bff4036fd671decdc5d42fec23578198d6a2fd79179c4368b9d6da18,97105 1 97625 1
550450e4bff4036fd671decdc5d42fec23578198d6a2fd79179c4368b9d6da18,152241 5 152760 9 153279 12 153798 15 154317 17 154351 7 154837 18 154870 11 155356 20 155389 14 155875 22 155907 17 156394 24 156426 19 156913 25 156945 21 157434 25 157465 23 157954 2 157960 19 157984 24 158481 47 159003 45 159524 43 160046 40 160568 38 161096 30 161617 28 162137 28 162657 28 163177 23 163203 2 163698 20 164218 19 164740 17 165261 16 165784 5
550450e4bff4036fd671decdc5d42fec23578198d6a2fd79179c4368b9d6da18,52400 11 52920 18 53439 24 53959 28 54479 12 54493 15 54999 12 55013 16 55519 30 56039 31 56560 18 56580 10 57080 7 57089 9 57101 10 57601 5 57610 7 57622 9 58121 5 58133 3 58141 10 58642 3 58661 9 59162 3 59180 10 59683 2 59698 11 60204 2 60218 10 60725 1 60738 7 61254 9 61772 10 62290 11 62812 7
550450e4bff4036fd671decdc5d42fec23578198d6a2fd79179c4368b9d6da18,70599 2 71119 3
550450e4bff4036fd671decdc5d42fec23578198d6a2fd79179c4368b9d6da18,17071 9 17589 17 18107 20 18624 24 19134 7 19143 26 19653 36 20167 5 20173 36 20686 43 21206 43 21726 8 21737 32 22246 9 22257 31 22766 41 23286 40 23806 38 24327 34 24848 8 24858 17 25370 5 25380 6 25388 4 25893 2 25901 5 25907 4 26421 5 26427 3 26941 4
550450e4bff4036fd671decdc5d42fec23578198d6a2fd79179c4368b9d6da18,82048 4 82567 6 83087 6 83607 6 84127 6 84648 4 85169 3
550450e4bff4036fd671decdc5d42fec23578198d6a2fd79179c4368b9d6da18,136154 3 136673 5 137194 5 137708 4 137714 5 138214 9 138227 6 138235 5 138733 20 138756 4 139252 21 139276 3 139771 15 139787 11 140290 16 140308 8 140809 16 140830 5 141328 16 141352 2 141848 14 142367 14 142887 13 143407 12 143927 10 144448 9 144970 3
550450e4bff4036fd671decdc5d42fec23578198d6a2fd79179c4368b9d6da18,66971 1 67491 3 68010 5 68530 5 69050 4
550450e4bff4036fd671decdc5d42fec23578198d6a2fd79179c4368b9d6da18,437 5 953 10 1472 12 1991 15 2510 17 3030 18 3550 18 4069 19 4589 19 5110 18 5631 15 6152 13 6672 12 7193 2 7197 5
550450e4bff4036fd671decdc5d42fec23578198d6a2fd79179c4368b9d6da18,143958 9 144474 15 144993 17 145512 19 146031 20 146550 21 147070 20 147590 19 148111 17 148633 13
550450e4bff4036fd671decdc5d42fec23578198d6a2fd79179c4368b9d6da18,123681 1 124200 10 124720 13 125240 13 125761 12 126280 12 126800 11 127320 11 127839 12 128359 11 128880 7 129401 4 129923 1
550450e4bff4036fd671decdc5d42fec23578198d6a2fd79179c4368b9d6da18,169980 3 170498 8 171017 10 171537 10 172056 12 172576 12 173096 12 173615 15 174136 15 174657 15 175179 14 175698 15 176218 15 176737 16 177257 16 177776 17 178294 19 178808 25 179325 27 179843 29 180363 28 180882 29
550450e4bff4036fd671decdc5d42fec23578198d6a2fd79179c4368b9d6da18,32699 3 33216 9 33735 11 34254 13 34773 15 35292 17 35811 19 36331 19 36850 21 37370 21 37890 21 38410 21 38930 21 39451 19 39972 16 39995 6 40493 12 40515 10 41018 5 41035 10 41538 6 41555 11 42056 15 42075 11 42573 32 43091 34 43610 27 43638 6 44129 29 44648 30 45167 31 45687 31 46207 31 46727 31 47246 32 47767 31 48287 31 48807 30 49327 30 49847 29 50368 28 50889 26 51410 24 51931 22 52452 19 52974 13 53496 4
550450e4bff4036fd671decdc5d42fec23578198d6a2fd79179c4368b9d6da18,12940 3 13455 9 13974 10 14493 10 15014 9 15534 10 16054 11 16575 10 17095 11 17615 12 18136 12 18656 12 19176 12 19696 12 20217 11 20737 11 21259 9 21782 5
550450e4bff4036fd671decdc5d42fec23578198d6a2fd79179c4368b9d6da18,74307 6 74825 10 75344 12 75863 13 76383 13 76902 14 77422 13 77941 13 78460 12 78978 12 79497 11 80016 10 80536 9 81055 10 81575 16 82096 17 82616 18 83137 18 83657 19 84177 19 84696 20 85216 20 85736 21 86256 27 86776 30 87296 33 87817 33 88338 33 88860 10 88871 21 89391 21 89911 21 90431 21 90951 21 91471 21 91990 22 92509 22 93029 19 93549 10 94070 3
550450e4bff4036fd671decdc5d42fec23578198d6a2fd79179c4368b9d6da18,91460 3 91979 5 92499 5 93017 6 93536 8 94056 10 94576 11 95096 13 95616 14 96135 14 96656 13 97180 9 97703 5
550450e4bff4036fd671decdc5d42fec23578198d6a2fd79179c4368b9d6da18,149195 2 149711 7 150230 7 150748 9 151266 10 151785 10 152303 11 152821 11 153340 11 153859 11 154378 11 154897 12 155417 12 155936 12 156456 12 156975 12 157495 11 158015 11 158535 10 159056 8 159576 8 160097 3 160618 2 161138 2 161659 1
550450e4bff4036fd671decdc5d42fec23578198d6a2fd79179c4368b9d6da18,57146 1 57663 4 58181 7 58701 10 59220 12 59738 14 60257 16 60777 16 61297 10 61308 4 61817 10 61828 4 62337 14 62858 12 63383 6
550450e4bff4036fd671decdc5d42fec23578198d6a2fd79179c4368b9d6da18,124746 9 125263 13 125782 14 126302 14 126822 14 127341 15 127859 17 128378 18 128897 18 129417 17 129937 16 130457 15 130978 14 131499 12 132019 11 132541 7
550450e4bff4036fd671decdc5d42fec23578198d6a2fd79179c4368b9d6da18,112820 8 113339 9 113859 10 114379 11 114899 12 115418 13 115936 15 116454 17 116970 21 117488 22 118006 23 118525 24 119037 3 119044 25 119552 8 119562 27 120071 8 120081 29 120591 4 120599 32 121119 32 121639 33 122160 32 122680 32 123200 32 123721 31 124241 31 124761 31 125282 31 125803 29 126324 28 126844 27 127366 24 127887 22 128409 17 128930 13
550450e4bff4036fd671decdc5d42fec23578198d6a2fd79179c4368b9d6da18,162727 7 163245 11 163763 14 164281 17 164800 19 165319 7 165332 7 165838 6 165852 7 166358 3 166371 7 166887 10 167407 9 167928 5
550450e4bff4036fd671decdc5d42fec23578198d6a2fd79179c4368b9d6da18,108640 1 109159 2 109679 2
550450e4bff4036fd671decdc5d42fec23578198d6a2fd79179c4368b9d6da18,51451 6 51969 10 52488 11 53007 13 53526 14 54045 15 54565 15 55084 16 55603 17 56123 17 56642 17 57161 18 57681 17 58200 17 58720 16 59240 15 59761 13 60282 11 60803 8 61324 6
550450e4bff4036fd671decdc5d42fec23578198d6a2fd79179c4368b9d6da18,129992 6 130512 7 131031 9 131551 10 132070 11 132590 11 133110 11 133628 13 134145 16 134663 18 135182 19 135700 21 136209 7 136219 22 136728 33 137247 33 137766 35 138286 35 138805 27 138838 3 139325 17 139344 7 139358 3 139845 17 139868 3 139878 3 140364 18 140389 2 140397 4 140884 18 140916 5 141403 19 141435 6 141923 19 141956 5 142442 20 142476 5 142962 20 142997 4 143482 20 144003 18 144523 16 145044 13 145567 3
550450e4bff4036fd671decdc5d42fec23578198d6a2fd79179c4368b9d6da18,169483 3 170002 4 170522 1
550450e4bff4036fd671decdc5d42fec23578198d6a2fd79179c4368b9d6da18,180406 3 180925 6
550450e4bff4036fd671decdc5d42fec23578198d6a2fd79179c4368b9d6da18,85784 3 86303 5 86821 8 87340 10 87859 12 88379 13 88899 13 89419 14 89939 14 90460 13 90980 14 91501 13 92022 13 92543 12 93065 10 93587 8 94109 6 94631 4
550450e4bff4036fd671decdc5d42fec23578198d6a2fd79179c4368b9d6da18,73310 2 73828 5 74347 6 74866 7 75386 7 75905 8 76425 8 76944 9 77464 9 77476 2 77984 14 78503 15 79022 9 79034 3 79540 10 80060 10 80580 9 81100 9 81620 9 82141 8 82661 9 83181 8 83702 6 84223 4 84744 2
550450e4bff4036fd671decdc5d42fec23578198d6a2fd79179c4368b9d6da18,41061 4 41581 4 42101 3 42621 2
550450e4bff4036fd671decdc5d42fec23578198d6a2fd79179c4368b9d6da18,152870 2 153388 5 153907 6 154426 7 154946 7 155465 8 155985 8 156505 7 156520 1 157025 7 157038 3 157545 16 158066 15 158587 14 159110 11 159630 11 160151 9 160673 6 161195 1
550450e4bff4036fd671decdc5d42fec23578198d6a2fd79179c4368b9d6da18,510 8 1031 7 1551 6 2073 3
550450e4bff4036fd671decdc5d42fec23578198d6a2fd79179c4368b9d6da18,179395 1 179914 3
550450e4bff4036fd671decdc5d42fec23578198d6a2fd79179c4368b9d6da18,102960 1 103480 1 103999 2 104519 2 105038 3 105558 3 106078 3 106598 3 107118 3 107638 3 108159 2 108680 1
550450e4bff4036fd671decdc5d42fec23578198d6a2fd79179c4368b9d6da18,10400 1 10920 1 11440 1
550450e4bff4036fd671decdc5d42fec23578198d6a2fd79179c4368b9d6da18,179400 1
5cee644e5ffbef1ba021c7f389b33bafd3b1841f04d3edd7922d5084c2c4e0c7,59 18 571 17 1084 14 1598 10 2112 7
5cee644e5ffbef1ba021c7f389b33bafd3b1841f04d3edd7922d5084c2c4e0c7,208487 3 208999 3 209512 3 210025 1
5cee644e5ffbef1ba021c7f389b33bafd3b1841f04d3edd7922d5084c2c4e0c7,212077 1 212588 3 213099 5 213611 5 214123 5 214636 4 215150 1
5cee644e5ffbef1ba021c7f389b33bafd3b1841f04d3edd7922d5084c2c4e0c7,200815 5 200825 2 201326 7 201337 2 201837 10 201850 1 202349 10 202363 1 202861 12 202874 3 203373 17 203885 5 203891 11 204398 3 204405 3 204410 4 204911 2 204925 3 205424 3 205435 6 205936 5 205947 7 206448 6 206459 8 206959 6 206972 8 207471 4 207484 8 207998 6 208510 7 209022 7 209535 6 210049 4 210562 2 211074 1
5cee644e5ffbef1ba021c7f389b33bafd3b1841f04d3edd7922d5084c2c4e0c7,49783 1 50292 6 50803 9 51315 10 51827 12 52339 14 52851 16 53364 15 53876 16 54389 15 54901 15 55414 14 55927 12 56439 12 56952 11 57465 9 57979 7 58492 5
5cee644e5ffbef1ba021c7f389b33bafd3b1841f04d3edd7922d5084c2c4e0c7,214139 3 214651 3 215164 2
5cee644e5ffbef1ba021c7f389b33bafd3b1841f04d3edd7922d5084c2c4e0c7,54408 1
5cee644e5ffbef1ba021c7f389b33bafd3b1841f04d3edd7922d5084c2c4e0c7,32452 4 32963 9 33474 13 33984 17 34495 20 35006 22 35518 22 36030 23 36541 25 37053 26 37565 27 38077 27 38588 29 39100 29 39613 29 40125 30 40637 31 41150 30 41662 30 42174 30 42686 30 43198 30 43711 29 44223 29 44735 29 45247 29 45760 27 46273 25 46786 23 47299 22 47812 21 48324 22 48836 22 49349 22 49861 22 50375 19 50889 16 51402 13 51915 11 52429 6 52436 1
5cee644e5ffbef1ba021c7f389b33bafd3b1841f04d3edd7922d5084c2c4e0c7,172797 11 173308 15 173817 21 174327 25 174838 27 175350 29 175861 31 176372 33 176883 34 177395 35 177906 36 178418 37 178930 37 179443 36 179955 36 180467 36 180979 36 181491 36 182003 36 182516 35 183028 34 183540 34 184053 32 184566 31 185078 30 185591 28 186105 26 186618 24 187131 21 187644 18 188159 12
5cee644e5ffbef1ba021c7f389b33bafd3b1841f04d3edd7922d5084c2c4e0c7,151490 6 151998 13 152508 17 153018 21 153529 23 154040 25 154551 26 155062 28 155573 30 156085 30 156597 30 157108 32 157620 32 158132 32 158644 33 159155 34 159667 34 160178 35 160665 2 160688 37 161175 8 161199 38 161686 10 161710 39 162197 12 162221 39 162709 13 162731 41 163220 16 163242 41 163731 18 163752 43 164242 64 164754 63 165266 63 165778 62 166289 63 166801 64 167314 63 167826 63 168338 63 168850 63 169362 64 169875 63 170387 63 170900 62 171412 62 171925 61 172437 61 172949 61 173463 59 173975 59 174488 58 175001 57 175513 56 176025 56 176537 56 177049 55 177562 54 178074 53 178586 52 179098 51 179610 51 180123 24 180149 22 180635 23 180664 17 181148 22 181179 13 181660 22 181695 6 182172 21 182685 20 183197 20 183710 19 184222 19 184735 17 185248 16 185761 14 186274 13 186788 10 187305 2
5cee644e5ffbef1ba021c7f389b33bafd3b1841f04d3edd7922d5084c2c4e0c7,140190 1
5cee644e5ffbef1ba021c7f389b33bafd3b1841f04d3edd7922d5084c2c4e0c7,18867 4 19371 5 19378 5 19881 14 20392 15 20904 14 21415 15 21927 14 22439 14 22951 14 23462 16 23974 16 24486 16 24998 17 25510 18 26022 19 26534 20 27046 20 27558 23 27583 2 28070 27 28582 26 29094 26 29606 27 30118 28 30630 28 31142 28 31655 25 32167 10 32179 12 32680 10 32693 9 33192 10 33205 9 33704 11 33717 9 34217 10 34228 9 34730 18 35242 17 35755 14 36267 12 36780 10 37298 3
5cee644e5ffbef1ba021c7f389b33bafd3b1841f04d3edd7922d5084c2c4e0c7,134073 6 134582 11 135093 13 135603 16 136114 18 136625 19 137136 21 137648 22 138159 24 138671 24 139182 26 139694 26 140206 27 140718 27 141230 27 141741 28 142253 28 142766 27 143278 26 143791 25 144303 24 144816 22 145328 21 145842 18 146355 14 146868 11 147382 6
5cee644e5ffbef1ba021c7f389b33bafd3b1841f04d3edd7922d5084c2c4e0c7,21432 3 21944 9 22457 9 22972 6 23484 6 23995 7 24507 6 25020 5
648c8ffa496e1716017906d0bf135debfc93386ae86aa3d4adbda9a505985fd9,15196 4 15451 6 15706 7 15962 8 16218 9 16474 9 16730 9 16987 8 17243 8 17499 9 17755 9 18012 8 18268 8 18524 8 18780 8 19036 8 19292 8 19548 7 19805 5
648c8ffa496e1716017906d0bf135debfc93386ae86aa3d4adbda9a505985fd9,2496 5 2750 8 3006 9 3261 11 3517 11 3773 12 4029 12 4285 12 4541 12 4797 11 5053 11 5310 10 5566 9 5823 7 6080 5
648c8ffa496e1716017906d0bf135debfc93386ae86aa3d4adbda9a505985fd9,12006 6 12261 9 12516 10 12772 11 13027 13 13283 13 13539 13 13796 12 14052 12 14309 10 14569 5
648c8ffa496e1716017906d0bf135debfc93386ae86aa3d4adbda9a505985fd9,39680 1 39935 2 40191 2 40447 2 40704 1
697a05c6fe4a07c601d46da80885645ad574ea19b47ee795ccff216c9f1f1808,52230 5 52485 10 52740 12 52994 15 53249 16 53505 17 53761 18 54017 18 54273 18 54529 18 54785 18 55041 17 55297 16 55553 15 55809 12 56065 11 56321 11 56577 12 56833 12 57089 12 57345 13 57601 13 57857 13 58113 13 58369 13 58625 12 58881 12 59137 11 59393 11 59649 10 59905 9 60161 9 60417 8 60673 6
697a05c6fe4a07c601d46da80885645ad574ea19b47ee795ccff216c9f1f1808,43287 4 43538 10 43790 15 44044 17 44298 20 44553 21 44808 23 45063 24 45318 26 45574 26 45829 27 46085 27 46341 27 46597 27 46854 25 47111 24 47367 24 47624 23 47881 24 48137 25 48394 25 48651 24 48909 23 49172 16 49428 16 49684 16 49940 16 50196 16 50452 16 50709 15 50965 15 51221 15 51478 13 51735 11 51992 9 52249 6
697a05c6fe4a07c601d46da80885645ad574ea19b47ee795ccff216c9f1f1808,63244 5 63497 10 63752 12 64007 14 64262 16 64517 17 64773 17 65029 18 65285 18
697a05c6fe4a07c601d46da80885645ad574ea19b47ee795ccff216c9f1f1808,21776 13 22032 15 22288 16 22544 16 22800 17 23056 18 23312 18 23568 18 23824 19 24080 19 24336 18 24592 18 24848 18 25105 16 25361 14 25619 9
697a05c6fe4a07c601d46da80885645ad574ea19b47ee795ccff216c9f1f1808,58153 9 58391 7 58408 11 58645 11 58663 13 58900 13 58918 15 59156 14 59174 16 59411 35 59666 37 59921 38 60176 39 60432 39 60688 40 60944 40 61200 19 61222 17 61457 17 61479 16 61714 15 61736 14 61971 14 61993 12 62228 12 62250 10 62487 8 62507 8 62745 4 62764 5 63021 4 63277 4 63531 8 63785 12 64040 15 64295 16 64550 18 64806 19 65061 20 65317 20
697a05c6fe4a07c601d46da80885645ad574ea19b47ee795ccff216c9f1f1808,26911 4 27165 8 27421 10 27676 12 27931 13 28187 14 28443 15 28698 16 28953 17 29209 17 29464 18 29720 18 29976 17 30233 16 30490 14 30746 14 31003 12 31260 9 31517 7 31774 4
697a05c6fe4a07c601d46da80885645ad574ea19b47ee795ccff216c9f1f1808,42796 5 43049 9 43302 13 43556 15 43812 16 44068 15 44324 15 44582 12 44839 10 45096 8
697a05c6fe4a07c601d46da80885645ad574ea19b47ee795ccff216c9f1f1808,48947 9 49202 11 49457 14 49713 14 49969 14 50225 14 50481 14 50737 13 50993 13 51249 13 51505 13 51761 12 52018 11 52275 9 52535 2
697a05c6fe4a07c601d46da80885645ad574ea19b47ee795ccff216c9f1f1808,53824 3 54079 5 54335 5 54590 6 54845 7 55101 10 55357 11 55612 14 55868 15 56123 16 56379 16 56635 16 56891 16 57147 16 57403 15 57659 15 57915 14 58171 14 58428 12 58684 12 58941 25 59198 25 59455 25 59713 24 59970 23 60226 23 60482 23 60738 23 60994 23 61251 21 61508 19 61764 18 62021 9 62035 1 62278 6 62535 4
697a05c6fe4a07c601d46da80885645ad574ea19b47ee795ccff216c9f1f1808,65111 1 65365 5
697a05c6fe4a07c601d46da80885645ad574ea19b47ee795ccff216c9f1f1808,42589 1 42843 6 43098 9 43354 9 43610 10 43866 10 44121 11 44378 12 44634 13 44890 13 45146 14 45402 14 45658 14 45914 15 46170 15 46426 15 46682 15 46938 15 46956 5 47195 13 47211 7 47451 12 47466 9 47707 12 47721 10 47963 12 47976 11 48220 23 48477 22 48733 22 48990 21 49247 20 49504 18 49760 17 50015 17 50270 18 50526 18 50782 18 51039 17 51296 16 51552 15 51809 7 52065 5 52322 3
697a05c6fe4a07c601d46da80885645ad574ea19b47ee795ccff216c9f1f1808,23141 4 23392 10 23647 12 23902 14 24157 16 24413 17 24668 18 24924 19 25180 19 25436 19 25692 19 25948 19 26205 18 26461 18 26718 16 26974 15 27231 13 27489 10 27749 3
697a05c6fe4a07c601d46da80885645ad574ea19b47ee795ccff216c9f1f1808,57195 3 57448 8 57702 11 57958 12 58213 14 58468 15 58724 16 58980 16 59236 17 59492 17 59748 17 60004 17 60261 15 60517 15 60774 13 61031 10
697a05c6fe4a07c601d46da80885645ad574ea19b47ee795ccff216c9f1f1808,34156 9 34411 12 34666 14 34922 15 35178 15 35433 17 35689 17 35944 19 36200 19 36456 19 36712 19 36969 18 37225 17 37481 16 37738 13 37995 11 38253 8
697a05c6fe4a07c601d46da80885645ad574ea19b47ee795ccff216c9f1f1808,63367 6 63622 8 63877 10 64132 12 64388 12 64643 13 64899 13 65155 13 65411 12
697a05c6fe4a07c601d46da80885645ad574ea19b47ee795ccff216c9f1f1808,46473 9 46727 14 46982 16 47237 19 47493 20 47749 22 48005 24 48261 25 48518 25 48773 27 49029 27 49286 27 49542 28 49799 27 50060 23 50317 22 50574 22 50830 22 51087 21 51344 20 51600 20 51857 7 51866 10 52116 2 52122 10 52378 10 52634 9 52891 6
697a05c6fe4a07c601d46da80885645ad574ea19b47ee795ccff216c9f1f1808,21136 4 21390 8 21645 10 21900 12 22154 16 22410 17 22665 18 22921 19 23177 19 23433 19 23690 18 23946 18 24203 18 24459 17 24716 16 24973 14 25230 11 25487 8 25744 6
697a05c6fe4a07c601d46da80885645ad574ea19b47ee795ccff216c9f1f1808,38811 9 39055 23 39309 26 39345 5 39564 28 39600 8 39818 30 39854 15 40073 32 40109 17 40329 33 40364 19 40585 54 40841 54 41097 55 41354 53 41610 31 41642 21 41866 30 41899 20 42122 30 42156 19 42378 29 42412 18 42635 27 42669 16 42891 27 42926 14 43148 25 43182 13 43406 20 43439 11 43663 14 43697 2 43920 12
697a05c6fe4a07c601d46da80885645ad574ea19b47ee795ccff216c9f1f1808,58259 5 58512 10 58768 11 59023 13 59279 14 59534 15 59790 16 60045 17 60301 17 60557 17 60813 17 61069 16 61326 15 61582 15 61839 13 62095 12 62353 9 62611 2
697a05c6fe4a07c601d46da80885645ad574ea19b47ee795ccff216c9f1f1808,31141 2 31395 6 31649 9 31904 12 32160 13 32415 15 32671 16 32926 18 33182 18 33438 18 33694 18 33951 18 34207 17 34464 16 34721 14 34977 13 35234 11 35491 10 35749 7
697a05c6fe4a07c601d46da80885645ad574ea19b47ee795ccff216c9f1f1808,54954 2 55208 6 55463 9 55718 11 55973 12 56229 13 56484 14 56740 14 56997 13 57253 13 57511 11 57767 10 58025 7 58283 3
697a05c6fe4a07c601d46da80885645ad574ea19b47ee795ccff216c9f1f1808,59051 3 59305 9 59561 11 59816 13 60072 13 60328 14 60584 14 60840 14 61096 14 61352 14 61609 12 61866 11 62124 8 62381 5
697a05c6fe4a07c601d46da80885645ad574ea19b47ee795ccff216c9f1f1808,48608 2 48860 8 49115 11 49337 1 49371 12 49590 7 49627 12 49846 9 49883 13 50102 10 50139 12 50357 12 50396 11 50612 14 50652 11 50868 14 50908 10 51123 16 51152 1 51164 10 51379 17 51402 27 51635 17 51656 29 51891 17 51911 30 52147 18 52166 31 52404 51 52661 50 52918 50 53175 49 53432 11 53444 37 53688 10 53701 36 53946 7 53957 36 54213 36 54468 38 54722 40 54977 41 55231 43 55486 44 55741 45 55997 45 56253 45 56509 44 56765 44 57021 44 57277 44 57533 43 57790 41 58046 40 58303 38 58560 24 58585 10 58817 21 59074 19 59331 17 59588 15 59845 13 60103 11 60361 8 60619 4
697a05c6fe4a07c601d46da80885645ad574ea19b47ee795ccff216c9f1f1808,63930 3 64184 8 64439 11 64694 13 64950 15 65205 17 65461 17
697a05c6fe4a07c601d46da80885645ad574ea19b47ee795ccff216c9f1f1808,24511 5 24766 8 25020 11 25276 11 25530 13 25785 15 26040 16 26295 16 26551 16 26807 15 27063 15 27319 16 27575 16 27832 14 28089 12 28346 10 28603 7
697a05c6fe4a07c601d46da80885645ad574ea19b47ee795ccff216c9f1f1808,43481 2 43731 10 43985 13 44231 4 44240 14 44483 10 44495 15 44737 29 44993 29 45248 30 45503 31 45759 31 46015 30 46271 30 46527 17 46545 11 46783 16 46802 8 47040 15 47060 4 47296 15 47317 1 47552 15 47809 14 48065 14 48321 14 48577 13 48834 12 49090 11 49347 10 49604 8 49862 4
697a05c6fe4a07c601d46da80885645ad574ea19b47ee795ccff216c9f1f1808,36041 6 36295 10 36550 12 36806 13 37062 13 37318 14 37574 15 37829 16 38085 16 38340 17 38596 17 38851 18 39108 17 39364 17 39620 16 39877 15 40134 14 40391 12 40648 10 40906 7
697a05c6fe4a07c601d46da80885645ad574ea19b47ee795ccff216c9f1f1808,17104 1 17355 10 17609 13 17864 14 18119 16 18375 17 18631 17 18887 17 19143 17 19398 18 19654 17 19909 18 20165 17 20421 16 20678 15 20935 13 21192 12 21449 10 21707 7
697a05c6fe4a07c601d46da80885645ad574ea19b47ee795ccff216c9f1f1808,29389 5 29643 9 29898 11 30153 13 30408 15 30664 16 30919 17 31175 17 31430 18 31686 18 31942 18 32198 18 32455 16 32712 14 32968 13 33225 11 33483 7
697a05c6fe4a07c601d46da80885645ad574ea19b47ee795ccff216c9f1f1808,1518 5 1772 9 2027 22 2283 22 2538 23 2794 23 3050 23 3306 23 3562 23 3818 23 4074 23 4318 6 4330 23 4572 37 4827 38 5070 8 5083 38 5323 12 5338 39 5578 13 5594 39 5834 14 5849 40 6090 55 6346 55 6601 16 6618 15 6636 5 6644 13 6857 16 6875 13 7113 16 7131 12 7369 15 7388 10 7625 15 7645 7 7881 14 8138 12 8395 10 8652 9 8910 5
697a05c6fe4a07c601d46da80885645ad574ea19b47ee795ccff216c9f1f1808,61394 6 61647 14 61901 17 62156 20 62411 21 62667 21 62922 23 63178 23 63434 23 63690 23 63946 23 64203 22 64459 22 64716 21 64972 21 65229 20 65485 20
697a05c6fe4a07c601d46da80885645ad574ea19b47ee795ccff216c9f1f1808,37602 3 37855 8 38110 10 38365 12 38620 14 38875 15 39131 16 39387 16 39642 17 39898 18 40154 18 40410 18 40667 16 40923 16 41180 14 41437 12 41694 9 41951 7 42208 4
697a05c6fe4a07c601d46da80885645ad574ea19b47ee795ccff216c9f1f1808,43243 3 43496 9 43751 11 44006 12 44261 13 44517 13 44772 14 45028 14 45285 13 45541 12 45798 10
697a05c6fe4a07c601d46da80885645ad574ea19b47ee795ccff216c9f1f1808,34799 5 34812 3 35053 9 35066 7 35308 21 35563 22 35819 22 36075 22 36331 22 36587 22 36843 22 37100 21 37356 11 37369 8 37613 8 37628 5 37870 6
697a05c6fe4a07c601d46da80885645ad574ea19b47ee795ccff216c9f1f1808,50927 1 51183 2 51439 2 51443 7 51695 13 51951 15 52207 16 52462 18 52718 19 52974 19 53229 20 53485 20 53740 21 53996 21 54252 21 54509 20 54765 20 55021 20 55277 20 55533 20 55790 19 56046 19 56302 19 56559 18 56815 18 57072 17 57328 17 57585 16 57842 15 58099 14 58356 13 58614 11 58871 7 59129 4 59386 3 59641 8 59895 10 60150 11 60405 12 60660 13 60915 14 61170 15 61426 15 61681 16 61937 16 62193 16 62449 16 62705 16 62961 16 63218 15 63474 15 63731 14 63987 14 64243 14 64499 14 64756 13 65012 13 65268 13 65525 12
697a05c6fe4a07c601d46da80885645ad574ea19b47ee795ccff216c9f1f1808,13303 1 13306 4 13557 12 13812 13 14066 15 14318 19 14574 12 14588 5 14830 12 14844 5 15086 12 15101 4 15343 11 15357 4 15599 11 15613 4 15856 9 15868 5 16113 8 16125 4 16370 7 16382 3 16628 4 16638 3 16885 2 16895 2 17151 2 17407 2 17663 2 17920 1
697a05c6fe4a07c601d46da80885645ad574ea19b47ee795ccff216c9f1f1808,17396 1 17650 5 17906 5 18162 5 18418 5 18675 3
697a05c6fe4a07c601d46da80885645ad574ea19b47ee795ccff216c9f1f1808,43775 2 44031 2 44287 2 44543 2 44799 2 45055 2 45312 1
699f2992cd71e2e28cf45f81347ff22e76b37541ce88087742884cd0e9aadc68,1041 1 1301 3 1561 3 1821 4 2081 4 2341 4 2601 3 2861 2 3121 2 3381 2 3641 1
699f2992cd71e2e28cf45f81347ff22e76b37541ce88087742884cd0e9aadc68,4421 1 4681 3 4941 3 5201 2
699f2992cd71e2e28cf45f81347ff22e76b37541ce88087742884cd0e9aadc68,68641 1 68901 2 69161 1
699f2992cd71e2e28cf45f81347ff22e76b37541ce88087742884cd0e9aadc68,72541 2 72801 2 73061 3 73321 3 73581 4 73841 3 74101 3 74361 1
699f2992cd71e2e28cf45f81347ff22e76b37541ce88087742884cd0e9aadc68,25745 7 26003 9 26263 10 26522 11 26782 11 27042 10 27302 10 27563 7 27825 4
699f2992cd71e2e28cf45f81347ff22e76b37541ce88087742884cd0e9aadc68,68136 8 68393 11 68648 16 68906 18 69165 18 69425 17 69685 15 69947 4 69953 5
699f2992cd71e2e28cf45f81347ff22e76b37541ce88087742884cd0e9aadc68,49154 1 49407 9 49666 10 49926 10 50186 8 50446 7 50707 6 50968 4
699f2992cd71e2e28cf45f81347ff22e76b37541ce88087742884cd0e9aadc68,81918 2 82176 9 82435 13 82695 15 82955 16 83215 16 83475 16 83735 15 83995 14 84256 12 84515 12 84775 12 85034 13 85292 16 85551 17 85810 19 86069 21 86329 21 86589 22 86849 22 87110 21 87370 21 87631 19 87892 18 88154 15 88416 11 88682 2
699f2992cd71e2e28cf45f81347ff22e76b37541ce88087742884cd0e9aadc68,60336 2 60594 5 60854 6 61114 7 61373 9 61632 11 61649 5 61892 13 61908 7 62151 25 62412 24 62673 23 62934 22 63197 19 63459 16 63721 13 63983 10 64245 6
699f2992cd71e2e28cf45f81347ff22e76b37541ce88087742884cd0e9aadc68,41880 3 42139 5 42397 8 42656 10 42916 10 43176 11 43436 11 43698 10 43959 10 44219 10 44480 8 44740 6 45000 5 45260 3 45520 2
699f2992cd71e2e28cf45f81347ff22e76b37541ce88087742884cd0e9aadc68,50472 2 50730 5 50989 7 51248 8 51508 8 51768 8 52029 7 52290 6 52551 4 52811 3 53071 2 53327 5 53585 7 53844 5
699f2992cd71e2e28cf45f81347ff22e76b37541ce88087742884cd0e9aadc68,39025 3 39285 4 39545 3 39806 1
699f2992cd71e2e28cf45f81347ff22e76b37541ce88087742884cd0e9aadc68,33837 1 34094 8 34352 11 34611 12 34871 12 35130 13 35390 13 35650 12 35910 12 36170 11 36430 10 36690 10 36951 7 37210 7 37470 7 37730 4 37991 2 38252 1
699f2992cd71e2e28cf45f81347ff22e76b37541ce88087742884cd0e9aadc68,2381 6 2639 10 2898 13 3157 15 3416 17 3675 19 3934 21 4194 22 4453 23 4713 24 4973 25 5232 26 5492 26 5753 25 6014 23 6275 4 6289 8 6550 5
699f2992cd71e2e28cf45f81347ff22e76b37541ce88087742884cd0e9aadc68,19543 10 19554 5 19801 22 20060 24 20318 26 20577 27 20837 27 21096 28 21356 27 21615 28 21876 26 22137 20 22400 12 22661 9 22922 6 23183 3
699f2992cd71e2e28cf45f81347ff22e76b37541ce88087742884cd0e9aadc68,58018 6 58277 10 58536 12 58796 13 59056 13 59316 13 59577 11 59838 10 60103 4
699f2992cd71e2e28cf45f81347ff22e76b37541ce88087742884cd0e9aadc68,12000 9 12258 13 12518 15 12777 17 13037 18 13297 18 13557 18 13817 19 14077 19 14337 18 14598 17 14859 15 15122 9
699f2992cd71e2e28cf45f81347ff22e76b37541ce88087742884cd0e9aadc68,41382 2 41641 5 41900 7 42160 8 42420 9 42680 9 42940 9 43200 8 43461 6
699f2992cd71e2e28cf45f81347ff22e76b37541ce88087742884cd0e9aadc68,15395 4 15653 9 15912 10 16170 13 16428 15 16687 16 16946 17 17206 17 17467 17 17729 15 17990 13 18252 10 18513 7
699f2992cd71e2e28cf45f81347ff22e76b37541ce88087742884cd0e9aadc68,50496 2 50754 8 51012 12 51271 14 51530 16 51789 17 52050 16 52311 15 52572 13 52835 7
699f2992cd71e2e28cf45f81347ff22e76b37541ce88087742884cd0e9aadc68,30997 5 31257 5 31517 6 31777 6 32037 6 32296 8 32555 10 32814 11 33074 11 33334 11 33594 10 33855 6
699f2992cd71e2e28cf45f81347ff22e76b37541ce88087742884cd0e9aadc68,69227 6 69485 10 69743 13 70002 14 70261 15 70520 16 70780 15 71040 12 71302 6
699f2992cd71e2e28cf45f81347ff22e76b37541ce88087742884cd0e9aadc68,60645 4 60903 7 61162 8 61422 8 61681 9 61941 8 62201 7 62462 4
699f2992cd71e2e28cf45f81347ff22e76b37541ce88087742884cd0e9aadc68,28415 4 28674 11 28934 15 29194 17 29454 18 29715 17 29976 14 30237 11
699f2992cd71e2e28cf45f81347ff22e76b37541ce88087742884cd0e9aadc68,42208 6 42466 10 42725 12 42984 14 43244 15 43504 15 43764 15 44023 16 44283 15 44543 14 44803 12 45063 9 45323 8 45584 6 45846 2
699f2992cd71e2e28cf45f81347ff22e76b37541ce88087742884cd0e9aadc68,22984 4 23242 7 23501 9 23760 11 24019 12 24277 14 24530 21 24788 23 25047 24 25307 24 25566 25 25827 24 26087 23 26348 21 26609 9 26619 10 26871 4 26880 8 27139 9 27399 9 27659 10 27919 10 28179 10 28439 10 28700 9 28960 9 29221 8 29482 7 29742 7 30002 6 30263 4
699f2992cd71e2e28cf45f81347ff22e76b37541ce88087742884cd0e9aadc68,50273 7 50531 9 50790 11 51050 10 51309 11 51568 11 51828 10 52088 9 52348 8 52608 6 52869 4
699f2992cd71e2e28cf45f81347ff22e76b37541ce88087742884cd0e9aadc68,55736 9 55992 15 56250 18 56509 20 56768 22 57028 23 57289 24 57550 24 57816 4 57825 9 58086 8 58347 8 58607 8 58867 9 59127 9 59387 9 59647 9 59907 8 60168 6 60429 3
699f2992cd71e2e28cf45f81347ff22e76b37541ce88087742884cd0e9aadc68,66141 5 66399 8 66654 3 66658 10 66913 16 67173 16 67432 17 67692 17 67952 16 68212 16 68472 15 68733 14 68994 13 69255 11 69517 9 69779 5
699f2992cd71e2e28cf45f81347ff22e76b37541ce88087742884cd0e9aadc68,94 11 107 7 354 21 614 21 874 22 1135 6 1144 12 1396 3 1404 12 1664 12 1925 10 2185 9 2446 8 2708 4
699f2992cd71e2e28cf45f81347ff22e76b37541ce88087742884cd0e9aadc68,6928 3 7185 8 7443 11 7701 13 7960 14 8219 15 8478 16 8731 4 8737 16 8989 23 9247 24 9507 23 9766 22 10025 20 10285 16 10544 17 10803 18 11063 19 11323 21 11583 22 11843 23 12103 23 12363 24 12587 3 12623 24 12845 7 12884 7 12896 10 13103 10 13143 5 13159 6 13362 13 13401 7 13621 26 13649 1 13658 11 13881 49 14140 50 14400 50 14659 50 14918 50 15178 49 15438 48 15698 46 15959 19 15990 1 16219 14 16480 13 16739 14 16997 16 17256 17 17515 18 17775 19 18035 18 18296 17 18558 14 18822 7
699f2992cd71e2e28cf45f81347ff22e76b37541ce88087742884cd0e9aadc68,45078 14 45337 17 45596 18 45855 20 46115 20 46377 18 46638 16 46903 2
699f2992cd71e2e28cf45f81347ff22e76b37541ce88087742884cd0e9aadc68,73947 5 74205 9 74463 13 74722 14 74981 15 75240 16 75499 17 75759 15 76018 14 76278 12 76539 9 76800 7
699f2992cd71e2e28cf45f81347ff22e76b37541ce88087742884cd0e9aadc68,69794 6 70052 9 70309 12 70567 13 70826 14 71085 14 71344 15 71604 14 71864 13 72124 12 72384 10 72644 9 72905 6 73166 3
699f2992cd71e2e28cf45f81347ff22e76b37541ce88087742884cd0e9aadc68,6092 7 6349 14 6609 16 6868 18 7128 19 7389 19 7649 19 7909 19 8171 16 8434 11
699f2992cd71e2e28cf45f81347ff22e76b37541ce88087742884cd0e9aadc68,35994 2 36253 4 36513 3 36774 1
699f2992cd71e2e28cf45f81347ff22e76b37541ce88087742884cd0e9aadc68,38333 1
699f2992cd71e2e28cf45f81347ff22e76b37541ce88087742884cd0e9aadc68,38605 4 38863 8 39120 12 39379 14 39638 15 39898 15 40158 15 40419 14 40680 13 40942 10 41205 6
699f2992cd71e2e28cf45f81347ff22e76b37541ce88087742884cd0e9aadc68,55244 2 55503 6 55763 6 56023 7 56283 8 56543 8 56803 7 57062 7 57322 7 57582 7 57842 8 58101 9 58362 8 58622 8 58884 5 59146 2
699f2992cd71e2e28cf45f81347ff22e76b37541ce88087742884cd0e9aadc68,16514 2 16769 15 17028 21 17287 23 17546 24 17806 24 18068 21 18332 15 18598 3
699f2992cd71e2e28cf45f81347ff22e76b37541ce88087742884cd0e9aadc68,10791 3 11049 6 11309 7 11568 8 11828 9 12088 8 12348 8 12609 6 12871 3
699f2992cd71e2e28cf45f81347ff22e76b37541ce88087742884cd0e9aadc68,78395 1 78651 9 78910 11 79169 13 79428 15 79688 15 79948 15 80208 15 80469 14 80730 13 80992 11 81254 8 81517 4
699f2992cd71e2e28cf45f81347ff22e76b37541ce88087742884cd0e9aadc68,35502 8 35759 13 36018 14 36277 15 36536 16 36795 16 37055 15 37315 14 37576 12 37837 9 38098 3
699f2992cd71e2e28cf45f81347ff22e76b37541ce88087742884cd0e9aadc68,3533 4 3784 16 4041 19 4299 22 4559 22 4818 22 5079 20 5340 17 5602 10
699f2992cd71e2e28cf45f81347ff22e76b37541ce88087742884cd0e9aadc68,63325 1 63583 5 63842 6 64101 8 64361 8 64620 8 64879 9 65139 9 65399 8 65659 8 65920 6 66181 4
699f2992cd71e2e28cf45f81347ff22e76b37541ce88087742884cd0e9aadc68,67749 4 68008 8 68266 11 68524 13 68783 14 69042 14 69302 14 69562 13 69822 12 70082 12 70342 11 70603 8
699f2992cd71e2e28cf45f81347ff22e76b37541ce88087742884cd0e9aadc68,37087 3 37346 6 37605 8 37865 8 38125 8 38385 9 38645 9 38905 10 39165 10 39186 9 39424 11 39442 15 39684 11 39699 19 39943 13 39957 21 40203 35 40448 9 40462 35 40706 28 40737 19 40965 28 41000 10 41224 22 41484 20 41743 20 42003 10 42018 3 42265 6
699f2992cd71e2e28cf45f81347ff22e76b37541ce88087742884cd0e9aadc68,48766 9 49024 12 49284 13 49544 14 49804 14 50065 13 50326 12 50587 10 50849 7
699f2992cd71e2e28cf45f81347ff22e76b37541ce88087742884cd0e9aadc68,87258 2 87517 8 87777 9 88036 11 88296 11 88557 10 88816 11 89076 9 89335 8 89595 7 89855 7 90115 7
699f2992cd71e2e28cf45f81347ff22e76b37541ce88087742884cd0e9aadc68,196 17 455 18 700 5 713 21 957 10 972 21 1215 14 1231 22 1473 39 1729 42 1987 41 2245 41 2504 39 2764 31 3025 30 3287 30 3320 10 3548 45 3809 46 4070 46 4334 42 4595 42 4856 41 5117 40 5379 38 5641 12 5658 18 5903 8 5920 16 6167 1 6182 14 6443 12 6703 12 6964 10 7225 9 7486 8 7748 5
699f2992cd71e2e28cf45f81347ff22e76b37541ce88087742884cd0e9aadc68,42559 4 42817 8 43074 12 43333 13 43592 14 43852 14 44112 14 44371 14 44631 13 44891 12 45151 11 45412 8
699f2992cd71e2e28cf45f81347ff22e76b37541ce88087742884cd0e9aadc68,23325 4 23579 12 23838 14 24097 15 24356 16 24614 18 24873 19 25132 19 25392 19 25652 18 25912 17 26172 16 26434 13 26696 4
699f2992cd71e2e28cf45f81347ff22e76b37541ce88087742884cd0e9aadc68,10576 9 10834 13 11093 15 11353 16 11613 16 11873 16 12133 16 12394 15 12655 14 12919 9 13182 5
699f2992cd71e2e28cf45f81347ff22e76b37541ce88087742884cd0e9aadc68,52444 2 52701 6 52958 10 53216 12 53475 13 53734 14 53994 15 54254 15 54514 16 54774 17 55035 16 55297 2 55302 10 55562 10 55823 9 56083 10 56344 10 56604 11 56865 10 57125 11 57385 12 57645 13 57905 13 58166 12 58426 11 58687 9
699f2992cd71e2e28cf45f81347ff22e76b37541ce88087742884cd0e9aadc68,18378 6 18637 8 18896 10 19156 11 19416 11 19676 12 19936 12 20197 11 20457 10 20718 9 20978 9 21240 6 21502 3
699f2992cd71e2e28cf45f81347ff22e76b37541ce88087742884cd0e9aadc68,46463 4 46721 7 46980 9 47240 10 47499 11 47759 12 48019 12 48279 12 48538 13 48798 13 49058 13 49074 9 49318 27 49579 26 49839 27 50100 7 50109 17 50363 2 50370 15 50631 13 50892 10
699f2992cd71e2e28cf45f81347ff22e76b37541ce88087742884cd0e9aadc68,31387 4 31646 6 31904 9 32163 10 32423 11 32682 12 32942 12 33202 12 33462 11 33722 11 33983 9 34244 7 34504 6 34766 2
699f2992cd71e2e28cf45f81347ff22e76b37541ce88087742884cd0e9aadc68,86786 2 87043 7 87301 12 87560 15 87819 17 88078 19 88337 21 88596 23 88856 23 89116 24 89376 25 89638 23 89904 17 90164 17
699f2992cd71e2e28cf45f81347ff22e76b37541ce88087742884cd0e9aadc68,30362 3 30620 6 30879 8 31139 9 31398 10 31658 10 31917 11 32177 12 32437 12 32697 13 32957 13 33217 13 33477 13 33738 12 33998 11 34259 10 34520 8 34781 6 35042 2
699f2992cd71e2e28cf45f81347ff22e76b37541ce88087742884cd0e9aadc68,62862 8 63118 14 63377 15 63637 16 63897 16 64157 15 64418 14 64679 12 64940 9 65202 5
699f2992cd71e2e28cf45f81347ff22e76b37541ce88087742884cd0e9aadc68,65725 4 65982 9 66240 12 66499 14 66758 16 67018 15 67278 15 67539 14 67800 12 68061 10 68322 8 68583 5
699f2992cd71e2e28cf45f81347ff22e76b37541ce88087742884cd0e9aadc68,51941 5 52199 8 52459 8 52719 9 52979 8 53240 7 53502 4
699f2992cd71e2e28cf45f81347ff22e76b37541ce88087742884cd0e9aadc68,74057 4 74315 7 74574 8 74833 10 75092 11 75351 12 75610 13 75868 14 76127 15 76386 15 76645 15 76903 16 77162 15 77421 15 77680 16 77940 15 78200 14 78460 13 78720 13 78980 11 79240 10 79501 8 79761 7 80022 4
699f2992cd71e2e28cf45f81347ff22e76b37541ce88087742884cd0e9aadc68,44154 4 44412 9 44429 6 44672 24 44931 26 45191 26 45451 26 45711 26 45971 25 46231 24 46490 17 46749 17 47009 16 47269 15 47529 13 47789 11 48049 9 48310 6
699f2992cd71e2e28cf45f81347ff22e76b37541ce88087742884cd0e9aadc68,8017 8 8275 12 8534 14 8794 15 9053 17 9313 17 9574 17 9834 18 10095 17 10356 17 10619 15 10879 15 11139 15 11399 15 11659 4 11664 9 11925 7 12186 5 12446 4 12707 2
699f2992cd71e2e28cf45f81347ff22e76b37541ce88087742884cd0e9aadc68,35854 4 36112 8 36370 11 36628 13 36887 14 37146 15 37403 18 37661 20 37919 21 38178 22 38437 22 38696 22 38956 20 39215 18 39475 17 39734 18 39994 18 40254 17 40514 17 40774 16 41035 14 41296 12 41557 9 41819 3
699f2992cd71e2e28cf45f81347ff22e76b37541ce88087742884cd0e9aadc68,53265 3 53522 8 53781 10 54040 11 54300 11 54560 11 54819 12 55079 12 55339 12 55599 12 55858 12 56118 12 56377 12 56637 12 56897 12 57157 12 57416 13 57676 13 57936 12 58196 12 58456 11 58717 10 58977 9 59237 9 59498 7 59758 7 60018 7 60279 4
699f2992cd71e2e28cf45f81347ff22e76b37541ce88087742884cd0e9aadc68,77964 3 78223 6 78481 9 78739 12 78998 13 79257 13 79516 14 79776 14 80036 13 80296 12 80557 10 80818 8 81080 6 81341 10 81601 13 81860 15 82119 17 82379 17 82639 17 82900 16 83161 16 83422 22 83683 22 83946 20 84214 12 84474 13 84734 12 84994 12 85254 12 85514 11 85774 10 86034 8
699f2992cd71e2e28cf45f81347ff22e76b37541ce88087742884cd0e9aadc68,27279 2 27285 4 27529 23 27788 26 28047 29 28306 35 28566 35 28825 36 29085 36 29345 36 29605 36 29865 36 30125 36 30386 35 30647 34 30908 27 31169 25 31429 25 31689 25 31950 24 32212 22 32474 21 32739 20 33002 19 33262 19 33522 19 33781 20 34041 20 34301 20 34562 19 34824 17 35087 14 35347 14 35606 15 35866 15 36125 16 36385 16 36646 15 36908 13
699f2992cd71e2e28cf45f81347ff22e76b37541ce88087742884cd0e9aadc68,13494 5 13753 8 14012 11 14271 13 14531 14 14791 14 15050 16 15309 17 15568 18 15828 18 16087 19 16347 19 16607 18 16867 18 17127 17 17387 16 17647 15 17907 14 18168 12 18429 9
699f2992cd71e2e28cf45f81347ff22e76b37541ce88087742884cd0e9aadc68,56921 7 57179 10 57438 12 57697 14 57956 15 58216 14 58475 15 58735 14 58996 13 59257 11 59518 11 59778 12 60038 13 60298 13 60557 15 60817 16 61077 16 61337 17 61597 16 61857 16 62117 15 62378 13 62638 11 62897 6 63154 9 63411 12 63668 16 63927 18 64187 18 64447 19 64707 19 64967 18 65228 17 65488 16 65750 12 66011 9 66275 2
699f2992cd71e2e28cf45f81347ff22e76b37541ce88087742884cd0e9aadc68,18963 1 19220 7 19478 10 19736 12 19994 14 20253 15 20512 15 20771 15 21030 15 21290 14 21550 13 21810 12 22070 10 22332 6
699f2992cd71e2e28cf45f81347ff22e76b37541ce88087742884cd0e9aadc68,87599 4 87857 8 88115 11 88373 14 88632 16 88891 17 89151 18 89411 18 89670 19 89930 19 90190 19
699f2992cd71e2e28cf45f81347ff22e76b37541ce88087742884cd0e9aadc68,233 13 493 14 754 13 1016 12 1277 12 1537 12 1797 13 2057 13 2318 12 2579 11 2841 9
699f2992cd71e2e28cf45f81347ff22e76b37541ce88087742884cd0e9aadc68,6758 3 7015 6 7274 7 7534 7 7793 8 8052 9 8310 11 8567 14 8825 16 9084 17 9342 19 9601 20 9860 21 10120 21 10380 21 10641 20 10902 19 11167 11
699f2992cd71e2e28cf45f81347ff22e76b37541ce88087742884cd0e9aadc68,62136 5 62394 7 62653 8 62913 8 63173 8 63433 8 63693 8 63953 8 64215 6 64476 5 64737 4 64998 3 65259 2
699f2992cd71e2e28cf45f81347ff22e76b37541ce88087742884cd0e9aadc68,50958 3 51216 5 51474 7 51734 6 51995 4
699f2992cd71e2e28cf45f81347ff22e76b37541ce88087742884cd0e9aadc68,88917 3 89175 6 89435 6 89694 7 89954 7 90214 7
699f2992cd71e2e28cf45f81347ff22e76b37541ce88087742884cd0e9aadc68,17419 2 17678 3 17937 4 18197 4 18457 4 18717 4 18977 4 19238 3 19500 1
699f2992cd71e2e28cf45f81347ff22e76b37541ce88087742884cd0e9aadc68,57459 2 57719 2 57979 2 58239 2
78a981bd27ba0c65a9169548665a17bda9f49050d0d3893a6567d1eb92cd003d,1 18 521 18 1041 18 1561 18 2081 18 2601 18 3121 17 3641 16 4161 13 4681 10 5201 6 5721 4
78a981bd27ba0c65a9169548665a17bda9f49050d0d3893a6567d1eb92cd003d,7819 4 8337 9 8853 14 9372 16 9889 9 9903 6 10403 14 10425 5 10921 15 10945 5 11441 11 11453 3 11465 5 11961 8 11973 4 11984 6 12481 3 12492 17 13001 3 13011 17 13521 2 13531 14 14041 2 14050 12 14561 3 14568 10 15081 3 15087 8 15601 11 16121 10 16641 9 17161 9 17681 8 18201 7 18724 2
78a981bd27ba0c65a9169548665a17bda9f49050d0d3893a6567d1eb92cd003d,27049 1 27568 3 27573 6 28087 14 28608 15 29128 16 29641 23 30161 24 30681 24 31201 24 31721 24 32241 24 32761 23 33284 20 33807 16 34330 12 34852 9
78a981bd27ba0c65a9169548665a17bda9f49050d0d3893a6567d1eb92cd003d,50441 2 50961 3 51481 4 51496 1 52001 5 52011 10 52521 5 52530 13 53041 6 53049 15 53561 24 54081 25 54601 25 55121 25 55641 5 55648 18 56161 4 56168 18 56681 3 56689 16 57201 1 57210 14 57732 10 58256 5 58778 2
78a981bd27ba0c65a9169548665a17bda9f49050d0d3893a6567d1eb92cd003d,58241 1 58761 2 59281 3 59801 4 60321 4 60841 4 61361 4 61881 4 62401 3 62921 3 63441 2 63961 1
78a981bd27ba0c65a9169548665a17bda9f49050d0d3893a6567d1eb92cd003d,76961 3 77481 4 78001 5 78521 6 79041 7 79561 7 80081 7 80601 8 81121 8 81641 8 82161 7 82681 7 83201 6 83721 5 84241 4 84761 2
78a981bd27ba0c65a9169548665a17bda9f49050d0d3893a6567d1eb92cd003d,86850 9 87367 13 87883 18 88401 20 88921 20 89441 20 89961 20 90481 20 91001 19 91521 19 92043 16 92564 14 93085 12 93606 10 94128 7
78a981bd27ba0c65a9169548665a17bda9f49050d0d3893a6567d1eb92cd003d,101927 5 102444 11 102963 13 103482 14 104001 16 104521 16 105041 16 105561 16 106081 16 106601 16 107121 16 107641 16 108161 15 108681 15 109201 15 109721 15 110241 15 110761 14 111281 13 111801 12 112321 10 112841 7 113361 6 113881 6 114401 6 114921 6 115441 6 115961 6 116481 5 117001 5 117521 4 118041 3 118561 3 119081 2 119601 2 120121 3 120641 3 121161 4 121681 4 122201 4 122721 3 123241 2
78a981bd27ba0c65a9169548665a17bda9f49050d0d3893a6567d1eb92cd003d,126881 9 127401 11 127921 13 128441 14 128961 15 129481 16 130001 17 130521 17 131041 18 131561 18 132081 18 132601 18 133121 18 133641 18 134161 18 134681 18 135201 18 135721 17 136241 17 136761 16 137281 16 137801 15 138321 13 138841 12 139364 6
78a981bd27ba0c65a9169548665a17bda9f49050d0d3893a6567d1eb92cd003d,148201 2 148721 2 149241 3 149761 3 150281 3 150801 3 151321 3 151841 2 152361 2 152881 1
78a981bd27ba0c65a9169548665a17bda9f49050d0d3893a6567d1eb92cd003d,172126 2 172644 5 173164 5 173684 5 174204 6 174725 5 175246 4
78a981bd27ba0c65a9169548665a17bda9f49050d0d3893a6567d1eb92cd003d,63448 6 63967 8 64487 9 65006 11 65526 11 66046 11 66565 13 67085 13 67605 13 68125 14 68648 11 69168 11 69689 9 70209 2 70214 3
78a981bd27ba0c65a9169548665a17bda9f49050d0d3893a6567d1eb92cd003d,152908 6 153427 8 153946 9 154466 9 154986 9 155505 9 156025 9 156545 9 157063 11 157582 11 158101 12 158619 13 159138 14 159656 15 160175 16 160693 17 161211 19 161731 18 162250 18 162769 19 163288 19 163808 18 164328 16 164849 14 165370 11 165893 4
78a981bd27ba0c65a9169548665a17bda9f49050d0d3893a6567d1eb92cd003d,72820 3 73336 9 73854 13 74373 15 74892 18 75412 20 75932 20 76451 22 76971 22 77491 22 78011 23 78531 22 79052 21 79572 21 80093 19 80614 17 81134 17 81655 15 82176 13 82698 10 83220 6 83741 4
78a981bd27ba0c65a9169548665a17bda9f49050d0d3893a6567d1eb92cd003d,44745 1 45263 6 45782 8 46301 10 46820 12 47340 13 47860 14 48380 14 48900 14 49420 14 49941 13 50462 11 50984 8
78a981bd27ba0c65a9169548665a17bda9f49050d0d3893a6567d1eb92cd003d,168516 4 169032 11 169550 14 170067 18 170585 21 171104 22 171623 23 172142 24 172661 25 173181 25 173700 25 174220 23 174740 20 175260 18 175780 16 176300 15 176821 13 177342 10 177866 4
78a981bd27ba0c65a9169548665a17bda9f49050d0d3893a6567d1eb92cd003d,93127 1 93646 2 94162 1 94165 2 94682 6 95192 8 95203 5 95709 14 96228 16 96747 18 97267 19 97786 20 98306 20 98826 21 99345 26 99865 29 100385 30 100906 29 101426 29 101947 28 102467 26 102987 22 103507 19 104026 18 104546 17 105065 17 105586 17 106106 18 106625 20 107144 22 107664 23 108185 23 108705 25 109226 27 109747 28 110269 28 110792 26 111313 26 111834 26 112354 26 112874 27 113394 28 113914 28 114434 28 114954 29 115474 29 115995 28 116515 28 117036 26 117556 26 118077 23 118599 19 119121 14 119643 9
78a981bd27ba0c65a9169548665a17bda9f49050d0d3893a6567d1eb92cd003d,34 20 554 20 1074 20 1594 20 2113 21 2633 22 3152 23 3670 25 4190 25 4710 24 5230 24 5750 23 6270 22 6791 20 7312 18 7834 14 8356 11 8878 6
78a981bd27ba0c65a9169548665a17bda9f49050d0d3893a6567d1eb92cd003d,31242 2 31760 8 32279 10 32799 9 33320 9 33841 8 34361 8 34371 1 34881 8 34890 3 35400 8 35409 4 35919 8 35929 4 36438 9 36449 5 36958 2 36964 3 36969 5 37478 1 37485 2 37488 5 37996 2 38006 7 38516 2 38526 6 39036 3 39045 6 39557 2 39565 4
78a981bd27ba0c65a9169548665a17bda9f49050d0d3893a6567d1eb92cd003d,55162 12 55680 15 56199 17 56719 17 57239 17 57758 18 58278 18 58797 19 59317 19 59837 27 60357 28 60878 28 61398 28 61919 28 62440 27 62963 1 62971 16 63491 16 64010 17 64530 17 65050 17 65570 16 66090 16 66610 16 67131 14 67652 12 68172 11 68693 9 69216 3
78a981bd27ba0c65a9169548665a17bda9f49050d0d3893a6567d1eb92cd003d,90003 3 90523 4 91042 4 91563 3 92083 3 92604 1
78a981bd27ba0c65a9169548665a17bda9f49050d0d3893a6567d1eb92cd003d,130566 5 131084 8 131603 10 132123 11 132642 12 133162 13 133682 13 134202 13 134722 13 135242 13 135762 13 136282 12 136802 12 137322 10 137843 8 138364 5
78a981bd27ba0c65a9169548665a17bda9f49050d0d3893a6567d1eb92cd003d,123806 6 124325 8 124844 10 125365 10 125885 12 126406 12 126927 11 127448 11 127968 11 128488 11 129009 9 129530 7 130052 3
78a981bd27ba0c65a9169548665a17bda9f49050d0d3893a6567d1eb92cd003d,156114 6 156632 8 157148 12 157665 15 158183 17 158702 18 159222 17 159741 18 160261 18 160780 19 161285 3 161300 18 161768 6 161799 11 161820 18 161872 3 162287 9 162318 13 162340 18 162389 11 162807 10 162837 14 162860 26 162907 14 163326 12 163356 15 163380 29 163425 17 163845 14 163875 16 163900 32 163944 18 164364 16 164382 1 164394 16 164420 33 164463 19 164884 21 164913 16 164940 36 164983 19 165404 22 165432 16 165460 62 165924 44 165981 10 165993 49 166444 44 166502 7 166513 48 166964 47 167033 47 167484 50 167553 46 168005 52 168073 33 168112 5 168525 54 168593 32 169046 55 169113 32 169567 55 169634 30 170088 54 170154 29 170609 54 170675 27 171132 51 171188 32 171653 51 171707 31 172175 5 172184 41 172226 17 172245 12 172707 55 172768 8 173235 47 173291 5 173756 47 174276 28 174305 18 174797 26 174825 18 175318 24 175346 17 175839 21 175866 16 176360 18 176386 16 176882 13 176906 14 177405 2 177427 11 177949 7
78a981bd27ba0c65a9169548665a17bda9f49050d0d3893a6567d1eb92cd003d,127 21 646 22 1165 23 1684 25 2203 26 2722 27 3242 27 3733 6 3761 27 4252 12 4281 27 4770 16 4801 27 5288 20 5321 27 5806 23 5842 26 6319 31 6362 25 6837 34 6882 26 7356 36 7403 26 7864 2 7868 2 7874 38 7923 26 8379 54 8444 26 8898 56 8964 26 9416 58 9484 27 9934 60 10004 27 10454 59 10524 28 10974 59 11044 29 11494 58 11564 29 12014 57 12085 28 12534 55 12606 27 13055 51 13126 27 13576 47 13646 27 14097 45 14167 26 14618 43 14687 25 15141 39 15208 24 15666 35 15728 23 16190 33 16249 21 16714 36 16770 19 17234 38 17290 16 17754 39 17809 15 18273 41 18328 15 18793 42 18847 16 19309 47 19366 17 19828 48 19885 18 20348 48 20404 19 20868 49 20924 19 21387 50 21444 19 21907 25 21935 22 21964 19 22427 24 22456 21 22484 18 22947 23 22977 20 23004 18 23468 21 23497 19 23523 19 23988 20 24018 18 24039 22 24509 18 24540 40 25030 18 25066 2 25071 29 25551 17 25591 28 26071 17 26110 27 26592 16 26629 26 27112 16 27149 23 27633 15 27668 24 28154 14 28187 25 28675 12 28707 25 29196 9 29227 25 29717 7 29747 25 30238 5 30266 25 30786 25 31306 24 31825 25 32344 25 32863 25 33382 14 33402 4 33902 13 34421 14 34440 5 34941 13 34958 8 35462 13 35476 11 35982 25 36503 25 37026 23 37550 20 38070 20 38590 20 39110 20 39630 20 40150 19 40670 18 41190 17 41710 15 42231 14 42753 11 43274 8 43796 4
78a981bd27ba0c65a9169548665a17bda9f49050d0d3893a6567d1eb92cd003d,41669 12 42186 16 42705 18 43224 19 43743 22 44263 24 44782 26 45302 27 45821 28 46341 28 46860 29 47380 28 47900 27 48419 27 48939 26 49459 20 49481 1 49979 19 50499 19 51019 18 51539 16 52058 15 52578 12 53098 3
78a981bd27ba0c65a9169548665a17bda9f49050d0d3893a6567d1eb92cd003d,130064 1 130578 7 131098 6 131618 6 132138 5 132659 4
78a981bd27ba0c65a9169548665a17bda9f49050d0d3893a6567d1eb92cd003d,118634 9 119152 13 119670 16 120189 18 120707 21 121226 23 121745 24 122265 25 122784 26 123304 26 123823 27 124339 2 124343 27 124859 31 125379 4 125385 25 125899 3 125906 23 126427 21 126949 18 127471 14 127995 7
78a981bd27ba0c65a9169548665a17bda9f49050d0d3893a6567d1eb92cd003d,62 39 582 38 1102 37 1622 36 2142 35 2663 32 3184 17 3704 17 4226 14 4747 12 5270 7
78a981bd27ba0c65a9169548665a17bda9f49050d0d3893a6567d1eb92cd003d,60919 1 61436 6 61954 11 62473 13 62993 13 63512 15 64032 16 64552 16 65073 16 65593 16 66113 16 66633 16 67153 15 67674 14 68194 13 68716 9 68748 5 69237 7 69264 10 69759 7 69783 12 70281 8 70301 15 70800 12 70818 18 71319 15 71336 20 71838 39 71881 5 72357 40 72400 8 72431 4 72876 41 72919 11 72942 15 73395 43 73439 13 73457 21 73914 59 73975 23 74434 84 74953 84 75473 82 75992 23 76017 57 76512 23 76538 56 77031 23 77058 56 77551 22 77579 55 78071 21 78100 53 78590 20 78621 51 79109 19 79142 48 79627 16 79664 45 80146 15 80197 14 80213 9 80665 15 80718 12 81184 15 81238 11 81704 14 81759 10 82224 14 82279 9 82744 14 82800 5 83264 14 83784 13 84304 13 84825 12 85346 11 85868 10 86391 8 86400 7 86912 16 87432 17 87953 17 88473 17 88993 18 89514 17 90035 15 90557 13 91078 12 91599 10 92123 4
78a981bd27ba0c65a9169548665a17bda9f49050d0d3893a6567d1eb92cd003d,132169 2 132686 7 133202 11 133720 13 134238 15 134757 16 135276 17 135796 14 136316 14 136332 4 136837 26 137358 26 137879 26 138400 26 138924 2 138928 19 139449 18 139969 18 140488 19 141008 19 141528 18 142048 17 142568 17 143088 17 143608 16 144128 15 144648 15 145169 13 145689 12 146211 9 146733 5
78a981bd27ba0c65a9169548665a17bda9f49050d0d3893a6567d1eb92cd003d,97849 2 98367 7 98886 9 99405 11 99925 11 100445 11 100966 9 101487 8 102009 3
78a981bd27ba0c65a9169548665a17bda9f49050d0d3893a6567d1eb92cd003d,149334 5 149852 8 150371 10 150891 10 151411 9 151931 9 152451 8 152972 4
78a981bd27ba0c65a9169548665a17bda9f49050d0d3893a6567d1eb92cd003d,102541 6 103058 10 103577 11 104097 12 104617 18 105138 20 105659 20 106181 19 106704 16 107225 15 107745 15 108265 15 108785 15 109305 15 109826 15 110346 15 110866 15 111386 15 111907 14 112427 14 112948 13 113469 11 113990 9 114511 7
78a981bd27ba0c65a9169548665a17bda9f49050d0d3893a6567d1eb92cd003d,59389 4 59907 10 60424 15 60943 18 61462 20 61982 20 62502 21 63022 21 63543 20 64063 21 64584 20 65104 19 65625 18 66146 16 66669 10
78a981bd27ba0c65a9169548665a17bda9f49050d0d3893a6567d1eb92cd003d,89550 2 90069 4 90585 8 91105 8 91624 13 92144 14 92664 14 93184 14 93705 14 94226 13 94747 11 95268 9
78a981bd27ba0c65a9169548665a17bda9f49050d0d3893a6567d1eb92cd003d,136891 2 137407 9 137924 13 138443 16 138962 19 139481 21 140001 21 140521 21 141041 20 141561 20 142081 20 142601 20 143122 19 143644 17 144166 15 144689 11 145210 8 145732 3
78a981bd27ba0c65a9169548665a17bda9f49050d0d3893a6567d1eb92cd003d,151454 9 151971 13 152489 16 153008 18 153527 19 154046 21 154565 22 155084 22 155603 23 156123 22 156642 23 157162 22 157683 19 158204 17 158724 16 159245 13 159766 10 160287 7
78a981bd27ba0c65a9169548665a17bda9f49050d0d3893a6567d1eb92cd003d,177451 4 177968 9 178487 12 179005 15 179524 18 180043 20 180562 22
78a981bd27ba0c65a9169548665a17bda9f49050d0d3893a6567d1eb92cd003d,45371 6 45889 9 46409 11 46928 13 47448 14 47968 15 48488 15 49008 16 49528 16 50048 16 50567 17 51086 18 51606 17 52126 17 52645 17 53165 17 53686 16 54206 15 54726 15 54743 10 55247 29 55768 29 56290 5 56298 20 56818 20 57338 20 57858 21 58377 22 58891 2 58897 22 59410 29 59928 31 60448 31 60967 32 61486 33 62006 33 62526 33 63046 32 63565 33 64085 33 64606 31 65127 29 65648 28 66169 21 66191 3 66690 18 67210 11 67731 9 68251 6 68771 5 69292 3 69814 1
78a981bd27ba0c65a9169548665a17bda9f49050d0d3893a6567d1eb92cd003d,103092 7 103610 13 104128 17 104648 18 105167 20 105687 21 106206 22 106726 22 107246 22 107765 23 108286 21 108806 20 109327 17 109849 13 110375 5
78a981bd27ba0c65a9169548665a17bda9f49050d0d3893a6567d1eb92cd003d,127535 1 128053 5 128571 7 129090 9 129609 10 130128 11 130647 12 131166 13 131686 13 132206 13 132726 12 133247 10 133769 7
78a981bd27ba0c65a9169548665a17bda9f49050d0d3893a6567d1eb92cd003d,32377 11 32895 15 33414 18 33933 21 34453 21 34972 23 35492 23 36012 24 36532 24 37052 24 37573 22 38093 22 38614 21 39135 19 39657 16 40178 14 40701 9
78a981bd27ba0c65a9169548665a17bda9f49050d0d3893a6567d1eb92cd003d,90616 2 91135 4 91654 5 92174 3
78a981bd27ba0c65a9169548665a17bda9f49050d0d3893a6567d1eb92cd003d,84401 7 84918 17 85436 20 85953 24 86472 25 86992 24 87511 25 88031 23 88550 22 89068 23 89587 24 90107 24 90626 24 91144 24 91663 24 92183 23 92702 23 93222 23 93741 15 93758 6 94260 15 94780 14 95300 14 95819 15 96339 15 96859 14 97380 13 97900 12 98421 11 98942 8 99464 2
78a981bd27ba0c65a9169548665a17bda9f49050d0d3893a6567d1eb92cd003d,149914 8 150433 10 150952 13 151471 15 151991 16 152510 18 153030 19 153550 19 154070 20 154590 20 155110 20 155631 20 156151 20 156671 20 157192 19 157712 18 158233 17 158753 16 159274 15 159796 11 160317 8
78a981bd27ba0c65a9169548665a17bda9f49050d0d3893a6567d1eb92cd003d,132774 2 133288 10 133805 14 134320 19 134838 21 135357 22 135876 22 136395 22 136914 23 137432 24 137951 24 138471 23 138991 21 139511 20 140032 16 140553 13 141077 3
78a981bd27ba0c65a9169548665a17bda9f49050d0d3893a6567d1eb92cd003d,88060 7 88075 3 88578 12 88593 6 89097 13 89113 7 89615 16 89632 8 90135 16 90152 8 90654 26 91173 28 91693 27 92213 27 92733 27 93253 27 93773 26 94293 22 94316 2 94814 19 94837 14 95334 19 95357 15 95854 18 95876 17 96371 20 96395 19 96889 20 96914 20 97408 16 97434 21 97928 15 97954 21 98447 15 98474 22 98967 15 98994 22 99487 14 99514 22 100006 15 100034 22 100524 17 100554 21 101043 21 101075 20 101562 22 101596 17 102082 22 102120 11 102602 21 102644 6 103122 21 103642 25 104163 26 104682 28 105198 17 105218 13 105716 15 105737 15 106234 16 106257 15 106753 17 106776 17 107273 18 107295 18 107793 18 107815 19 108312 20 108334 20 108832 20 108854 20 109352 20 109375 19 109872 19 109895 19 110392 18 110416 18 110913 15 110937 16 111434 11 111458 12 111985 3
78a981bd27ba0c65a9169548665a17bda9f49050d0d3893a6567d1eb92cd003d,23553 1 24073 2
78a981bd27ba0c65a9169548665a17bda9f49050d0d3893a6567d1eb92cd003d,18884 4 19402 8 19921 10 20441 10 20960 12 21480 12 22000 12 22519 12 23039 12 23560 10 24080 9 24601 5 25122 2
78a981bd27ba0c65a9169548665a17bda9f49050d0d3893a6567d1eb92cd003d,65183 9 65700 12 66218 14 66735 17 67254 17 67773 17 68291 16 68809 16 69328 16 69846 17 70365 17 70884 18 71404 17 71923 17 72443 3 72449 9 72962 3 72970 6
78a981bd27ba0c65a9169548665a17bda9f49050d0d3893a6567d1eb92cd003d,169178 4 169695 8 170213 14 170730 18 171249 20 171768 21 172287 22 172806 22 173326 21 173845 20 174365 19 174885 19 175405 18 175925 18 176445 17 176966 16 177486 16 178006 16 178526 16 179047 14 179567 13 180088 11 180609 10
78a981bd27ba0c65a9169548665a17bda9f49050d0d3893a6567d1eb92cd003d,52690 2 53209 4 53728 6 54248 7 54768 7 55287 8 55807 8 56327 8 56847 9 57368 8 57892 4 58413 3
78a981bd27ba0c65a9169548665a17bda9f49050d0d3893a6567d1eb92cd003d,147333 2 147340 3 147850 6 147858 7 148369 19 148889 23 149409 25 149929 27 150449 28 150969 29 151490 28 152011 28 152533 26 153055 25 153576 24 154096 25 154616 25 155137 24 155657 23 156178 22 156699 21 157221 19 157742 16 158264 13 158786 10
78a981bd27ba0c65a9169548665a17bda9f49050d0d3893a6567d1eb92cd003d,173 15 693 15 1213 15 1733 14 2253 14 2774 13 3295 12 3816 11 4338 8
78a981bd27ba0c65a9169548665a17bda9f49050d0d3893a6567d1eb92cd003d,159815 14 160334 16 160853 18 161373 19 161894 19 162414 19 162934 20 163454 21 163975 19 164496 18 165017 16 165537 15 166058 12 166579 9 167100 5
78a981bd27ba0c65a9169548665a17bda9f49050d0d3893a6567d1eb92cd003d,72464 5 72983 8 73502 10 74021 12 74541 12 75060 13 75579 14 76099 14 76619 14 77138 14 77658 8 77667 5 78178 15 78698 15 79219 14 79740 13 80262 11 80784 9 81304 9 81825 8 82346 6 82867 2
78a981bd27ba0c65a9169548665a17bda9f49050d0d3893a6567d1eb92cd003d,13714 7 14232 9 14751 10 15270 11 15790 10 16309 10 16828 11 17348 12 17867 13 18386 13 18905 14 19424 16 19943 17 20463 17 20984 15 21505 11 22026 4
78a981bd27ba0c65a9169548665a17bda9f49050d0d3893a6567d1eb92cd003d,199 6 719 6
78a981bd27ba0c65a9169548665a17bda9f49050d0d3893a6567d1eb92cd003d,66765 10 67284 12 67803 13 68323 13 68843 14 69362 15 69384 4 69881 28 70401 28 70920 29 71441 28 71963 24 72489 17 73009 16 73528 17 74048 17 74567 18 75086 19 75606 19 76125 19 76644 19 77164 19 77683 20 78203 20 78723 20 79242 21 79763 19 80284 17 80806 1 80809 10 81331 6 81852 4
78a981bd27ba0c65a9169548665a17bda9f49050d0d3893a6567d1eb92cd003d,6446 2 6965 4 7485 4 8005 4 8526 2
78a981bd27ba0c65a9169548665a17bda9f49050d0d3893a6567d1eb92cd003d,138015 8 138534 11 139052 14 139570 16 140090 17 140609 19 141129 19 141649 19 142168 20 142688 20 143207 21 143727 21 144246 22 144766 22 145286 21 145806 21 146327 19 146847 18 147368 16 147888 15 148409 13 148931 9 149455 2
78a981bd27ba0c65a9169548665a17bda9f49050d0d3893a6567d1eb92cd003d,177008 1 177527 2 178046 3
78a981bd27ba0c65a9169548665a17bda9f49050d0d3893a6567d1eb92cd003d,154647 9 155167 17 155687 18 156207 19 156727 19 157247 19 157767 19 158288 16 158808 14 159329 12 159850 11 160370 10 160891 9 161411 10 161931 11 162451 12 162970 14 163489 15 164008 17 164528 17 165047 19 165567 19 166087 19 166607 19 167128 18 167648 17 168169 16 168689 16 169210 14 169730 14 170251 13 170771 13 171292 11 171812 10 172334 6
78a981bd27ba0c65a9169548665a17bda9f49050d0d3893a6567d1eb92cd003d,13757 4 14263 3 14272 13 14782 25 15301 27 15820 28 16340 29 16861 28 17385 24 17906 23 18427 22 18948 20 19469 19 19991 17 20512 16 21034 13 21555 12 22079 6 22602 1
78a981bd27ba0c65a9169548665a17bda9f49050d0d3893a6567d1eb92cd003d,224 13 744 14 1263 16 1783 16 2302 18 2822 18 3342 18 3861 19 4381 19 4902 18 5422 17 5943 15 6464 13 6986 10 7508 6
78a981bd27ba0c65a9169548665a17bda9f49050d0d3893a6567d1eb92cd003d,177026 2 177544 5 178063 6 178582 6 179103 5 179109 1 179623 7 180143 7 180664 5
78a981bd27ba0c65a9169548665a17bda9f49050d0d3893a6567d1eb92cd003d,110990 3 111508 6 112028 12 112547 14 113066 9 113076 6 113586 9 113596 6 114106 9 114117 5 114625 11 114637 5 115145 17 115665 16 116185 14 116704 13 117224 12 117745 10 118267 6
78a981bd27ba0c65a9169548665a17bda9f49050d0d3893a6567d1eb92cd003d,99548 5 100067 7 100587 8 101107 8 101628 6 102148 6 102669 4 103189 3 103708 4 104228 4 104748 4
78a981bd27ba0c65a9169548665a17bda9f49050d0d3893a6567d1eb92cd003d,77725 6 78243 9 78761 11 79279 13 79798 14 80317 15 80836 16 81355 17 81874 18 82393 18 82423 2 82913 17 82942 5 83432 18 83461 7 83952 17 83978 10 84472 17 84497 13 84992 16 85017 15 85512 16 85537 17 86033 15 86058 16 86554 14 86578 16 87074 13 87099 14 87595 11 87620 11 88116 12 88147 5 88637 12 88666 9 89157 13 89184 12 89677 14 89703 15 90197 14 90222 17 90717 14 90741 18 91237 13 91260 20 91757 13 91780 20 92277 16 92299 21 92797 17 92819 20 93316 43 93364 7 93836 43 93882 8 94356 54 94876 54 95397 52 95917 51 96438 1 96440 47 96964 17 96983 23 97485 16 97502 23 98005 15 98021 23 98526 13 98541 22 99046 12 99061 21 99567 10 99582 18 100089 7 100102 16 100610 6 100622 14 101132 3 101143 11 101665 6
78a981bd27ba0c65a9169548665a17bda9f49050d0d3893a6567d1eb92cd003d,26755 3 27275 3 27795 3
78a981bd27ba0c65a9169548665a17bda9f49050d0d3893a6567d1eb92cd003d,167679 6 168197 9 168717 11 169236 12 169756 12 170275 12 170796 10 171317 8 171837 6
78a981bd27ba0c65a9169548665a17bda9f49050d0d3893a6567d1eb92cd003d,266 13 293 14 785 14 813 14 1305 15 1333 14 1824 18 1854 13 2343 20 2374 14 2852 6 2863 20 2894 14 3371 9 3383 20 3415 13 3891 10 3902 21 3935 13 4410 32 4455 13 4929 33 4976 12 5448 34 5496 12 5964 38 6016 12 6483 39 6536 12 7002 20 7024 17 7056 12 7521 21 7545 16 7575 13 8041 21 8065 16 8093 15 8561 20 8586 17 8612 17 9082 19 9107 19 9130 19 9602 19 9627 42 10122 19 10148 41 10642 18 10669 39 11162 17 11189 38 11683 15 11709 37 12204 11 12229 36 12727 4 12750 33 13271 30 13792 9 13805 12 14329 6
78a981bd27ba0c65a9169548665a17bda9f49050d0d3893a6567d1eb92cd003d,150529 4 151047 7 151566 10 152084 13 152603 15 153122 17 153642 17 154161 18 154681 18 155201 18 155721 18 156241 18 156761 18 157282 17 157802 17 158323 15 158844 13 159365 12 159886 10 160408 6
78a981bd27ba0c65a9169548665a17bda9f49050d0d3893a6567d1eb92cd003d,157828 6 158347 9 158866 11 159385 13 159903 16 160421 18 160940 19 161459 20 161978 21 162497 22 163017 22 163537 21 164056 21 164577 17 165097 16 165617 15 166138 14 166658 14 167180 13 167702 11 168224 9 168746 8 169267 7 169786 9 170304 12 170322 7 170823 14 170839 11 171342 28 171849 5 171861 30 172367 9 172380 32 172886 11 172900 32 173405 47 173924 47 174444 47 174963 47 175483 46 176002 47 176522 46 177042 31 177075 13 177092 4 177562 30 177596 12 177611 5 178082 28 178116 13 178131 4 178602 22 178636 16 179121 22 179157 14 179641 21 179678 11 180161 20 180200 8 180681 20 180721 6
78a981bd27ba0c65a9169548665a17bda9f49050d0d3893a6567d1eb92cd003d,37738 4 38257 7 38776 6 39296 5 39815 6 40332 8 40851 8 41370 9 41889 8 41899 3 42408 14 42926 15 43444 16 43963 16 44482 16 45002 11 45522 8 46043 4 46563 3 47083 4 47602 6 48121 8 48640 10 49159 12 49677 15 50195 17 50714 19 51234 19 51735 5 51753 20 52253 8 52273 19 52770 11 52793 19 53287 14 53313 17 53806 16 53833 15 54325 18 54348 1 54353 14 54844 27 54872 3 54881 4 55363 31 55883 30 56402 13 56418 13 56922 12 56939 11 57442 11 57459 10 57964 8 57979 10 58486 4 58499 10 59019 10 59539 9 60059 9 60580 8 61101 7 61622 5 62142 4
78a981bd27ba0c65a9169548665a17bda9f49050d0d3893a6567d1eb92cd003d,62129 6 62646 11 63165 13 63684 14 64204 14 64724 14 65245 13 65765 13 66287 8 66810 3
78a981bd27ba0c65a9169548665a17bda9f49050d0d3893a6567d1eb92cd003d,29913 4 30431 8 30950 10 31470 11 31989 12 32508 13 33028 13 33548 13 34068 13 34587 14 35105 15 35624 16 36144 14 36663 14 37183 13 37703 12 38223 12 38743 12 39264 10 39784 9 40306 5
78a981bd27ba0c65a9169548665a17bda9f49050d0d3893a6567d1eb92cd003d,143273 4 143790 9 144308 12 144827 13 145346 18 145866 18 146386 19 146906 19 147426 19 147947 18 148468 16 148989 13 149510 9 150032 3
78a981bd27ba0c65a9169548665a17bda9f49050d0d3893a6567d1eb92cd003d,69445 1 69962 6 70480 8 70998 10 71517 11 72035 13 72553 14 73071 16 73589 19 74109 20 74629 20 75149 3 75153 15 75669 1 75673 15 76193 14 76713 3 76717 1 76721 5 77242 3
78a981bd27ba0c65a9169548665a17bda9f49050d0d3893a6567d1eb92cd003d,134435 6 134952 11 135471 13 135990 15 136510 16 137030 17 137550 17 138069 17 138589 17 139109 16 139629 15 140150 12 140671 9 141193 3
78a981bd27ba0c65a9169548665a17bda9f49050d0d3893a6567d1eb92cd003d,23674 6 24193 8 24713 7 25232 8 25753 5 26274 2
78a981bd27ba0c65a9169548665a17bda9f49050d0d3893a6567d1eb92cd003d,122497 5 123011 13 123528 18 124046 21 124566 22 125085 24 125605 24 126126 23 126646 23 127166 21 127687 18 128207 13 128729 8 129251 5
78a981bd27ba0c65a9169548665a17bda9f49050d0d3893a6567d1eb92cd003d,128760 7 129278 11 129797 13 130316 15 130835 16 131355 16 131874 17 132394 17 132913 18 133433 18 133953 17 134473 16 134993 15 135513 13 136033 11 136553 10 137072 11 137592 10 138111 11 138630 13 139147 16 139664 20 140183 21 140701 22 141221 22 141740 21 142259 21 142779 20 143299 19 143819 18 144340 16 144862 13 145383 11 145903 10 146422 11 146942 11 147461 13 147980 15 148499 16 149018 17 149535 20 150052 23 150570 25 151089 26 151608 27 152128 27 152648 27 153168 27 153688 27 154208 9 154222 13 154729 7 154743 12 155250 5 155263 13 155784 12 156304 12 156824 12 157345 11 157865 6 157874 1 158385 6 158395 1 158904 8 158915 2 159418 14 159435 3 159937 14 160456 13 160975 14 161494 15 162014 15 162533 16 163053 16 163573 16 164093 15 164613 15 165133 14 165654 13 166175 11 166696 9 167217 6
78a981bd27ba0c65a9169548665a17bda9f49050d0d3893a6567d1eb92cd003d,58534 5 59052 12 59571 14 60091 15 60610 17 61130 17 61650 17 62170 18 62690 18 63210 18 63730 18 64251 17 64771 17 65292 16 65813 15 66333 14 66854 12 67375 10 67896 9 68417 7 68938 6
78a981bd27ba0c65a9169548665a17bda9f49050d0d3893a6567d1eb92cd003d,101695 3 102213 10 102733 11 103252 13 103772 14 104291 15 104811 15 105330 16 105850 16 106370 16 106890 15 107410 15 107930 15 108452 13 108973 11 109495 8 110017 4
78a981bd27ba0c65a9169548665a17bda9f49050d0d3893a6567d1eb92cd003d,180218 2 180736 5
78a981bd27ba0c65a9169548665a17bda9f49050d0d3893a6567d1eb92cd003d,73107 6 73625 10 74143 14 74662 16 75181 18 75701 18 76221 19 76741 19 77261 19 77781 19 78302 19 78325 2 78822 26 79342 26 79863 24 80383 16 80402 5 80903 14 81424 12 81943 11 82462 10
78a981bd27ba0c65a9169548665a17bda9f49050d0d3893a6567d1eb92cd003d,175567 6 176081 1 176086 9 176599 17 177118 19 177637 20 178157 21 178677 21 179197 21 179717 21 180237 21 180757 21
78a981bd27ba0c65a9169548665a17bda9f49050d0d3893a6567d1eb92cd003d,54928 3 55446 7 55965 10 56483 13 57003 13 57523 13 58043 13 58563 12 59081 14 59601 14 60122 12 60642 11 61164 8 61689 2
78a981bd27ba0c65a9169548665a17bda9f49050d0d3893a6567d1eb92cd003d,2929 3 3446 9 3965 12 4484 14 5003 16 5522 17 6042 18 6562 18 7082 18 7602 18 8122 18 8642 18 9162 18 9683 16 10204 15 10726 12 11248 10 11770 6
78a981bd27ba0c65a9169548665a17bda9f49050d0d3893a6567d1eb92cd003d,113692 7 114209 12 114728 14 115248 14 115767 16 116287 16 116807 16 117327 16 117846 17 118366 17 118886 17 119406 17 119927 15 120448 14 120968 13 121489 11 122010 9 122531 7 123053 3
78a981bd27ba0c65a9169548665a17bda9f49050d0d3893a6567d1eb92cd003d,83008 2 83528 1
78a981bd27ba0c65a9169548665a17bda9f49050d0d3893a6567d1eb92cd003d,25815 4 26333 9 26850 17 27370 18 27889 20 28409 20 28930 19 29450 19 29970 19 30491 18 31012 16 31533 14 32054 13 32574 13 33093 14 33612 16 34132 17 34652 18 35172 19 35692 20 36214 19 36736 18 37258 16 37778 17 38299 16 38820 16 39341 15 39862 15 40383 14 40904 13 41425 13 41946 12 42466 12 42987 11 43508 10 44028 9 44549 8 45071 4
78a981bd27ba0c65a9169548665a17bda9f49050d0d3893a6567d1eb92cd003d,139173 4 139691 7 140211 8 140730 10 141250 10 141771 9 142291 9 142811 10 143332 9 143853 9 144374 8 144896 4
78a981bd27ba0c65a9169548665a17bda9f49050d0d3893a6567d1eb92cd003d,154779 11 155296 15 155815 17 156334 19 156853 21 157373 21 157893 22 158412 23 158932 23 159452 23 159972 23 160492 23 161013 22 161533 21 162054 20 162575 18 163096 15 163618 12 164140 8 164661 2 165178 7 165697 9 166215 13 166734 15 167253 18 167772 20 168291 22 168811 23 169331 23 169851 23 170371 22 170892 21 171413 19 171936 16 172460 12
78a981bd27ba0c65a9169548665a17bda9f49050d0d3893a6567d1eb92cd003d,149573 2
78a981bd27ba0c65a9169548665a17bda9f49050d0d3893a6567d1eb92cd003d,177663 9 178182 12 178701 14 179221 14 179741 15 180261 15 180781 15
78a981bd27ba0c65a9169548665a17bda9f49050d0d3893a6567d1eb92cd003d,353 7 373 14 392 54 871 10 893 14 912 54 1390 12 1413 15 1431 55 1909 15 1933 15 1950 16 1970 37 2429 6 2437 8 2453 15 2470 15 2491 36 2949 5 2958 8 2973 32 3011 6 3033 14 3469 5 3478 8 3492 33 3532 4 3553 14 3989 5 3997 9 4011 34 4074 13 4509 17 4530 35 4594 13 5027 12 5040 45 5114 12 5545 14 5560 45 5634 11 6064 61 6155 9 6583 5 6591 54 6676 7 7102 4 7112 53 7198 4 7622 3 7632 53 8143 2 8152 9 8162 42 8672 8 8682 22 8707 16 9188 11 9202 21 9228 15 9708 10 9722 20 9749 12 10230 7 10242 20 10270 8 10762 19 11282 18 11802 18 12322 16 12837 20 13355 20 13873 12 14392 13 14415 12 14911 15 14933 17 15431 15 15452 19 15951 14 15971 21 16470 15 16491 21 16990 14 17010 23 17510 14 17530 23 18030 14 18049 24 18551 13 18569 24 19071 41 19592 40 20115 36 20636 34 21157 32 21676 33 22194 36 22712 39 23230 41 23749 43 24268 44 24788 44 25308 15 25326 26 25829 13 25847 25 26349 11 26369 22 26870 9 26890 21 27393 4 27411 19 27932 16 28451 15 28971 4 28977 7 29491 3 29499 3 30011 2
78a981bd27ba0c65a9169548665a17bda9f49050d0d3893a6567d1eb92cd003d,97064 4 97583 3 97587 1 98103 2
78a981bd27ba0c65a9169548665a17bda9f49050d0d3893a6567d1eb92cd003d,68986 2 69506 2 70025 2 70545 2
78a981bd27ba0c65a9169548665a17bda9f49050d0d3893a6567d1eb92cd003d,174028 3 174547 7 175067 8 175587 7 176107 7
78a981bd27ba0c65a9169548665a17bda9f49050d0d3893a6567d1eb92cd003d,96552 1 97071 4 97590 6 97599 2 98110 12 98630 12 99150 11 99670 11 100189 11 100709 11 101230 9 101751 6
78a981bd27ba0c65a9169548665a17bda9f49050d0d3893a6567d1eb92cd003d,102278 7 102796 20 103315 22 103833 25 104352 27 104872 27 105391 29 105911 29 106430 31 106950 30 107470 30 107990 30 108510 29 109031 28 109552 26 110073 22 110594 18 111115 11
78a981bd27ba0c65a9169548665a17bda9f49050d0d3893a6567d1eb92cd003d,118921 2 119437 9 119956 12 120476 13 120996 14 121516 15 122036 16 122555 17 123075 18 123595 19 124116 19 124637 18 125157 19 125677 19 126198 19 126718 20 127239 19 127760 18 128281 16 128803 13 129325 10 129849 4
78a981bd27ba0c65a9169548665a17bda9f49050d0d3893a6567d1eb92cd003d,142329 1 142842 11 143361 13 143880 14 144400 15 144919 16 145439 17 145959 17 146480 16 147000 16 147522 13 148043 12 148563 12 149083 11 149603 11 150123 11 150642 12 151162 12 151681 14 152201 14 152721 14 153240 16 153760 16 154280 16 154800 16 155320 16 155840 15 156360 15 156881 14 157401 13 157922 12 158443 10 158966 5
78a981bd27ba0c65a9169548665a17bda9f49050d0d3893a6567d1eb92cd003d,39924 5 40412 5 40439 10 40931 8 40955 14 41450 10 41472 17 41969 13 41991 18 42488 15 42510 19 43007 18 43029 21 43527 20 43548 21 44047 42 44568 41 45088 19 45109 20 45609 16 45630 19 46130 14 46150 19 46651 6 46671 19 47191 20 47711 20 48231 20 48751 21 49271 21 49791 21 50311 21 50830 21 51340 31 51858 32 52376 34 52895 34 53415 34 53934 34 54454 33 54972 35 55491 23 55516 10 56009 25 56038 7 56524 30 56560 4 57043 32 57563 32 58082 32 58602 32 59121 15 59139 13 59641 14 60161 13 60680 14 61200 13 61720 12 62240 11 62760 10 63280 9 63800 8 64321 7 64842 5 65364 1
78a981bd27ba0c65a9169548665a17bda9f49050d0d3893a6567d1eb92cd003d,172483 5 173002 7 173521 10 174041 11 174561 12 175081 7 175601 6 176121 5 176641 6 177161 6 177681 6 178202 5 178722 5 179242 5 179762 6 180282 6 180802 7
78a981bd27ba0c65a9169548665a17bda9f49050d0d3893a6567d1eb92cd003d,73683 3 74204 1
78a981bd27ba0c65a9169548665a17bda9f49050d0d3893a6567d1eb92cd003d,179773 3 180292 5 180811 6
78a981bd27ba0c65a9169548665a17bda9f49050d0d3893a6567d1eb92cd003d,36253 3 36773 4 37293 5 37814 4
78a981bd27ba0c65a9169548665a17bda9f49050d0d3893a6567d1eb92cd003d,60700 5 61218 9 61738 11 62257 13 62777 15 63297 15 63817 16 64337 17 64857 17 65376 18 65896 18 66415 18 66935 18 67455 17 67975 17 68495 17 69015 16 69536 15 70057 13 70577 13 71098 11 71619 10 72140 7 72661 4
78a981bd27ba0c65a9169548665a17bda9f49050d0d3893a6567d1eb92cd003d,118439 5 118958 7 119477 9 119504 5 119996 12 120022 10 120515 15 120531 5 120540 14 121034 23 121059 15 121553 4 121559 36 122073 4 122080 36 122592 5 122600 36 123111 5 123120 36 123630 6 123640 37 124145 11 124160 2 124167 30 124663 14 124678 3 124690 31 125183 18 125213 2 125216 27 125703 6 125710 10 125738 25 126223 4 126230 8 126258 26 126744 3 126751 6 126778 26 127272 1 127298 26 127810 35 128328 37 128847 38 129367 5 129373 32 129886 5 129895 7 129904 21 130405 5 130415 6 130426 19 130925 5 130935 6 130947 18 131445 6 131456 5 131468 18 131965 6 131978 3 131988 18 132485 6 132498 3 132508 18 133004 6 133018 27 133525 5 133538 27 134045 5 134058 26 134566 4 134577 26 135097 24 135617 23 136137 21 136656 22 137177 20 137698 17 138218 16 138738 15 139258 14 139779 12 140299 11 140820 9 141343 1
78a981bd27ba0c65a9169548665a17bda9f49050d0d3893a6567d1eb92cd003d,128827 3 129346 5 129865 7 130385 7 130904 9 131424 10 131944 11 132464 11 132984 11 133504 11 134024 11 134544 11 135065 9 135585 9 136105 8 136626 7 137147 5 137668 3
78a981bd27ba0c65a9169548665a17bda9f49050d0d3893a6567d1eb92cd003d,157957 4 158475 7 158992 10 159511 11 160031 11 160550 12 161070 12 161589 13 162108 14 162628 14 163147 15 163666 16 164186 16 164705 17 165225 17 165744 19 166264 4 166269 14 166784 4 166790 13 167304 18 167824 11 167837 5 168344 8 168357 4 168864 8 168877 3 169384 8 169396 3 169905 7 169916 3 170425 8 170435 3 170945 13 171464 13 171984 13 172504 12 173025 10 173545 10 174066 8 174588 5
78a981bd27ba0c65a9169548665a17bda9f49050d0d3893a6567d1eb92cd003d,143398 5 143916 8 144435 11 144954 12 145474 12 145993 13 146513 14 147032 18 147053 4 147552 25 148073 23 148593 22 149113 21 149633 6 149640 13 150155 2 150163 11 150686 9 151207 8 151728 5
78a981bd27ba0c65a9169548665a17bda9f49050d0d3893a6567d1eb92cd003d,171483 2 172002 3 172521 4 173041 4 173561 4 174081 4 174601 5 175121 5 175640 1 175642 4 176159 1 176162 3 176678 2 176683 2 177196 4 177203 1 177716 2 177723 1 178235 3 178243 1 178755 2 178763 1 179275 3 179283 1 179794 4 180314 5 180834 5
78a981bd27ba0c65a9169548665a17bda9f49050d0d3893a6567d1eb92cd003d,39419 8 39938 10 40456 13 40975 14 41494 15 42013 17 42533 17 43052 18 43081 4 43572 18 43599 8 44092 18 44118 10 44613 17 44637 12 45134 17 45157 13 45654 17 45676 14 46175 17 46195 16 46696 17 46715 16 47215 19 47235 16 47735 37 48255 37 48775 37 49295 20 49316 16 49815 20 49836 16 50335 19 50357 14 50856 18 50878 13 51376 18 51399 11 51896 17 51921 8 52417 16 52938 15 53459 13 53979 12 54499 10 55019 7 55536 9 56055 9 56573 11 57092 12 57604 2 57611 13 58122 21 58641 22 59161 21 59680 21 60199 21 60718 22 61237 22 61757 22 62277 21 62797 21 63317 21 63837 23 64358 23 64878 25 65398 25 65918 26 66439 26 66959 27 67480 26 68001 26 68523 24 69045 22 69567 20 70088 18 70609 17 71131 15 71652 14 72174 12 72700 6 73222 3
78a981bd27ba0c65a9169548665a17bda9f49050d0d3893a6567d1eb92cd003d,7695 1 8212 11 8731 13 9250 15 9769 17 10289 18 10808 19 11328 19 11849 19 12369 19 12889 19 13410 18 13930 18 14451 16 14971 16 15492 14 16012 12 16531 11 17050 9 17568 11 18087 13 18606 15 19126 16 19645 17 20165 18 20684 19 21204 20 21724 20 22244 19 22764 19 23284 18 23804 18 24324 17 24844 16 25364 13 25884 10 26404 5 26925 3
78a981bd27ba0c65a9169548665a17bda9f49050d0d3893a6567d1eb92cd003d,84136 4 84652 11 85171 14 85690 16 86208 19 86727 20 87246 22 87766 22 88285 23 88805 23 89324 24 89845 22 90365 22 90886 20 91408 16 91930 12
78a981bd27ba0c65a9169548665a17bda9f49050d0d3893a6567d1eb92cd003d,136127 5 136647 5
78a981bd27ba0c65a9169548665a17bda9f49050d0d3893a6567d1eb92cd003d,176702 2 177220 10 177738 13 178257 15 178776 16 179296 15 179816 15 180336 15 180857 14
78a981bd27ba0c65a9169548665a17bda9f49050d0d3893a6567d1eb92cd003d,12932 1 13447 9 13965 13 14483 16 15002 17 15521 19 16040 20 16559 21 17079 22 17598 23 18118 24 18639 23 19159 25 19679 27 20200 27 20721 27 21241 28 21762 27 22284 26 22808 22 23329 21 23850 20 24370 20 24889 21 25409 22 25928 23 26447 24 26967 23 27471 3 27487 23 27990 5 27998 5 28006 23 28507 16 28526 22 29026 40 29546 38 30065 39 30584 40 31104 39 31625 36 32145 35 32666 32 33186 30 33705 30 34225 29 34744 20 34765 8 35264 17 35287 2 35785 12 36305 11 36826 8
78a981bd27ba0c65a9169548665a17bda9f49050d0d3893a6567d1eb92cd003d,86234 4 86754 5 87273 7 87793 8 88313 8 88834 8 89354 8 89874 10 90394 12 90914 14 91433 15 91460 5 91953 16 91977 11 92473 16 92495 15 92993 16 93014 17 93513 16 93532 20 94033 39 94554 39 95074 39 95594 40 96114 40 96635 39 97155 38 97676 37 98203 3 98210 22 98731 19 99254 15
78a981bd27ba0c65a9169548665a17bda9f49050d0d3893a6567d1eb92cd003d,65437 5 65957 7 66478 6 66999 3
78a981bd27ba0c65a9169548665a17bda9f49050d0d3893a6567d1eb92cd003d,137729 9 138247 12 138765 7 138775 5 139284 7 139295 5 139804 7 139815 6 140324 8 140336 5 140844 9 140856 4 141364 17 141883 18 142403 18 142924 17 143444 16 143964 15 144483 14 145002 15 145522 16 146045 13 146567 11 147087 10 147607 9 148128 3
78a981bd27ba0c65a9169548665a17bda9f49050d0d3893a6567d1eb92cd003d,83131 2 83649 6 84169 7 84688 9 85208 10 85728 10 86248 10 86768 10 87289 8 87809 7 88330 5
78a981bd27ba0c65a9169548665a17bda9f49050d0d3893a6567d1eb92cd003d,163217 7 163729 17 164249 18 164769 19 165289 19 165810 19 166331 19 166852 19 167373 18 167894 17 168415 16 168935 15 169455 15 169975 14 170495 13 171015 11 171535 9 172054 5 172573 5 173091 7 173610 8 174129 9 174649 9 175168 10 175688 9 176208 9 176729 7 177250 5
78a981bd27ba0c65a9169548665a17bda9f49050d0d3893a6567d1eb92cd003d,53512 1 54027 9 54544 14 55063 16 55582 17 56102 17 56622 17 57141 5 57150 9 57661 5 57670 9 58181 6 58190 9 58701 7 58710 9 59221 17 59742 16 60262 15 60783 14 61304 12 61824 12 62346 12 62868 12 63388 13 63908 14 64428 15 64947 17 65467 18 65986 19 66496 1 66506 19 67014 6 67026 19 67533 8 67545 19 68052 10 68065 19 68571 12 68584 19 69091 31 69610 32 70129 32 70649 15 70666 12 71169 15 71187 8 71689 15 71709 1 72209 15 72729 15 73249 15 73770 13 74290 13 74810 11 75329 11 75849 10 76370 8 76893 3
78a981bd27ba0c65a9169548665a17bda9f49050d0d3893a6567d1eb92cd003d,450 7 971 7 1491 7 2012 4
78a981bd27ba0c65a9169548665a17bda9f49050d0d3893a6567d1eb92cd003d,101862 1 102379 6 102898 8 103417 10 103937 10 104456 11 104976 11 105495 12 106015 12 106535 12 107055 12 107576 11 108096 10 108618 6 109141 1
78a981bd27ba0c65a9169548665a17bda9f49050d0d3893a6567d1eb92cd003d,48302 9 48820 13 49339 17 49859 17 50379 16 50901 10 51423 5
78a981bd27ba0c65a9169548665a17bda9f49050d0d3893a6567d1eb92cd003d,122141 3 122145 3 122659 11 123179 12 123699 12 124219 13 124741 11 125262 10 125782 9 126301 9 126820 9 127339 9 127859 6 128380 4 128901 2
78a981bd27ba0c65a9169548665a17bda9f49050d0d3893a6567d1eb92cd003d,12999 2 13518 3 14037 4 14557 4 15076 5 15596 5 16115 6 16635 6 17155 6 17674 7 18194 7 18714 7 19233 8 19753 8 20272 9 20791 10 21300 21 21819 22 22338 23 22857 24 23362 5 23376 25 23880 12 23896 25 24399 15 24415 26 24918 43 25437 44 25957 44 26477 44 26996 45 27516 45 28036 45 28556 45 29076 45 29596 45 30116 45 30636 45 31156 17 31179 22 31676 15 31700 21 32197 12 32222 19 32717 5 32744 17 33237 4 33265 16 33758 2 33787 14 34278 8 34308 13 34796 15 34830 11 35314 17 35351 10 35833 16 35873 8 36352 16 36396 5 36871 16 37390 15 37909 13 38427 12 38945 13 39463 14 39982 14 40501 14 41021 12 41541 5
78a981bd27ba0c65a9169548665a17bda9f49050d0d3893a6567d1eb92cd003d,171565 2 172085 2 172602 4 173107 4 173119 6 173625 8 173637 8 174144 11 174156 8 174663 20 175183 19 175702 20 176222 20 176742 15 177261 16 177781 15 178301 15 178821 14 179342 13 179862 13 180382 13 180902 13
78a981bd27ba0c65a9169548665a17bda9f49050d0d3893a6567d1eb92cd003d,133607 4 134125 6 134644 7 135163 6 135670 3 135677 2 135683 6 136190 4 136196 11 136710 17 137230 19 137751 13 137769 1 138273 11 138794 9 139316 5 139837 2
78a981bd27ba0c65a9169548665a17bda9f49050d0d3893a6567d1eb92cd003d,75903 1 76422 4 76942 4 77462 4 77982 4 78472 3 78484 5 78501 4 78991 20 79020 5 79511 22 79535 9 80031 33 80552 31 81072 29 81592 28 82112 27 82633 26 83154 22 83675 21 84196 20 84718 17 85238 17 85759 15 86279 15 86800 13 87322 11 87844 7
78a981bd27ba0c65a9169548665a17bda9f49050d0d3893a6567d1eb92cd003d,6721 3 7240 12 7758 15 8278 16 8797 17 9316 18 9836 18 10357 17 10877 17 11398 15 11919 13 12440 11 12962 8 13484 5
78a981bd27ba0c65a9169548665a17bda9f49050d0d3893a6567d1eb92cd003d,155453 7 155970 11 156489 13 157007 16 157526 17 158044 20 158562 22 159082 22 159601 23 160120 24 160640 23 161159 23 161679 20 162199 19 162719 15 163239 11 163760 8 164280 6 164801 3
78a981bd27ba0c65a9169548665a17bda9f49050d0d3893a6567d1eb92cd003d,99283 3 99804 1
78a981bd27ba0c65a9169548665a17bda9f49050d0d3893a6567d1eb92cd003d,177290 3 177809 5 178329 6 178848 7 179368 8 179886 10 180405 11 180924 12
78a981bd27ba0c65a9169548665a17bda9f49050d0d3893a6567d1eb92cd003d,117498 4 118016 7 118534 11 119054 12 119574 13 120093 14 120613 15 121133 16 121653 16 122172 17 122691 19 123209 21 123729 21 124249 21 124769 21 125289 20 125809 19 126329 19 126850 17 127370 16 127890 15 128411 13 128934 1
78a981bd27ba0c65a9169548665a17bda9f49050d0d3893a6567d1eb92cd003d,62371 2 62891 2 63410 3 63930 4 64450 3 64971 1
78a981bd27ba0c65a9169548665a17bda9f49050d0d3893a6567d1eb92cd003d,168457 7 168975 11 169494 14 170013 17 170532 19 171052 19 171571 21 172091 21 172611 21 173132 20 173652 20 174172 19 174693 18 175213 18 175734 16 176254 15 176776 12 177298 8
78a981bd27ba0c65a9169548665a17bda9f49050d0d3893a6567d1eb92cd003d,52493 2 53012 4 53532 3
78a981bd27ba0c65a9169548665a17bda9f49050d0d3893a6567d1eb92cd003d,144535 5 145054 7 145573 9 146092 10 146612 12 147133 12 147654 10 148175 9 148696 8 149221 2
78a981bd27ba0c65a9169548665a17bda9f49050d0d3893a6567d1eb92cd003d,53540 1 53543 3 54058 8 54578 7 55097 8 55617 7 56137 7 56656 7 57177 3
78a981bd27ba0c65a9169548665a17bda9f49050d0d3893a6567d1eb92cd003d,67059 2 67577 4 68096 5 68616 4
78a981bd27ba0c65a9169548665a17bda9f49050d0d3893a6567d1eb92cd003d,63419 2 63939 3 64459 3 64978 4 65498 3
78a981bd27ba0c65a9169548665a17bda9f49050d0d3893a6567d1eb92cd003d,111262 2 111781 4 112300 5 112820 5 113340 5 113860 4 114381 2
78a981bd27ba0c65a9169548665a17bda9f49050d0d3893a6567d1eb92cd003d,72273 6 72790 11 73309 12 73829 12 74349 12 74869 12 75389 12 75909 12 76429 11 76950 8 77473 2
78a981bd27ba0c65a9169548665a17bda9f49050d0d3893a6567d1eb92cd003d,95672 4 96190 8 96710 9 97230 9 97751 8 98273 5
78a981bd27ba0c65a9169548665a17bda9f49050d0d3893a6567d1eb92cd003d,102955 6 103474 7 103993 8 104513 8 105032 9 105552 9 106071 10 106591 10 107111 10 107631 10 108151 10 108671 10 109191 10 109711 10 110232 9 110753 8 111275 6 111797 4
78a981bd27ba0c65a9169548665a17bda9f49050d0d3893a6567d1eb92cd003d,81636 5 82153 8 82672 9 83192 9 83712 9 84232 9 84753 8 85274 7 85794 5 86314 4 86834 4 87355 3 87876 2
78a981bd27ba0c65a9169548665a17bda9f49050d0d3893a6567d1eb92cd003d,50959 2 51477 4 51996 5 52515 6 53035 6 53554 7 54074 7 54593 8 55113 8 55633 8 56153 8 56673 8 57193 8 57714 7 58235 6 58756 5 59278 3 59799 2 60319 2 60840 1
78a981bd27ba0c65a9169548665a17bda9f49050d0d3893a6567d1eb92cd003d,154956 3 155473 5 155993 5 156513 4 157034 3
78a981bd27ba0c65a9169548665a17bda9f49050d0d3893a6567d1eb92cd003d,116998 3 117516 5 118036 5 118556 5 119077 4
78a981bd27ba0c65a9169548665a17bda9f49050d0d3893a6567d1eb92cd003d,151316 2 151836 2 152356 2 152876 1
78a981bd27ba0c65a9169548665a17bda9f49050d0d3893a6567d1eb92cd003d,160158 3 160678 3 161198 3
7bdb668e6127b7eafc837a883f0648002bd063c736f55a4f673e787250a3fb04,34817 2 35329 3 35841 4 36353 5 36865 5 37377 6 37889 6 38401 7 38913 7 39425 8 39937 8 40449 8 40961 9 41473 10 41985 10 42497 10 43009 10 43521 10 44033 9 44545 9 45057 10 45569 10 46081 10 46593 9 47105 8 47617 8 48129 8 48641 7 49153 7 49665 7 50177 7 50689 7 51201 7 51713 6 52225 5 52737 4 53249 3 53761 2 54273 1
7bdb668e6127b7eafc837a883f0648002bd063c736f55a4f673e787250a3fb04,94211 2 94721 5 95233 6 95745 7 96257 7 96771 6 97284 5 97793 9 98305 11 98819 10 99332 6 99339 2 99844 5 100353 1 100357 2 100363 2 100366 2 100865 2 100868 3 100874 7 101377 6 101385 8 101889 17 102401 18 102913 18 103425 18 103937 18 104452 14 104965 13 105477 13 105989 12 106502 11 107014 11 107526 11 108038 2 108042 4 108554 4 109066 4 109577 5 110091 2
7bdb668e6127b7eafc837a883f0648002bd063c736f55a4f673e787250a3fb04,178700 2 179211 6 179720 10 180231 10 180743 10 181255 10 181767 11 182279 11 182791 11 183303 11 183815 11 184321 16 184833 16 185345 17 185857 17 186369 16 186881 16 187393 16 187905 16 188417 16 188929 16 189441 16 189953 17 190465 17 190977 17 191489 18 192001 18 192513 18 193025 18 193537 19 194049 19 194561 19 195073 19 195585 19 196097 18 196609 18 197121 17 197633 17 198145 17 198657 17 199169 16 199681 15 200193 14 200705 13 201217 12 201729 12 202241 10 202753 10 203265 10 203777 9 204289 8 204801 7 205313 5 205825 4 206337 3
7bdb668e6127b7eafc837a883f0648002bd063c736f55a4f673e787250a3fb04,250910 3 251417 17 251926 22 252436 26 252947 29 253459 31 253970 33 254481 35 254992 36 255504 38 256015 40 256526 41 257037 43 257549 43 258060 44 258572 45 259084 46 259595 48 260107 48 260619 48 261131 49 261643 49 262154 50 262666 51 263178 51 263690 51 264203 50 264715 51 265228 50 265740 50 266253 49 266765 48 267278 47 267790 46 268303 45 268816 43 269329 41 269841 40 270355 37 270868 34 271381 28 271894 26 272408 21 272922 18 273435 2 273438 9 273955 2
7bdb668e6127b7eafc837a883f0648002bd063c736f55a4f673e787250a3fb04,108051 1
7bdb668e6127b7eafc837a883f0648002bd063c736f55a4f673e787250a3fb04,128065 3 128576 5 129088 5 129596 10 130106 13 130616 16 131127 18 131638 20 132149 23 132661 24 133170 1 133172 25 133682 28 134196 26 134709 25 135221 3 135227 20 135733 3 135739 20 136245 3 136251 20 136756 4 136763 20 137269 2 137275 20 137788 6 137796 11 138302 3 138309 10 138815 2 138823 4 139329 1 139335 4 139841 3 139848 2 140354 3 140866 3
7bdb668e6127b7eafc837a883f0648002bd063c736f55a4f673e787250a3fb04,183362 10 183869 17 184379 20 184890 23 185402 24 185913 26 186424 28 186936 29 187447 31 187959 32 188471 32 188982 34 189494 34 190006 34 190518 34 191030 34 191542 34 192054 34 192566 33 193077 34 193589 34 194101 33 194614 32 195126 31 195639 29 196151 28 196663 27 197176 25 197688 24 198202 20 198715 19 199228 14 199742 8
7bdb668e6127b7eafc837a883f0648002bd063c736f55a4f673e787250a3fb04,21065 2 21575 11 22084 18 22595 19 23106 22 23616 27 24127 28 24639 29 25150 31 25662 31 26174 32 26685 34 26723 2 26727 2 27196 47 27707 50 28219 54 28731 55 29244 56 29756 57 30268 58 30780 58 31292 59 31805 59 32317 60 32830 61 33343 62 33855 64 34368 64 34880 65 35393 65 35906 65 36419 65 36931 66 37444 66 37960 62 38473 61 38986 60 39500 58 40013 58 40527 56 41040 54 41552 55 42065 54 42577 54 43089 54 43601 54 44114 54 44627 53 45139 52 45652 50 46164 50 46676 49 47189 48 47702 48 48215 47 48727 48 49239 47 49752 46 50266 44 50780 41 51293 38 51805 38 52318 36 52831 33 53344 31 53857 30 54371 23 54883 22 55396 19 55912 14 56425 9 56939 2
7bdb668e6127b7eafc837a883f0648002bd063c736f55a4f673e787250a3fb04,141893 2 142405 3 142917 3
7bdb668e6127b7eafc837a883f0648002bd063c736f55a4f673e787250a3fb04,300122 13 300632 18 301143 23 301654 25 302164 29 302675 32 303185 35 303697 36 304208 38 304720 39 305231 40 305743 41 306255 41 306767 41 307279 42 307790 43 308302 43 308815 43 309327 43 309839 44 310351 44 310863 44 311375 44 311889 42 312401 42 312913 42 313425 41 313937 41 314450 39 314962 39 315475 37 315987 37 316500 35 317014 32 317527 30 318041 27 318554 24 319068 20 319582 13 320098 1
7bdb668e6127b7eafc837a883f0648002bd063c736f55a4f673e787250a3fb04,202363 2 202874 5 202880 3 203386 10 203898 11 204409 13 204921 13 205433 14 205944 15 206456 16 206969 16 207482 16 207995 15 208507 15 209020 13 209533 12 210046 11 210558 11 211071 10 211583 10 212094 11 212606 11 213119 9 213632 8 214144 8 214656 7 215169 5
7bdb668e6127b7eafc837a883f0648002bd063c736f55a4f673e787250a3fb04,122644 5 123152 11 123661 15 124172 18 124683 20 125195 21 125705 24 126215 28 126727 29 127239 29 127751 30 128263 31 128776 31 129288 32 129799 34 130311 35 130822 37 131333 39 131844 41 132356 41 132868 42 133381 42 133893 43 134405 44 134917 46 135429 47 135941 48 136454 48 136966 50 137479 49 137991 50 138503 50 139015 51 139527 51 140040 51 140552 51 141065 50 141577 50 142090 48 142602 48 143115 47 143628 46 144141 45 144653 44 145166 42 145680 39 146195 34 146708 31 147221 2 147226 17 147744 7 147753 2 148257 5
7bdb668e6127b7eafc837a883f0648002bd063c736f55a4f673e787250a3fb04,151881 2 152390 7 152899 15 153409 19 153921 21 154431 24 154942 26 155454 28 155966 29 156478 29 156989 31 157501 32 158014 32 158526 32 159038 32 159550 33 160062 33 160575 32 161088 31 161600 31 162113 29 162626 27 163138 27 163651 25 164164 23 164677 21 165190 19 165704 12 166218 9
7bdb668e6127b7eafc837a883f0648002bd063c736f55a4f673e787250a3fb04,274764 5 275274 8 275785 9 276296 10 276808 11 277320 11 277832 10 278345 9 278858 7 279373 3
7bdb668e6127b7eafc837a883f0648002bd063c736f55a4f673e787250a3fb04,5020 5 5525 15 6036 18 6545 22 7056 23 7568 24 7593 2 8079 29 8591 33 9102 35 9614 35 10125 37 10636 39 11148 42 11660 43 12171 44 12683 44 13195 44 13707 45 14219 45 14731 47 15242 48 15754 48 16266 48 16778 47 17290 47 17802 47 18313 47 18825 47 19337 47 19848 48 20359 50 20871 50 21382 50 21894 50 22406 50 22918 50 23430 50 23943 48 24456 46 24969 45 25481 44 25993 44 26505 42 27018 40 27531 28 27564 4 28044 25 28556 25 29070 22 29583 19 30095 15 30610 10
7bdb668e6127b7eafc837a883f0648002bd063c736f55a4f673e787250a3fb04,250264 5 250771 2 250776 5 250788 1 251280 5 251288 7 251298 7 251792 30 252305 29 252818 28 253330 28 253844 28 253873 3 254357 32 254869 32 255380 34 255890 36 256402 36 256915 35 257428 35 257941 33 258453 29 258965 28 258997 1 259477 27 259508 4 259989 28 260018 7 260502 35 261015 34 261528 33 262040 34 262551 34 263063 34 263575 34 264091 29 264603 29 265115 30 265628 2 265633 24 266145 24 266656 25 267168 24 267680 24 268191 25 268703 23 269215 23 269727 25 270238 26 270750 26 271250 1 271258 24 271283 5 271763 2 271769 31 272275 2 272280 7 272288 24 272788 36 273301 30 273332 4 273814 27 273845 3 274329 24 274357 3 274841 30 275356 27 275870 24 276383 23 276901 17 277417 12 277931 8 278446 3
7bdb668e6127b7eafc837a883f0648002bd063c736f55a4f673e787250a3fb04,193427 3 193939 4 194451 5 194459 4 194964 15 194991 2 195476 15 195501 6 195987 16 196009 11 196498 18 196521 11 197009 20 197032 13 197522 36 198035 35 198548 17 198568 14 199061 16 199081 13 199574 16 199593 13 200086 32 200597 33 201109 33 201621 10 201634 11 201646 7 202135 8 202146 10 202159 4 202649 6 202658 10 202672 3 203165 3 203169 12 203184 3 203677 17 203696 3 204189 2 204194 15 204707 8 204719 1 205222 4 205734 4 206246 3 206758 2 207270 1 207782 1 208294 2 208806 2 209318 1
7bdb668e6127b7eafc837a883f0648002bd063c736f55a4f673e787250a3fb04,318370 3 318879 9 319389 13 319900 16 320411 19 320922 21 321434 22 321945 24 322457 25 322968 26 323480 26 323992 26 324503 27 325015 27 325527 27 326038 29 326550 29 327062 30 327574 30
7bdb668e6127b7eafc837a883f0648002bd063c736f55a4f673e787250a3fb04,268695 2
7bdb668e6127b7eafc837a883f0648002bd063c736f55a4f673e787250a3fb04,186805 3 187316 7 187827 8 188336 12 188848 12 189353 2 189359 13 189865 19 190377 20 190891 19 191403 19 191916 16 192430 12 192943 10 193455 7
7bdb668e6127b7eafc837a883f0648002bd063c736f55a4f673e787250a3fb04,193451 1
7bdb668e6127b7eafc837a883f0648002bd063c736f55a4f673e787250a3fb04,260038 6 260549 10 261059 13 261570 15 262082 15 262099 2 262593 17 262611 2 263105 20 263617 22 264129 24 264641 24 265154 23 265666 23 266178 24 266690 25 267203 24 267716 23 268228 23 268740 22 269252 22 269765 2 269769 16 270282 12 270794 13 271306 13 271820 5
7bdb668e6127b7eafc837a883f0648002bd063c736f55a4f673e787250a3fb04,190914 1 191426 1
7bdb668e6127b7eafc837a883f0648002bd063c736f55a4f673e787250a3fb04,18392 10 18897 31 19407 36 19918 39 20429 42 20940 45 21451 46 21963 47 22474 49 22986 50 23498 50 24009 52 24521 52 25033 53 25545 53 26057 53 26569 53 27081 53 27593 53 28105 53 28617 53 29130 52 29642 52 30154 51 30666 51 31179 50 31691 50 32204 49 32717 48 33229 47 33742 45 34254 45 34767 43 35279 43 35792 42 36306 38 36820 35 37333 33 37847 30 38361 26 38874 22 39390 17 39904 12
7bdb668e6127b7eafc837a883f0648002bd063c736f55a4f673e787250a3fb04,231424 1 231934 3 232443 6 232953 8 233464 9 233974 11 234485 12 234996 13 235506 15 236017 16 236529 16 237040 17 237551 18 238062 19 238573 20 239084 21 239595 22 240107 22 240618 23 241130 23 241641 24 242152 25 242664 25 243176 25 243687 26 244200 25 244712 23 245226 11 245743 2
7f4cbe0b36b5d09466476a7d4e01f4f976c67872d549f4ff47b3e1e3a2b403af,22273 3 22529 5 22785 6 23041 7 23297 8 23553 8 23809 8 24065 8 24321 8 24577 8 24833 8 25089 8 25345 7 25601 7 25857 7 26113 7 26369 7 26625 7 26881 7 27137 7 27393 7 27649 6 27905 6 28161 6 28417 5 28673 3
7f4cbe0b36b5d09466476a7d4e01f4f976c67872d549f4ff47b3e1e3a2b403af,31489 10 31745 11 32001 12 32257 12 32513 12 32769 12 33025 13 33281 13 33537 13 33793 13 34049 13 34305 13 34561 13 34817 13 35073 12 35329 12 35585 11 35841 10 36099 6
7f4cbe0b36b5d09466476a7d4e01f4f976c67872d549f4ff47b3e1e3a2b403af,39681 1 39937 1 40193 1
7f4cbe0b36b5d09466476a7d4e01f4f976c67872d549f4ff47b3e1e3a2b403af,45057 3 45313 4 45569 4 45825 4 46081 4 46337 5 46593 5 46849 5 47105 5 47361 5 47617 5 47873 5 48129 4 48385 4 48641 3 48897 3 49153 3 49409 2
7f4cbe0b36b5d09466476a7d4e01f4f976c67872d549f4ff47b3e1e3a2b403af,18714 3 18968 7 19223 11 19478 13 19734 14 19989 19 20245 19 20500 20 20756 20 21012 21 21268 21 21524 21 21781 20 22037 20 22294 19 22550 19 22807 17 23066 12 23326 5
7f4cbe0b36b5d09466476a7d4e01f4f976c67872d549f4ff47b3e1e3a2b403af,34083 3 34336 8 34589 12 34844 13 35099 15 35354 16 35610 16 35866 16 36121 17 36378 15 36634 13 36890 11 37148 8 37405 5
7f4cbe0b36b5d09466476a7d4e01f4f976c67872d549f4ff47b3e1e3a2b403af,22839 7 23093 12 23348 15 23603 17 23859 18 24114 19 24370 19 24626 19 24882 19 25137 20 25393 20 25649 20 25905 20 26161 20 26417 20 26673 19 26929 18 27186 16 27443 13 27699 11 27956 9 28213 7
7f4cbe0b36b5d09466476a7d4e01f4f976c67872d549f4ff47b3e1e3a2b403af,35900 11 36155 13 36410 14 36665 16 36920 17 37175 18 37431 19 37687 19 37943 19 38200 18 38456 18 38712 18 38968 17 39225 16 39482 15 39739 14 39997 11 40255 8 40514 2
7f4cbe0b36b5d09466476a7d4e01f4f976c67872d549f4ff47b3e1e3a2b403af,29254 6 29504 15 29759 18 30014 19 30269 20 30524 20 30780 20 31035 21 31291 21 31547 21 31804 20 32060 20 32317 19 32573 18 32830 17 33088 14 33348 9 33607 5
7f4cbe0b36b5d09466476a7d4e01f4f976c67872d549f4ff47b3e1e3a2b403af,55897 9 56151 12 56406 14 56661 16 56916 18 57172 18 57427 19 57683 19 57939 19 58195 18 58451 18 58708 16 58964 16 59220 15 59477 14 59733 13 59990 11 60247 9 60504 6
7f4cbe0b36b5d09466476a7d4e01f4f976c67872d549f4ff47b3e1e3a2b403af,40796 6 41050 10 41305 13 41560 15 41816 16 42071 17 42327 17 42583 18 42838 19 43094 19 43350 19 43606 19 43862 18 44119 17 44375 16 44633 13 44890 11 45147 8
7f4cbe0b36b5d09466476a7d4e01f4f976c67872d549f4ff47b3e1e3a2b403af,13181 5 13434 10 13689 12 13944 14 14199 17 14455 18 14711 19 14967 19 15223 19 15478 20 15734 20 15990 20 16246 19 16501 20 16756 20 17011 21 17265 22 17520 22 17775 22 18030 23 18286 23 18542 23 18798 23 19054 23 19310 22 19566 22 19822 22 20078 22 20334 21 20584 27 20834 32 21089 33 21345 32 21600 32 21856 19 21877 10 22111 20 22137 3 22367 20 22623 20 22878 20 23134 20 23390 20 23647 19 23903 18 24160 17 24416 16 24673 14 24929 14 25186 12 25443 5
7f4cbe0b36b5d09466476a7d4e01f4f976c67872d549f4ff47b3e1e3a2b403af,32355 8 32609 11 32863 14 33119 15 33374 17 33630 18 33886 18 34142 19 34398 19 34655 18 34911 18 35167 18 35423 18 35679 18 35936 17 36192 17 36449 15 36706 14 36963 11 37220 7
7f4cbe0b36b5d09466476a7d4e01f4f976c67872d549f4ff47b3e1e3a2b403af,35961 5 36213 11 36468 13 36723 15 36978 17 37234 17 37489 19 37745 19 38001 19 38256 20 38512 20 38768 20 39024 19 39280 19 39536 19 39792 18 40049 17 40305 17 40562 16 40818 15 41075 13 41333 9 41591 2
7f4cbe0b36b5d09466476a7d4e01f4f976c67872d549f4ff47b3e1e3a2b403af,43648 8 43902 12 44156 15 44411 17 44666 19 44922 20 45177 21 45433 21 45689 21 45945 21 46201 21 46458 20 46714 19 46971 18 47227 18 47484 16 47741 15 47998 13 48255 11 48517 2
7f4cbe0b36b5d09466476a7d4e01f4f976c67872d549f4ff47b3e1e3a2b403af,3201 10 3455 13 3711 14 3966 15 4222 15 4478 15 4734 16 4990 16 5246 16 5502 15 5759 14 6015 14 6272 13 6529 12 6787 8
7f4cbe0b36b5d09466476a7d4e01f4f976c67872d549f4ff47b3e1e3a2b403af,22922 7 23175 12 23430 14 23685 17 23941 18 24196 19 24452 20 24708 20 24964 20 25221 20 25477 20 25734 19 25990 18 26246 18 26503 17 26760 15 27016 15 27273 14 27530 12 27789 8 28048 2
7f4cbe0b36b5d09466476a7d4e01f4f976c67872d549f4ff47b3e1e3a2b403af,13728 5 13981 10 14235 13 14490 15 14746 16 15001 17 15256 18 15512 18 15768 18 16024 18 16280 18 16536 18 16792 17 17048 16 17305 15 17561 14 17818 12 18075 10 18332 7
7f4cbe0b36b5d09466476a7d4e01f4f976c67872d549f4ff47b3e1e3a2b403af,34468 8 34723 11 34977 14 35233 14 35488 16 35744 17 36000 18 36255 19 36511 20 36767 20 37023 20 37280 19 37536 19 37792 19 38048 18 38304 17 38561 16 38818 14 39074 14 39331 12 39587 10 39845 4
7f4cbe0b36b5d09466476a7d4e01f4f976c67872d549f4ff47b3e1e3a2b403af,43687 7 43942 9 44195 13 44450 15 44705 16 44961 16 45217 16 45472 17 45728 18 45984 19 46240 20 46496 20 46752 19 47008 19 47264 19 47520 18 47777 16 48034 14 48292 10 48549 7
7f4cbe0b36b5d09466476a7d4e01f4f976c67872d549f4ff47b3e1e3a2b403af,179 14 435 14 691 15 947 15 1203 15 1459 15 1716 14 1973 12 2229 11 2486 10 2744 6
7f4cbe0b36b5d09466476a7d4e01f4f976c67872d549f4ff47b3e1e3a2b403af,36798 3 37053 6 37308 8 37564 10 37819 12 38075 12 38330 13 38586 13 38842 13 39098 13 39354 13 39610 13 39867 12 40123 11 40380 6 40637 3
7f4cbe0b36b5d09466476a7d4e01f4f976c67872d549f4ff47b3e1e3a2b403af,44994 4 45248 8 45503 11 45759 12 46014 14 46270 14 46526 15 46781 16 47037 17 47293 17 47549 17 47805 17 48062 16 48318 16 48574 16 48830 16 49086 16 49342 16 49599 14 49855 14 50112 12 50370 8 50628 3
7f4cbe0b36b5d09466476a7d4e01f4f976c67872d549f4ff47b3e1e3a2b403af,39639 5 39893 8 40147 11 40403 11 40658 13 40914 13 41170 14 41425 15 41680 15 41936 15 42192 15 42448 14 42704 14 42961 12 43218 10 43475 5
7f4cbe0b36b5d09466476a7d4e01f4f976c67872d549f4ff47b3e1e3a2b403af,17370 2 17625 6 17879 9 18134 11 18389 13 18644 15 18899 16 19154 17 19410 17 19666 17 19921 18 20178 16 20434 15 20691 13 20948 10 21206 3
7f4cbe0b36b5d09466476a7d4e01f4f976c67872d549f4ff47b3e1e3a2b403af,27864 5 28119 7 28374 11 28630 11 28885 13 29141 6 29149 5 29396 7 29405 5 29652 14 29908 14 30164 14 30420 14 30676 13 30932 12 31188 11 31445 9 31702 7 31959 4
7f4cbe0b36b5d09466476a7d4e01f4f976c67872d549f4ff47b3e1e3a2b403af,45803 3 46057 7 46308 13 46562 15 46817 17 47073 18 47328 19 47584 20 47840 20 48096 21 48352 21 48608 21 48865 20 49121 19 49378 17 49634 16 49891 15 50148 13 50405 11 50663 6
7f4cbe0b36b5d09466476a7d4e01f4f976c67872d549f4ff47b3e1e3a2b403af,21228 3 21479 10 21734 12 21990 12 22245 14 22501 14 22756 16 23012 15 23268 15 23524 15 23779 15 24035 15 24292 13 24548 12 24805 10 25063 7 25321 2
7f4cbe0b36b5d09466476a7d4e01f4f976c67872d549f4ff47b3e1e3a2b403af,35823 4 36078 6 36086 3 36333 13 36589 13 36845 15 37101 16 37357 17 37612 19 37868 19 38124 19 38380 20 38636 20 38892 20 39148 20 39404 19 39660 19 39916 18 40172 17 40429 14 40685 13 40943 10 41200 8 41458 6
7f4cbe0b36b5d09466476a7d4e01f4f976c67872d549f4ff47b3e1e3a2b403af,16890 2 17141 9 17396 12 17652 13 17908 13 18163 14 18419 14 18674 15 18930 15 19187 14 19443 14 19699 13 19956 12 20214 9 20472 5
7f4cbe0b36b5d09466476a7d4e01f4f976c67872d549f4ff47b3e1e3a2b403af,58363 6 58617 8 58872 9 59127 10 59383 10 59638 11 59893 12 60148 13 60404 13 60660 13 60916 13 61171 14 61427 14 61684 13 61940 13 62196 13 62453 12 62710 11 62966 11 63222 11 63479 10 63737 8 63994 7 64252 2
8922a6ac8fd0258ec27738ca101867169b20d90a60fc84f93df77acd5bf7c80b,256091 4 256603 4
8922a6ac8fd0258ec27738ca101867169b20d90a60fc84f93df77acd5bf7c80b,258654 1
8922a6ac8fd0258ec27738ca101867169b20d90a60fc84f93df77acd5bf7c80b,256097 2 256608 3 257120 3 257634 1
8922a6ac8fd0258ec27738ca101867169b20d90a60fc84f93df77acd5bf7c80b,254051 1 254563 1 255075 1
8922a6ac8fd0258ec27738ca101867169b20d90a60fc84f93df77acd5bf7c80b,250475 2 250987 1
8922a6ac8fd0258ec27738ca101867169b20d90a60fc84f93df77acd5bf7c80b,200863 3 201374 13 201884 18 202394 21 202904 24 203415 26 203925 28 204436 30 204945 34 205457 34 205968 36 206479 37 206991 38 207503 38 208014 40 208526 41 209038 41 209549 42 210062 41 210574 41 211086 41 211598 40 212110 41 212623 40 213135 40 213648 39 214160 39 214672 39 215185 38 215697 38 216210 36 216722 35 217235 33 217748 31 218262 28 218775 27 219287 26 219799 25 220312 23 220825 21 221339 14 221855 6
8922a6ac8fd0258ec27738ca101867169b20d90a60fc84f93df77acd5bf7c80b,254118 8 254629 13 255139 17 255650 20 256161 23 256673 24 257184 26 257696 27 258208 28 258720 28 259231 30 259743 31 260255 32 260767 32 261279 33 261790 34 262302 34 262814 34 263326 34 263838 34 264351 34 264863 34 265375 34 265887 33 266399 33 266912 32 267424 32 267936 31 268448 31 268960 31 269473 30 269985 29 270497 29 271010 28 271522 28 272035 26 272548 22 273061 20 273574 14 274087 12 274601 8
8922a6ac8fd0258ec27738ca101867169b20d90a60fc84f93df77acd5bf7c80b,170665 2 171177 5 171689 5 172200 4 172205 1 172712 3 173225 2 173738 3 174250 4 174762 4 175266 2 175273 6 175779 2 175783 13 176292 17 176804 17 177315 18 177828 5 177835 11 178341 4 178349 11 178854 4 178861 11 179366 5 179372 13 179878 19 180391 17 180904 7 180914 5 181420 2
8922a6ac8fd0258ec27738ca101867169b20d90a60fc84f93df77acd5bf7c80b,170662 1
8922a6ac8fd0258ec27738ca101867169b20d90a60fc84f93df77acd5bf7c80b,175802 3 176313 4 176825 5 177338 4 177852 2
8922a6ac8fd0258ec27738ca101867169b20d90a60fc84f93df77acd5bf7c80b,170271 5 170775 1 170779 10 171284 5 171290 12 171796 18 172308 19 172820 19 173332 19 173843 20 174355 20 174869 18 175382 17 175894 17 176406 17 176918 17 177432 15 177945 13 178457 13 178969 12 179481 11 179991 13 180503 12 181015 12 181527 12 182039 11 182551 9 183064 8 183577 7 184090 5 184603 2
8922a6ac8fd0258ec27738ca101867169b20d90a60fc84f93df77acd5bf7c80b,177427 1
8922a6ac8fd0258ec27738ca101867169b20d90a60fc84f93df77acd5bf7c80b,230759 5 231270 8 231781 11 232291 15 232802 17 233313 19 233824 21 234336 23 234847 28 235359 31 235870 34 236382 35 236894 36 237406 37 237918 38 238431 37 238943 39 239455 39 239968 39 240480 39 240993 39 241505 40 242018 39 242530 39 243043 38 243556 37 244069 36 244581 36 245094 36 245606 36 246119 35 246631 35 247145 32 247658 30 248170 30 248683 29 249196 27 249708 27 250221 26 250734 24 251247 22 251760 19 252274 16 252787 14 253306 3
8922a6ac8fd0258ec27738ca101867169b20d90a60fc84f93df77acd5bf7c80b,157584 4 158089 2 158093 9 158103 4 158599 21 159110 23 159621 25 160129 30 160640 32 161150 6 161159 26 161660 8 161672 25 162171 37 162682 38 163193 9 163204 28 163705 9 163716 28 164216 40 164728 39 165240 39 165752 39 166264 39 166776 38 167288 37 167800 36 168313 35 168825 34 169337 32 169849 31 170361 30 170875 27 171387 26 171899 22 172409 21 172925 15 173438 7
8922a6ac8fd0258ec27738ca101867169b20d90a60fc84f93df77acd5bf7c80b,251316 4 251820 15 252329 20 252838 26 253349 28 253860 30 254370 33 254881 35 255392 37 255903 39 256414 41 256925 42 257432 48 257941 52 258451 54 258962 56 259473 57 259983 59 260493 60 261004 62 261515 64 262027 66 262539 72 263050 80 263562 83 264074 84 264585 86 265097 87 265608 90 266120 91 266632 92 267144 92 267655 94 268167 94 268679 95 269191 95 269702 97 270215 96 270727 96 271239 96 271751 96 272263 97 272775 98 273287 98 273800 97 274312 98 274825 98 275338 102 275850 103 276363 102 276876 102 277389 103 277901 104 278416 102 278930 102 279444 100 279959 3 279970 86 280484 84 280997 84 281510 84 282023 83 282536 77 282615 2 283049 60 283111 2 283114 11 283562 56 283627 10 284075 54 284140 1 284143 2 284147 2 284589 51 285103 48 285617 45 286143 30 286657 26 287175 18 287688 15 288201 2 288204 5 288210 4 288717 2
8922a6ac8fd0258ec27738ca101867169b20d90a60fc84f93df77acd5bf7c80b,142240 1 142752 3 143264 7 143777 7 144288 8 144799 9 145311 10 145822 11 146335 10 146848 9 147361 8 147873 8 148385 6 148898 5 149412 2
8922a6ac8fd0258ec27738ca101867169b20d90a60fc84f93df77acd5bf7c80b,172473 6 172980 1 172984 8 173490 17 174001 21 174512 23 175023 25 175534 27 176045 29 176556 31 177068 12 177081 19 177579 13 177593 19 178091 34 178602 17 178623 14 179114 17 179135 15 179625 18 179646 16 180137 38 180649 38 181161 38 181673 38 182185 39 182697 39 183210 38 183722 38 184234 38 184747 36 185259 36 185772 35 186284 36 186797 34 187310 32 187823 31 188335 31 188848 30 189361 26 189874 24 190389 18 190902 15 191418 9
8922a6ac8fd0258ec27738ca101867169b20d90a60fc84f93df77acd5bf7c80b,53181 16 53690 20 54200 27 54710 29 55220 31 55732 32 56243 34 56755 34 57267 34 57779 35 58290 37 58802 38 59313 40 59825 40 60337 41 60849 41 61362 40 61874 40 62387 40 62899 40 63411 41 63923 41 64435 41 64948 40 65461 39 65973 39 66486 38 66999 37 67512 36 68025 35 68538 34 69051 33 69565 31 70078 29 70591 27 71104 24 71619 19 72132 18 72649 12 73164 4 73171 2
8922a6ac8fd0258ec27738ca101867169b20d90a60fc84f93df77acd5bf7c80b,155602 1 156113 3 156625 7 157137 8 157650 4 158162 3 158675 2 159187 2
8922a6ac8fd0258ec27738ca101867169b20d90a60fc84f93df77acd5bf7c80b,161240 3 161752 3
8922a6ac8fd0258ec27738ca101867169b20d90a60fc84f93df77acd5bf7c80b,23526 4 24038 5 24046 2 24546 15 25056 17 25567 18 26079 21 26591 23 27102 25 27614 25 28125 26 28637 26 29149 26 29661 26 30173 26 30686 25 31198 25 31711 24 32223 24 32735 24 33248 23 33760 23 34272 22 34786 18 35299 16 35813 14 36327 11 36840 9 37355 2
8922a6ac8fd0258ec27738ca101867169b20d90a60fc84f93df77acd5bf7c80b,159724 2 160236 2 160748 2 161253 9 161762 12 162277 9 162790 8 163302 8 163814 8 164327 8 164840 7 165353 10 165866 9 166378 9 166895 3
8922a6ac8fd0258ec27738ca101867169b20d90a60fc84f93df77acd5bf7c80b,163299 2 163811 2 164323 1
8922a6ac8fd0258ec27738ca101867169b20d90a60fc84f93df77acd5bf7c80b,149481 2 149993 2
8922a6ac8fd0258ec27738ca101867169b20d90a60fc84f93df77acd5bf7c80b,190953 2 191465 2
8922a6ac8fd0258ec27738ca101867169b20d90a60fc84f93df77acd5bf7c80b,194026 1
8922a6ac8fd0258ec27738ca101867169b20d90a60fc84f93df77acd5bf7c80b,283132 2 283643 3 284155 2
8b59819fbc92eefe45b1db95c0cc3a467ddcfc755684c7f2ba2f6ccb9ad740ab,27561 1 28081 1 28601 2 29121 2 29641 3 30161 3 30681 3 31201 3 31721 3 32241 3 32761 3 33281 2 33801 2 34321 2
8b59819fbc92eefe45b1db95c0cc3a467ddcfc755684c7f2ba2f6ccb9ad740ab,104008 6 104528 7 105041 3 105047 11 105561 4 105566 14 106081 20 106601 22 107121 24 107641 25 108161 27 108681 28 109201 29 109721 29 110241 30 110761 30 111281 31 111801 31 112321 31 112841 31 113361 31 113881 31 114401 31 114921 30 115441 29 115961 29 116019 4 116481 29 116538 7 117001 29 117058 8 117521 32 117577 9 118041 36 118095 12 118561 39 118614 14 118630 2 119081 43 119133 21 119601 44 119653 22 120121 8 120139 27 120172 22 120641 5 120659 28 120692 21 121161 3 121178 31 121212 20 121681 1 121698 32 121732 20 122217 33 122252 20 122737 33 122773 19 123256 33 123293 19 123776 34 123811 21 124296 54 124816 51 125336 51 125856 35 125893 6 126376 34 126896 34 127417 32 127939 29 128460 28 128981 26 129502 11 129515 11 130022 4 130029 2 130036 8 130561 1
8b59819fbc92eefe45b1db95c0cc3a467ddcfc755684c7f2ba2f6ccb9ad740ab,157046 4 157565 6 158084 9 158604 9 159124 10 159644 10 160161 13 160681 12 161201 12 161721 14 162241 16 162761 18 163281 18 163801 19 164321 20 164841 20 165361 20 165881 20 166401 20 166921 20 167441 20 167961 20 168481 20 169001 20 169521 19 170041 19 170561 19 171081 18 171601 18 172121 17 172641 16 173161 15 173685 8
8b59819fbc92eefe45b1db95c0cc3a467ddcfc755684c7f2ba2f6ccb9ad740ab,216392 3 216910 7 217430 9 217949 12 218469 14 218989 15 219508 18 220027 20 220547 21 221066 23 221586 25 222105 28 222625 29 223094 6 223144 31 223613 9 223664 32 224132 11 224183 33 224651 13 224703 34 225170 16 225222 35 225689 18 225742 35 226209 19 226261 37 226729 21 226780 38 227249 22 227299 39 227769 24 227816 42 228288 26 228334 45 228808 27 228852 48 229328 29 229371 50 229848 31 229889 52 230368 33 230405 56 230887 94 231407 95 231927 95 232447 96 232544 1 232966 100 233486 99 234005 97 234526 96 235046 96 235566 96 235670 2 236085 113 236603 49 236656 65 237123 48 237180 64 237642 48 237702 64 238161 49 238223 66 238681 48 238748 63 239201 48 239275 15 239293 39 239721 47 239813 40 240242 45 240333 40 240762 44 240853 40 241283 41 241372 41 241803 38 241891 42 242322 31 242410 42 242843 22 242929 43 243364 15 243448 43 243885 12 243967 44 244411 3 244486 43 245006 42 245525 42 246045 41 246565 39 247085 38 247604 38 248124 37 248644 37 249164 36 249685 35 250205 34 250725 34 251246 32 251766 32 252287 30 252807 29 253328 28 253849 26 254370 23 254892 20 255414 16
8b59819fbc92eefe45b1db95c0cc3a467ddcfc755684c7f2ba2f6ccb9ad740ab,265209 5 265219 6 265727 23 266246 29 266764 37 267283 39 267801 41 267852 2 268321 42 268367 9 268841 56 269361 57 269881 57 270401 59 270921 60 271441 61 271961 62 272481 63 273001 43 273048 16 273521 43 273569 16 274041 43 274091 14 274561 43 274611 14 275081 43 275129 16 275601 63 276121 63 276641 63 277161 62 277681 60 278202 58 278724 53 279245 50 279766 49 280287 48 280810 45 281336 39 281857 31 281890 4 282378 27 282900 23 283422 20 283946 9
8b59819fbc92eefe45b1db95c0cc3a467ddcfc755684c7f2ba2f6ccb9ad740ab,7326 4 7845 6 8360 3 8365 7 8879 14 8897 2 9398 6 9406 14 9917 7 9926 15 10436 26 10955 29 11474 31 11994 34 12514 34 13033 35 13553 35 14073 34 14593 34 15113 34 15632 35 16152 35 16672 35 17191 36 17711 37 18231 37 18751 37 19271 37 19791 37 20311 36 20831 35 21351 35 21871 35 22392 33 22912 32 23432 32 23952 32 24472 31 24992 31 25513 29 26033 27 26553 26 27074 25 27595 23 28118 20 28641 17 29161 15 29682 12 30202 11 30722 10 31242 10 31766 4 32287 2
8b59819fbc92eefe45b1db95c0cc3a467ddcfc755684c7f2ba2f6ccb9ad740ab,71 8 592 7 1113 6 1635 2
8b59819fbc92eefe45b1db95c0cc3a467ddcfc755684c7f2ba2f6ccb9ad740ab,123835 1
8b59819fbc92eefe45b1db95c0cc3a467ddcfc755684c7f2ba2f6ccb9ad740ab,80 4 89 16 600 4 610 16 1120 5 1131 16 1641 1 1644 1 1652 16 2164 2 2171 21 2684 29 3205 29 3727 29 4247 31 4768 32 5287 33 5807 34 6328 33 6848 33 7368 33 7889 33 8409 33 8929 35 9449 39 9970 23 9997 12 10490 22 10518 11 11011 21 11039 10 11531 20 11559 9 12052 19 12078 8 12572 19 12598 7 13094 17 13117 8 13616 15 13636 9 14136 14 14153 11 14657 13 14673 12 15178 11 15193 12 15703 5 15714 11 16224 3 16239 5 16745 2
8b59819fbc92eefe45b1db95c0cc3a467ddcfc755684c7f2ba2f6ccb9ad740ab,80217 10 80732 19 81249 24 81765 30 82282 34 82800 38 83318 41 83836 44 84355 46 84873 49 85392 51 85911 52 86430 54 86949 56 87468 57 87987 58 88507 59 89026 60 89545 61 90065 61 90585 62 91104 62 91624 62 92144 62 92664 62 93184 62 93705 60 94225 60 94745 59 95266 57 95786 56 96307 53 96828 51 97349 48 97870 45 98391 42 98913 37 99435 31 99958 23 100482 15 101008 5
8b59819fbc92eefe45b1db95c0cc3a467ddcfc755684c7f2ba2f6ccb9ad740ab,181091 2 181096 4 181609 13 182129 14 182648 17 183167 19 183686 20 184205 22 184725 22 185245 22 185764 23 186283 25 186797 31 187316 33 187835 37 188354 39 188874 40 189394 40 189914 41 190433 42 190953 43 191473 45 191993 46 192513 46 193033 19 193054 25 193553 19 193574 25 194073 19 194095 23 194593 19 194614 24 195113 45 195633 45 196153 45 196674 44 197194 44 197714 44 198235 42 198755 42 199276 42 199797 41 200317 40 200838 39 201359 38 201880 37 202402 34 202923 32 203445 29 203966 27 204488 24 205010 21 205534 16 206058 4
8b59819fbc92eefe45b1db95c0cc3a467ddcfc755684c7f2ba2f6ccb9ad740ab,52706 6 53221 15 53739 20 54258 23 54776 27 55294 31 55813 34 56332 36 56852 37 57371 39 57890 41 58409 43 58928 45 59448 46 59967 48 60486 49 61006 49 61525 51 62044 52 62564 52 63084 52 63604 52 64123 53 64643 52 65163 52 65683 52 66203 51 66723 51 67243 50 67763 49 68283 48 68803 47 69323 46 69843 45 70363 44 70884 42 71404 41 71924 39 72444 37 72965 33 73485 31 74006 28 74526 26 75047 22 75568 17 76089 13 76611 8
8b59819fbc92eefe45b1db95c0cc3a467ddcfc755684c7f2ba2f6ccb9ad740ab,239381 9 239899 12 240417 14 240936 16 241455 17 241974 19 242494 20 243013 21 243533 21 244053 22 244573 22 245093 23 245613 24 246133 25 246653 25 247173 26 247693 26 248213 27 248734 26 249254 27 249775 26 250295 26 250815 27 251336 26 251856 26 252377 25 252897 25 253418 24 253938 25 254459 24 254979 24 255500 23 256020 23 256541 22 257061 22 257581 22 258102 21 258622 21 259142 21 259663 20 260183 20 260704 18 261225 17 261746 16 262267 14 262789 11 263313 3
8b59819fbc92eefe45b1db95c0cc3a467ddcfc755684c7f2ba2f6ccb9ad740ab,186 4
8b59819fbc92eefe45b1db95c0cc3a467ddcfc755684c7f2ba2f6ccb9ad740ab,157257 9 157775 13 158294 16 158813 19 159332 20 159850 23 160363 2 160368 25 160882 32 161402 32 161922 32 162442 32 162960 34 163479 35 163998 37 164518 37 165038 38 165558 39 166078 40 166598 40 167118 41 167638 41 168158 42 168678 42 169198 42 169718 42 170239 41 170759 40 171279 40 171800 38 172320 37 172840 37 173361 35 173881 34 174402 32 174923 30 175444 27 175965 23 176486 19 177008 16 177529 13 178050 11 178571 8 179092 5
8b59819fbc92eefe45b1db95c0cc3a467ddcfc755684c7f2ba2f6ccb9ad740ab,215 31 735 30 1255 30 1775 29 2295 29 2815 29 3335 30 3855 30 4376 30 4895 31 5415 31 5935 30 6455 30 6975 29 7495 11 7511 4 7516 6 8015 8 8536 6 9058 2 9577 3
8b59819fbc92eefe45b1db95c0cc3a467ddcfc755684c7f2ba2f6ccb9ad740ab,161505 10 162022 16 162540 20 163058 23 163577 25 164096 27 164615 28 165134 29 165652 31 166171 31 166690 32 167209 33 167728 34 168248 34 168767 34 169287 34 169807 34 170326 34 170846 34 171366 33 171886 32 172405 33 172924 33 173444 33 173963 33 174482 33 175001 34 175521 33 176041 33 176561 32 177081 31 177601 30 178121 29 178642 27 179163 25 179684 23 180205 21 180726 18 181247 14 181769 10 182293 3
8b59819fbc92eefe45b1db95c0cc3a467ddcfc755684c7f2ba2f6ccb9ad740ab,401 51 921 52 1440 55 1959 57 2478 60 2997 62 3516 64 4036 65 4556 66 5076 67 5596 68 6116 68 6636 69 7157 69 7677 70 8197 70 8717 71 9238 70 9759 70 10280 70 10801 69 11321 70 11842 69 12363 68 12884 66 13405 65 13927 63 14449 60 14971 57 15493 54 16015 51 16540 45 17063 41 17585 37 18110 30 18634 22
8b59819fbc92eefe45b1db95c0cc3a467ddcfc755684c7f2ba2f6ccb9ad740ab,221928 5 222447 8 222966 10 223485 12 224004 14 224523 15 225042 17 225562 17 226081 19 226601 19 227120 20 227640 21 228160 21 228679 22 229199 22 229719 22 230238 23 230758 23 231278 23 231798 24 232317 26 232837 27 233357 28 233877 29 234397 30 234917 31 235436 32 235956 33 236476 33 236996 34 237516 34 238036 35 238556 35 239076 35 239596 35 240116 36 240636 36 241156 36 241677 35 242197 35 242717 35 243238 34 243758 35 244279 34 244799 34 245320 33 245841 32 246361 32 246881 32 247401 31 247921 31 248441 31 248961 31 249481 31 250001 31 250521 30 251041 30 251561 30 252081 30 252601 30 253122 29 253642 29 254163 27 254683 27 255204 26 255724 25 256245 24 256765 23 257286 22 257807 20 258328 19 258849 17 259369 16 259891 13 260412 10
8b59819fbc92eefe45b1db95c0cc3a467ddcfc755684c7f2ba2f6ccb9ad740ab,117442 3 117954 14 118471 19 118987 24 119506 26 120024 29 120542 31 121060 33 121579 35 122098 36 122617 37 123135 39 123654 39 124173 40 124692 41 125211 41 125730 43 126249 44 126768 45 127287 46 127806 47 128326 48 128845 49 129365 49 129884 50 130404 50 130924 50 131443 50 131963 50 132483 50 133003 50 133522 51 134042 50 134561 50 135081 50 135601 50 136121 49 136641 48 137161 47 137681 47 138201 47 138721 46 139242 44 139762 44 140282 43 140803 41 141324 40 141844 39 142366 36 142887 34 143409 31 143930 29 144451 26 144972 24 145493 22 146015 17 146540 5
8b59819fbc92eefe45b1db95c0cc3a467ddcfc755684c7f2ba2f6ccb9ad740ab,139825 3 140341 8 140353 7 140860 21 141380 21 141898 24 141924 2 141933 1 142417 40 142934 44 143453 45 143972 46 144492 47 145011 49 145530 54 146049 57 146569 57 147089 57 147608 58 148128 58 148635 8 148647 59 149151 75 149669 77 150189 76 150710 53 150764 21 151226 1 151230 51 151287 19 151745 2 151750 50 151808 18 152265 2 152269 50 152330 15 152785 53 152851 13 153305 52 153377 6 153825 2 153828 48 153898 4 154345 1 154348 48 154864 51 155384 50 155904 48 156424 47 156944 45 157463 41 157984 38 158503 39 159023 38 159542 39 160062 38 160580 40 161100 40 161620 40 162141 38 162661 38 163182 36 163703 35 164224 33 164744 33 165264 32 165784 32 166305 30 166825 30 167346 29 167867 27 168387 27 168908 25 169430 23 169952 21 170474 18 170995 15 171516 8 171526 3 172037 6 172558 3
8b59819fbc92eefe45b1db95c0cc3a467ddcfc755684c7f2ba2f6ccb9ad740ab,311959 3 312476 8 312993 12 313510 15 314027 19 314544 23 315063 24 315581 26 316100 28 316619 29 317138 30 317657 32 318176 33 318695 34 319215 34 319734 35 320254 35 320774 35 321294 35 321813 35 322333 35 322853 34 323373 33 323893 33 324413 32 324933 31 325453 29 325974 27 326494 25 327014 23 327535 20 328056 18 328577 15 329100 6
8b59819fbc92eefe45b1db95c0cc3a467ddcfc755684c7f2ba2f6ccb9ad740ab,285447 4 285453 3 285965 11 286484 12 287003 13 287520 16 288028 3 288039 17 288547 5 288558 18 289067 30 289587 30 290106 31 290625 31 291145 30 291664 30 292183 31 292702 33 293221 35 293739 38 294258 39 294777 40 295297 39 295818 38 296338 38 296859 36 297379 34 297899 34 298419 33 298939 32 299459 31 299979 30 300498 30 301018 29 301538 28 302060 14 302076 8 302581 12 302597 5 303107 5 303117 3 303637 2
8b59819fbc92eefe45b1db95c0cc3a467ddcfc755684c7f2ba2f6ccb9ad740ab,80569 3 81083 17 81601 20 82119 24 82638 27 83156 30 83675 32 84193 34 84711 37 85230 39 85749 40 86268 41 86787 42 87306 44 87826 44 88345 45 88865 45 89384 46 89904 46 90424 45 90943 46 91463 46 91983 46 92503 47 93023 47 93542 48 94062 49 94583 48 95103 49 95623 50 96143 51 96664 50 97184 51 97705 50 98226 50 98746 50 99267 49 99789 46 100310 44 100832 41 101353 39 101875 36 102398 31 102922 25 103446 18
8b59819fbc92eefe45b1db95c0cc3a467ddcfc755684c7f2ba2f6ccb9ad740ab,11424 5 11942 8 12461 11 12981 14 13500 17 14020 19 14539 22 15058 23 15577 24 16096 25 16616 25 17135 26 17655 26 18174 27 18694 27 19214 27 19734 27 20253 28 20773 28 21292 29 21812 29 22333 28 22853 28 23373 28 23894 23 24414 22 24935 21 25455 20 25976 19 26499 15
8b59819fbc92eefe45b1db95c0cc3a467ddcfc755684c7f2ba2f6ccb9ad740ab,117504 3 118022 8 118542 10 119061 13 119580 16 120100 17 120620 18 121140 18 121660 19 122179 21 122699 22 123218 23 123738 23 124258 23 124778 23 125299 22 125819 22 126339 22 126859 22 127379 22 127900 21 128421 20 128943 12 129466 6
8b59819fbc92eefe45b1db95c0cc3a467ddcfc755684c7f2ba2f6ccb9ad740ab,257917 4 258436 5 258954 7 259473 8 259992 9 260511 10 261031 10 261550 11 262069 12 262588 13 263108 13 263628 13 264147 14 264668 13 265188 13 265708 13 266229 12 266751 10 267272 9 267792 9 268313 8 268833 8 269354 7 269876 5 270397 4 270919 2
912a679e4b9b1d1a75170254fd675b8c24b664d80ad7ea7e460241a23535a406,15364 4 15618 6 15873 8 16129 7 16385 6 16641 4 16897 2
912a679e4b9b1d1a75170254fd675b8c24b664d80ad7ea7e460241a23535a406,37889 4 38145 5 38401 6 38657 6 38913 6 39169 6 39425 6 39681 6 39937 6 40193 5
912a679e4b9b1d1a75170254fd675b8c24b664d80ad7ea7e460241a23535a406,61185 2 61441 4 61697 6 61953 6 62209 6 62465 7 62721 7 62977 7 63233 7 63489 6 63745 6 64001 5 64257 5 64513 4 64769 4 65025 2
912a679e4b9b1d1a75170254fd675b8c24b664d80ad7ea7e460241a23535a406,8201 3 8455 7 8710 10 8965 12 9221 12 9477 12 9733 12 9989 11 10246 10 10504 7 10762 2
912a679e4b9b1d1a75170254fd675b8c24b664d80ad7ea7e460241a23535a406,27916 6 28172 7 28427 9 28682 11 28938 12 29194 12 29450 13 29706 14 29963 13 30219 13 30476 12 30733 10
912a679e4b9b1d1a75170254fd675b8c24b664d80ad7ea7e460241a23535a406,50446 5 50701 7 50957 8 51212 9 51468 10 51724 10 51980 9 52236 9 52492 8 52750 5 53008 1
912a679e4b9b1d1a75170254fd675b8c24b664d80ad7ea7e460241a23535a406,34579 2 34833 8 35088 10 35343 11 35598 13 35853 15 36109 16 36365 16 36621 16 36878 14 37136 12 37395 8 37652 7 37910 4
912a679e4b9b1d1a75170254fd675b8c24b664d80ad7ea7e460241a23535a406,56855 6 57109 9 57364 10 57620 10 57875 11 58131 10 58387 9 58644 8 58901 5
912a679e4b9b1d1a75170254fd675b8c24b664d80ad7ea7e460241a23535a406,61464 2 61718 6 61972 9 62228 10 62483 11 62740 9 62996 9 63254 5
912a679e4b9b1d1a75170254fd675b8c24b664d80ad7ea7e460241a23535a406,18715 7 18969 10 19224 12 19480 12 19736 12 19991 13 20248 11 20504 11 20762 7 21020 3
912a679e4b9b1d1a75170254fd675b8c24b664d80ad7ea7e460241a23535a406,50459 8 50714 13 50970 14 51226 14 51481 15 51737 15 51762 2 51993 15 52015 6 52249 15 52270 8 52506 14 52525 9 52764 12 52780 10 53021 10 53036 10 53278 9 53292 10 53536 3 53542 15 53797 16 54053 14 54309 13 54565 8 54822 7 55079 5 55336 3
912a679e4b9b1d1a75170254fd675b8c24b664d80ad7ea7e460241a23535a406,34339 1 34594 5 34849 7 35104 9 35359 10 35614 12 35870 12 36127 11 36384 10 36641 9 36897 7 37154 5 37411 1
912a679e4b9b1d1a75170254fd675b8c24b664d80ad7ea7e460241a23535a406,55844 5 56099 7 56355 8 56611 8 56867 8 57124 6
912a679e4b9b1d1a75170254fd675b8c24b664d80ad7ea7e460241a23535a406,39218 2 39472 6 39727 7 39982 9 40238 10 40493 11 40749 12 41005 13 41024 4 41262 12 41278 7 41518 13 41533 10 41775 12 41788 11 42032 24 42288 24 42544 24 42799 24 43052 26 43306 27 43561 22 43816 23 44071 25 44327 27 44583 28 44839 29 45095 29 45352 28 45609 27 45867 11 45881 10 46124 8 46138 9 46381 5 46394 8 46638 2 46651 7 46894 2 47149 3 47404 7 47657 11 47912 13 48167 14 48423 13 48679 12 48935 11 49192 9 49448 6 49706 2
912a679e4b9b1d1a75170254fd675b8c24b664d80ad7ea7e460241a23535a406,25646 5 25901 7 26156 8 26412 9 26667 10 26923 10 27179 10 27435 10 27691 9 27947 9 28204 7 28461 5
912a679e4b9b1d1a75170254fd675b8c24b664d80ad7ea7e460241a23535a406,817 4 1072 6 1326 9 1581 10 1837 11 2093 11 2348 12 2604 12 2861 11 3118 9 3375 7 3632 5
912a679e4b9b1d1a75170254fd675b8c24b664d80ad7ea7e460241a23535a406,52030 8 52285 9 52540 11 52795 13 53051 14 53306 15 53562 15 53818 14 54074 14 54330 14 54583 17 54837 18 55092 18 55347 17 55603 13 55859 13 56115 12 56372 11 56629 9 56886 8 57143 6 57401 3
912a679e4b9b1d1a75170254fd675b8c24b664d80ad7ea7e460241a23535a406,4407 5 4662 7 4917 8 5173 9 5429 9 5685 9 5941 9 6197 9 6453 8 6710 7 6966 6
912a679e4b9b1d1a75170254fd675b8c24b664d80ad7ea7e460241a23535a406,35133 1 35386 6 35641 7 35896 8 36151 10 36407 10 36663 10 36919 9 37175 9 37432 7 37689 6 37947 2
912a679e4b9b1d1a75170254fd675b8c24b664d80ad7ea7e460241a23535a406,59968 3 60221 8 60476 9 60731 11 60987 11 61243 11 61499 10 61755 10 62011 9 62269 6
912a679e4b9b1d1a75170254fd675b8c24b664d80ad7ea7e460241a23535a406,44106 5 44361 7 44616 9 44871 10 45126 11 45383 10 45639 10 45895 9 46151 8 46407 7 46662 6 46915 7 47170 8 47425 9 47681 10 47937 11 48193 11 48449 11 48705 11 48962 10 49219 8 49477 5
912a679e4b9b1d1a75170254fd675b8c24b664d80ad7ea7e460241a23535a406,65093 1 65347 6
912a679e4b9b1d1a75170254fd675b8c24b664d80ad7ea7e460241a23535a406,24392 4 24646 7 24902 8 25157 9 25412 10 25668 10 25924 10 26180 10 26436 10 26693 9 26949 8 27206 6
912a679e4b9b1d1a75170254fd675b8c24b664d80ad7ea7e460241a23535a406,36173 5 36428 7 36683 8 36939 8 37194 8 37450 8 37707 7 37963 7 38221 4
912a679e4b9b1d1a75170254fd675b8c24b664d80ad7ea7e460241a23535a406,60756 4 61011 6 61266 8 61522 8 61778 8 62033 9 62290 7 62546 6 62803 4 63053 8 63307 10 63562 11 63818 12 64074 12 64330 11 64586 10 64842 9 65098 9 65355 7
912a679e4b9b1d1a75170254fd675b8c24b664d80ad7ea7e460241a23535a406,46166 2 46420 5 46675 7 46930 8 47186 8 47441 9 47697 9 47953 10 48209 9 48465 9 48722 8 48978 7 49235 5
912a679e4b9b1d1a75170254fd675b8c24b664d80ad7ea7e460241a23535a406,37730 1 37983 6 38237 9 38492 12 38748 14 39003 15 39259 16 39515 15 39772 14 40029 12 40287 3
912a679e4b9b1d1a75170254fd675b8c24b664d80ad7ea7e460241a23535a406,28513 6 28768 8 29024 9 29279 11 29535 11 29791 12 30047 12 30304 11 30560 11 30817 10 31074 9 31332 6 31591 1
912a679e4b9b1d1a75170254fd675b8c24b664d80ad7ea7e460241a23535a406,21095 1 21348 5 21602 7 21857 9 22113 10 22369 11 22625 10 22881 10 23138 9 23394 8 23651 6
912a679e4b9b1d1a75170254fd675b8c24b664d80ad7ea7e460241a23535a406,63587 7 63842 8 64098 9 64354 9 64610 9 64865 10 65121 10 65377 10
912a679e4b9b1d1a75170254fd675b8c24b664d80ad7ea7e460241a23535a406,17512 6 17766 9 18021 11 18277 11 18533 12 18789 12 19046 12 19302 12 19559 10 19815 10 20072 8 20330 5
912a679e4b9b1d1a75170254fd675b8c24b664d80ad7ea7e460241a23535a406,5225 5 5480 7 5736 7 5991 13 6246 15 6502 16 6758 18 7015 20 7271 22 7528 23 7786 22 8042 23 8299 22 8556 21 8814 19 9071 17 9328 16 9585 8 9594 4
912a679e4b9b1d1a75170254fd675b8c24b664d80ad7ea7e460241a23535a406,26222 3 26476 7 26731 9 26987 10 27243 2 27246 7 27502 7 27758 7 28013 8 28269 8 28526 7 28783 5
912a679e4b9b1d1a75170254fd675b8c24b664d80ad7ea7e460241a23535a406,12407 3 12661 8 12917 9 13173 10 13429 10 13686 8 13943 6 14201 2
912a679e4b9b1d1a75170254fd675b8c24b664d80ad7ea7e460241a23535a406,15485 3 15740 5 15995 7 16250 9 16506 9 16762 9 17017 10 17273 11 17529 11 17786 10 18042 10 18299 10 18556 10 18813 10 19069 10 19325 11 19581 11 19837 11 20093 11 20349 11 20606 10 20862 9 21118 8 21376 5
912a679e4b9b1d1a75170254fd675b8c24b664d80ad7ea7e460241a23535a406,42112 8 42367 10 42623 11 42880 10 43136 10 43393 8 43651 6
912a679e4b9b1d1a75170254fd675b8c24b664d80ad7ea7e460241a23535a406,38027 5 38282 8 38538 9 38793 10 39049 10 39306 9 39562 9 39820 6
912a679e4b9b1d1a75170254fd675b8c24b664d80ad7ea7e460241a23535a406,3989 2 4242 7 4497 9 4752 11 5008 11 5263 12 5519 12 5775 12 6031 11 6288 10 6544 9 6800 8 7057 6
912a679e4b9b1d1a75170254fd675b8c24b664d80ad7ea7e460241a23535a406,32404 5 32658 8 32913 10 33169 11 33424 12 33680 13 33937 12 34193 12 34449 12 34706 10 34963 8 35220 6
912a679e4b9b1d1a75170254fd675b8c24b664d80ad7ea7e460241a23535a406,24470 5 24726 5 24983 4 25239 4 25495 3
912a679e4b9b1d1a75170254fd675b8c24b664d80ad7ea7e460241a23535a406,9889 5 10143 8 10398 10 10654 10 10909 11 11164 13 11420 13 11676 12 11932 12 12188 11 12445 9 12702 7 12959 5
912a679e4b9b1d1a75170254fd675b8c24b664d80ad7ea7e460241a23535a406,18591 3 18846 6 19101 8 19357 9 19613 10 19868 12 20124 13 20381 12 20637 12 20894 10 21151 9 21409 1
912a679e4b9b1d1a75170254fd675b8c24b664d80ad7ea7e460241a23535a406,42153 7 42408 10 42663 11 42919 12 43175 12 43431 12 43687 12 43944 11 44200 10 44457 8 44714 6
912a679e4b9b1d1a75170254fd675b8c24b664d80ad7ea7e460241a23535a406,171 9 427 9 682 11 938 11 1194 12 1449 13 1706 12 1962 12 2218 12 2475 10 2732 8 2990 5
912a679e4b9b1d1a75170254fd675b8c24b664d80ad7ea7e460241a23535a406,25264 7 25517 11 25772 12 26028 12 26284 12 26540 12 26797 11 27053 10 27311 6
912a679e4b9b1d1a75170254fd675b8c24b664d80ad7ea7e460241a23535a406,29366 3 29621 6 29876 8 30128 12 30383 13 30638 14 30894 14 31150 14 31406 13 31663 12 31920 10 32178 7
912a679e4b9b1d1a75170254fd675b8c24b664d80ad7ea7e460241a23535a406,17588 8 17842 11 18097 13 18352 15 18608 15 18864 15 19120 15 19377 13 19633 11 19890 2 19894 5
912a679e4b9b1d1a75170254fd675b8c24b664d80ad7ea7e460241a23535a406,11448 5 11703 7 11959 8 12215 8 12471 9 12727 9 12983 10 13240 8 13495 9 13751 3
912a679e4b9b1d1a75170254fd675b8c24b664d80ad7ea7e460241a23535a406,30953 4 31208 7 31464 9 31720 10 31976 11 32231 13 32487 13 32725 6 32743 13 32966 4 32980 9 33000 12 33219 11 33235 12 33256 11 33473 14 33491 15 33512 10 33729 34 33767 8 33984 35 34022 8 34240 36 34277 9 34496 45 34752 45 35009 44 35265 43 35522 28 35552 12 35779 6 35789 15 35810 10 36045 14 36066 9 36302 9 36313 1 36322 9 36559 5 36578 8 36834 8 37090 7 37347 5 37604 3
912a679e4b9b1d1a75170254fd675b8c24b664d80ad7ea7e460241a23535a406,18631 2 18885 5 19140 7 19396 9 19652 10 19907 11 19919 6 20163 20 20419 21 20674 23 20930 23 21187 22 21444 8 21454 11 21701 3 21711 10 21968 8 22227 4
912a679e4b9b1d1a75170254fd675b8c24b664d80ad7ea7e460241a23535a406,37067 2 37322 3 37576 5 37832 9 38088 10 38344 10 38600 10 38855 11 39111 11 39367 10 39624 9 39881 8 40140 4
912a679e4b9b1d1a75170254fd675b8c24b664d80ad7ea7e460241a23535a406,54484 4 54739 7 54995 9 55250 11 55506 11 55761 12 56018 11 56274 11 56531 9 56789 6 57046 3
912a679e4b9b1d1a75170254fd675b8c24b664d80ad7ea7e460241a23535a406,40661 4 40916 7 41171 9 41427 9 41682 10 41938 10 42194 10 42450 10 42707 9 42963 9 43220 8 43476 7 43733 5 43990 3
912a679e4b9b1d1a75170254fd675b8c24b664d80ad7ea7e460241a23535a406,59629 4 59885 6 60139 9 60394 10 60650 11 60906 11 61163 9 61421 3
912a679e4b9b1d1a75170254fd675b8c24b664d80ad7ea7e460241a23535a406,63216 1 63471 5 63726 9 63982 10 64238 10 64493 1 64495 10 64752 9 65009 7 65266 5 65522 4
9ab2d381f90b485a68b82bc07f94397a0373e3215ad20935a958738e55f3cfc2,250385 10 250894 20 251404 26 251915 29 252425 33 252936 35 253447 39 253958 41 254469 44 254980 47 255492 48 256004 49 256515 51 257027 53 257538 55 258049 57 258561 57 259073 58 259585 58 260097 59 260609 59 261121 59 261633 59 262145 59 262657 60 263169 60 263681 60 264193 60 264705 60 265217 60 265729 61 266241 61 266753 61 267265 61 267780 58 268293 57 268805 57 269317 56 269829 56 270341 56 270853 56 271365 56 271877 56 272388 56 272900 56 273412 55 273924 54 274436 53 274949 52 275461 51 275973 50 276486 49 276999 47 277513 44 278027 42 278541 39 279055 36 279568 34 280081 33 280594 31 281108 26 281620 23 282132 21 282645 18 283158 15 283672 8
9f17aea854db13015d19b34cb2022cfdeda44133323fcd6bb3545f7b9404d8ab,179722 19 180233 26 180744 29 181255 31 181766 33 182277 35 182789 37 183299 25 183326 13 183809 43 184321 44 184833 45 185345 45 185857 45 186369 45 186881 45 187393 45 187905 45 188417 45 188929 45 189441 45 189953 44 190465 44 190977 44 191489 43 192001 42 192513 17 192535 2 192542 12 193031 7 193057 7
9f17aea854db13015d19b34cb2022cfdeda44133323fcd6bb3545f7b9404d8ab,213505 3 214017 13 214529 17 215041 18 215553 19 216065 20 216577 21 217089 21 217601 22 218113 22 218625 22 219137 22 219649 22 220161 22 220673 21 221185 21 221697 21 222209 21 222721 21 223233 21 223745 21 224257 21 224769 21 225281 21 225793 20 226305 20 226817 19 227329 19 227841 18 228353 18 228865 17 229377 17 229889 16 230401 15 230913 14 231425 14 231937 13 232449 12 232961 11 233473 9 233985 8 234497 7 235009 5 235521 4 236033 3 236545 2 237057 1
9f17aea854db13015d19b34cb2022cfdeda44133323fcd6bb3545f7b9404d8ab,257048 2 257559 4 258070 7 258582 14 258604 2 259093 16 259115 4 259601 20 259625 7 260111 22 260137 8 260622 24 260648 10 261133 38 261645 38 262156 39 262668 39 263180 14 263196 23 263691 14 263710 21 264202 12 264223 20 264713 12 264736 19 265224 13 265248 20 265734 14 265761 19 266245 15 266273 20 266755 17 266787 19 267265 19 267303 15 267777 19 267816 15 268289 19 268329 15 268801 19 268842 14 269313 20 269354 14 269825 22 269854 2 269865 15 270337 22 270365 3 270377 15 270849 23 270876 3 270888 16 271361 23 271387 4 271400 16 271873 22 271899 4 271912 16 272385 21 272410 5 272423 17 272897 19 272922 6 272935 17 273409 18 273435 6 273446 17 273921 17 273948 6 273957 18 274433 18 274460 7 274468 19 274945 19 274973 26 275457 20 275485 25 275969 20 275997 25 276481 19 276509 25 276993 19 277020 25 277505 19 277527 30 278017 52 278529 52 279043 50 279558 10 279570 34 280071 9 280082 34 280583 44 281095 43 281606 42 282118 41 282630 40 283142 39 283655 37 284168 35 284680 34 285193 29 285223 1 285705 27 286218 26 286739 5 286750 5 287263 3
9f17aea854db13015d19b34cb2022cfdeda44133323fcd6bb3545f7b9404d8ab,333313 2 333825 4 334337 6 334849 7 335361 8 335873 9 336385 9 336897 9 337409 8 337921 8 338433 8 338945 8 339457 8 339969 8 340481 7 340993 7 341505 7 342017 6 342529 6 343041 5 343553 4 344065 4 344577 4 345089 3 345601 3 346113 1
9f17aea854db13015d19b34cb2022cfdeda44133323fcd6bb3545f7b9404d8ab,155689 2 156200 4 156712 5 157224 6 157736 8 158247 10 158758 13 158839 8 159268 16 159349 14 159779 19 159857 19 160290 22 160359 31 160801 24 160869 34 161312 27 161380 36 161822 33 161890 40 162333 36 162397 46 162842 41 162908 49 163352 47 163420 50 163863 51 163932 52 164374 55 164444 53 164885 58 164955 54 165397 60 165467 55 165908 62 165979 55 166420 64 166491 55 166931 66 167003 56 167443 68 167516 56 167955 130 168467 3 168474 123 168978 4 168987 123 169490 4 169499 123 170002 132 170514 132 171027 131 171539 131 172051 131 172564 82 172650 43 173077 81 173168 36 173589 81 173681 34 174102 81 174194 32 174615 80 174707 30 175128 79 175223 22 175643 75 175747 6 176159 70 176673 6 176694 46 177207 44 177721 41 178236 1 178250 23
9f17aea854db13015d19b34cb2022cfdeda44133323fcd6bb3545f7b9404d8ab,223296 2 223806 9 224317 11 224827 14 225338 16 225849 17 226360 18 226870 21 227381 22 227892 22 228402 24 228912 26 229421 28 229931 30 230442 30 230950 33 231461 33 231972 33 232483 34 232995 34 233507 33 234019 33 234531 32 235043 31 235555 30 236068 29 236580 29 237093 28 237606 27 238118 26 238631 25 239143 24 239656 22 240169 20 240684 16 241197 14 241710 12 242222 11 242735 9 243249 6 243763 2
9f17aea854db13015d19b34cb2022cfdeda44133323fcd6bb3545f7b9404d8ab,308319 4 308815 12 308829 7 309326 23 309836 26 310346 28 310857 30 311367 32 311876 35 312387 36 312898 37 313410 38 313922 38 314434 24 314459 15 314476 2 314946 22 314973 18 315458 21 315485 19 315970 20 315997 19 316482 19 316510 18 316993 21 317022 18 317505 23 317534 17 318016 25 318050 13 318527 27 318563 11 319038 29 319075 10 319550 30 319587 9 320062 31 320098 9 320573 46 321085 46 321597 45 322108 46 322619 46 323130 47 323642 46 324153 46 324665 45 325177 44 325689 43 326201 42 326714 40 327227 38 327739 37 328251 35 328763 33 329276 31 329790 28 330304 23 330818 18 331341 3
9f17aea854db13015d19b34cb2022cfdeda44133323fcd6bb3545f7b9404d8ab,67 9 579 9 1091 10 1603 10 2115 11 2627 11 3139 11 3651 11 4163 11 4675 11 5187 11 5699 11 6211 11 6724 11 7237 10 7750 7 8263 6 8777 3
9f17aea854db13015d19b34cb2022cfdeda44133323fcd6bb3545f7b9404d8ab,196218 4 196728 7 197237 12 197747 15 197769 1 198258 19 198279 4 198769 27 199278 30 199789 32 200299 33 200810 34 201320 36 201831 36 202342 37 202854 36 203365 36 203877 34 204388 32 204899 31 205410 30 205922 28 206433 28 206945 27 207457 25 207970 23 208484 19 208998 14 209512 9
9f17aea854db13015d19b34cb2022cfdeda44133323fcd6bb3545f7b9404d8ab,125068 4 125091 3 125576 2 125579 7 125601 5 126088 10 126111 6 126599 11 126614 4 126621 8 127110 12 127126 14 127620 15 127636 15 128132 30 128644 30 129151 3 129156 29 129661 36 130172 37 130682 39 131191 42 131701 43 132213 34 132253 3 132725 32 133238 26 133750 23 134263 18
9f17aea854db13015d19b34cb2022cfdeda44133323fcd6bb3545f7b9404d8ab,170162 6 170671 11 171180 14 171691 16 172202 18 172710 22 173221 24 173733 24 174244 26 174756 26 175266 29 175777 30 176288 30 176799 31 177311 31 177823 31 178334 32 178846 32 179358 32 179869 32 180380 33 180891 33 181403 33 181914 33 182425 33 182937 33 183448 33 183960 33 184471 33 184983 33 185494 33 186006 33 186517 34 187028 34 187540 33 188051 33 188563 32 189074 32 189586 30 190098 29 190610 27 191123 25 191636 23 192150 1 192160 10 192674 5
9f17aea854db13015d19b34cb2022cfdeda44133323fcd6bb3545f7b9404d8ab,292528 5 293039 9 293537 3 293550 17 294048 6 294060 21 294559 8 294569 25 295071 35 295583 36 296092 39 296603 38 297115 38 297626 40 298138 42 298650 44 299162 45 299674 46 300187 46 300699 48 301210 51 301718 56 302230 56 302741 58 303253 58 303765 59 304277 60 304789 60 305301 60 305813 34 305850 23 306325 35 306363 22 306838 36 306875 22 307350 60 307862 60 308374 60 308886 60 309399 59 309911 58 310423 57 310936 55 311448 54 311961 52 312474 49 312987 48 313499 47 314011 45 314524 42 315037 40 315555 21 315580 8 316095 3
9f17aea854db13015d19b34cb2022cfdeda44133323fcd6bb3545f7b9404d8ab,199853 14 200363 20 200873 25 201385 26 201896 28 202407 30 202918 33 203429 35 203940 36 204451 38 204962 40 205474 40 205985 41 206496 43 207008 43 207519 45 208031 45 208543 46 209055 46 209566 47 210078 46 210590 44 211102 43 211614 42 212127 40 212639 39 213152 37 213665 35 214178 33 214692 30 215206 27 215721 23 216234 21 216746 21 217259 20 217778 13 218291 11 218803 11 219314 11 219824 14 220335 16 220846 18 220874 1 221357 22 221385 3 221868 24 221896 4 222379 24 222409 3 222890 25 222921 3 223402 25 223432 5 223914 25 223942 8 224427 36 224939 35 225451 34 225963 34 226475 33 226987 33 227499 33 228012 31 228524 30 229036 29 229549 27 230061 26 230574 24 231089 20 231602 17 232116 13
9f17aea854db13015d19b34cb2022cfdeda44133323fcd6bb3545f7b9404d8ab,94498 3 95010 4 95522 4 96034 4 96546 4 97059 2 97572 2 98083 5 98592 10 99101 15 99611 18 100122 20 100632 22 101142 25 101653 26 102164 28 102675 29 102712 6 102786 1 103186 32 103220 11 103297 3 103306 3 103697 46 103802 2 103807 5 103816 7 104208 47 104313 12 104327 10 104720 48 104823 28 105231 49 105297 5 105333 32 105743 49 105803 13 105843 38 106254 50 106312 19 106353 42 106765 51 106822 24 106858 50 107276 53 107331 33 107367 53 107788 144 108299 145 108810 146 109321 147 109833 147 110344 148 110855 148 111364 150 111875 150 112386 151 112898 150 113409 150 113920 150 114432 147 114943 147 115455 147 115967 146 116478 147 116990 147 117502 146 117976 2 118014 145 118485 8 118527 142 118995 12 119039 140 119505 16 119551 139 120015 20 120063 137 120525 30 120556 2 120574 137 121035 38 121085 137 121546 40 121596 136 122057 42 122107 39 122151 89 122567 45 122618 38 122662 66 123077 48 123129 37 123173 65 123587 51 123639 37 123684 65 124098 88 124195 65 124608 89 124705 65 125119 88 125215 62 125628 90 125725 40 125773 10 126139 89 126235 41 126649 89 126745 42 127160 88 127255 43 127670 90 127763 47 128181 140 128692 140 129203 140 129714 141 130226 140 130737 141 131249 140 131760 139 132271 139 132783 138 133295 137 133806 137 134318 45 134365 89 134830 43 134878 88 135342 42 135390 87 135854 40 135902 86 136367 37 136413 86 136879 35 136925 84 137391 34 137438 82 137904 30 137950 81 138417 27 138463 81 138931 20 138976 9 138994 62 139444 7 139457 1 139489 4 139505 64 140017 63 140528 64 141040 61 141551 58 142063 56 142575 53 143087 50 143599 48 144111 47 144623 46 145135 45 145646 43 146158 40 146670 35 147183 30 147695 27 148207 24 148720 19 149233 16 149747 9
9f17aea854db13015d19b34cb2022cfdeda44133323fcd6bb3545f7b9404d8ab,155881 4 156389 10 156898 14 157409 16 157919 18 158430 20 158940 22 159451 24 159962 25 160473 26 160984 28 161495 29 162006 30 162517 32 163028 35 163539 36 164050 38 164561 38 165072 40 165583 41 166094 42 166606 42 167118 42 167629 43 168141 43 168653 42 169164 42 169675 42 170186 42 170698 41 171209 41 171721 41 172232 42 172744 41 173256 41 173768 40 174279 41 174791 41 175302 41 175814 41 176326 40 176838 40 177350 39 177862 38 178374 37 178887 36 179399 35 179912 33 180425 31 180938 28 181451 24 181965 16 182481 8
9f17aea854db13015d19b34cb2022cfdeda44133323fcd6bb3545f7b9404d8ab,245982 7 246493 10 247004 12 247515 13 248026 12 248538 9 249049 9 249561 9 250072 11 250584 12 251096 13 251608 14 252120 15 252634 13 253147 12 253661 9 254175 6
9f17aea854db13015d19b34cb2022cfdeda44133323fcd6bb3545f7b9404d8ab,249072 2 249584 5 250097 5 250610 4 251123 2
9f17aea854db13015d19b34cb2022cfdeda44133323fcd6bb3545f7b9404d8ab,153861 9 154371 12 154880 17 155390 20 155902 20 156414 21 156926 21 157437 23 157949 23 158461 24 158972 25 159484 25 159995 26 160508 24 161021 23 161534 21 162047 19 162559 18 163069 19 163580 18 164092 6 164604 3 165116 1
9f17aea854db13015d19b34cb2022cfdeda44133323fcd6bb3545f7b9404d8ab,297217 2 297728 4 298240 4 298752 4 299265 3
9f17aea854db13015d19b34cb2022cfdeda44133323fcd6bb3545f7b9404d8ab,281 8 793 8 1304 2 1307 6 1815 3 1819 5 2325 11 2836 11 3347 12 3855 15 4365 17 4876 18 5387 18 5899 18 6410 18 6922 17 7433 17 7944 16 8454 16 8965 16 9476 15 9987 15 10499 14 11010 14 11521 13 12033 10 12546 5 13058 4
9f17aea854db13015d19b34cb2022cfdeda44133323fcd6bb3545f7b9404d8ab,12061 10 12571 15 13076 24 13586 27 14096 31 14605 35 15115 37 15626 39 16137 40 16647 42 17158 42 17668 43 18179 43 18690 34 18726 6 19202 28 19713 17 20225 16 20737 14 21249 9 21762 5
9f17aea854db13015d19b34cb2022cfdeda44133323fcd6bb3545f7b9404d8ab,294148 3 294659 4 295171 4 295684 1
9f17aea854db13015d19b34cb2022cfdeda44133323fcd6bb3545f7b9404d8ab,307974 5 308487 5 309001 3
9f17aea854db13015d19b34cb2022cfdeda44133323fcd6bb3545f7b9404d8ab,80658 9 81168 13 81679 16 82188 22 82698 26 83209 28 83720 31 84232 32 84743 34 85255 34 85767 35 86279 34 86791 34 87303 33 87815 31 88328 28 88847 17
9f17aea854db13015d19b34cb2022cfdeda44133323fcd6bb3545f7b9404d8ab,303370 2 303882 3 304396 2
9f17aea854db13015d19b34cb2022cfdeda44133323fcd6bb3545f7b9404d8ab,293144 4 293656 5 294168 5 294681 4 295193 5 295705 5 296217 5 296728 5 297240 6 297752 7 297766 4 298257 6 298264 8 298277 6 298770 5 298777 18 299282 6 299290 18 299795 6 299802 19 300307 29 300820 30 301333 32 301846 32 302358 32 302871 31 303383 31 303896 30 304408 29 304921 15 304939 10 305429 18 305453 8 305940 19 305965 9 306452 20 306476 10 306962 12 306977 21 307472 13 307491 18 307983 14 308003 18 308496 14 308515 17 309014 30 309527 28 310040 26 310553 24 311064 24 311573 24 312084 18
9f17aea854db13015d19b34cb2022cfdeda44133323fcd6bb3545f7b9404d8ab,250204 4 250715 6 251226 7 251738 8 252249 9 252759 11 253270 12 253776 18 254284 22 254792 26 255301 29 255811 30 256321 32 256831 33 257342 34 257853 35 258365 34 258877 34 259390 32 259905 17 259926 8 260422 5 260441 3
9f17aea854db13015d19b34cb2022cfdeda44133323fcd6bb3545f7b9404d8ab,26960 1 27471 2 27982 2 28494 1 29005 2 29517 1 30028 1 30539 2 31050 3 31562 2 32073 2 32584 2
9f17aea854db13015d19b34cb2022cfdeda44133323fcd6bb3545f7b9404d8ab,85838 4 86349 5 86860 6 87370 7 87882 6 88393 6 88905 6 89416 5 89928 3
9f17aea854db13015d19b34cb2022cfdeda44133323fcd6bb3545f7b9404d8ab,310128 8 310639 11 311151 12 311663 14 312174 17 312686 18 313198 19 313710 20 314221 22 314731 25 315242 27 315754 28 316267 27 316780 27 317274 5 317293 27 317785 7 317806 26 318296 10 318317 28 318808 13 318829 28 319320 18 319339 31 319832 50 320344 50 320855 52 321367 52 321879 52 322390 53 322902 53 323414 53 323926 53 324438 52 324951 51 325463 51 325976 50 326489 49 327003 47 327516 46 328029 45 328543 42 329056 41 329569 39 330082 37 330595 35 331108 33 331622 30 332137 26 332651 22 333167 16 333682 11
9f17aea854db13015d19b34cb2022cfdeda44133323fcd6bb3545f7b9404d8ab,274855 2 275359 15 275377 3 275383 4 275391 3 275867 42 276377 45 276887 48 277398 51 277908 54 278419 56 278930 58 279441 59 279952 61 280464 61 280976 63 281488 64 282000 65 282512 66 283024 67 283536 32 283572 31 284048 32 284085 31 284560 33 284598 30 285072 34 285111 30 285584 35 285625 28 286096 36 286137 28 286608 37 286649 29 287120 38 287161 29 287633 69 288145 69 288657 69 289169 69 289681 68 290194 67 290707 66 291220 7 291229 56 291735 1 291747 49 292261 46 292777 42 293292 38 293807 34 294322 30 294856 6
a4816cc1fb76cb3c5e481186833fc0ae9cf426a1406a2607e974e65e9cddba4f,25432 2 25951 3 26470 4 26989 4 27508 5 28027 5 28546 5 29065 5 29584 5 30103 5 30622 5 31141 5 31660 5 32179 4 32698 3 33217 2
a4816cc1fb76cb3c5e481186833fc0ae9cf426a1406a2607e974e65e9cddba4f,32717 7 33235 9 33752 13 34270 14 34788 16 35306 17 35824 18 36342 19 36860 20 37379 20 37897 20 38416 20 38934 21 39453 20 39972 20 40491 20 41010 19 41528 19 42047 18 42566 17 43086 15 43606 13 44126 11 44646 8 45167 3
a4816cc1fb76cb3c5e481186833fc0ae9cf426a1406a2607e974e65e9cddba4f,2101 6 2619 9 3137 12 3656 13 4174 14 4693 15 5211 17 5730 17 6248 18 6767 18 7286 18 7805 18 8323 19 8842 19 9361 19 9880 19 10400 18 10919 18 11438 17 11957 17 12476 16 12996 14 13515 14 14035 12 14555 10 15077 6
a4816cc1fb76cb3c5e481186833fc0ae9cf426a1406a2607e974e65e9cddba4f,79442 6 79959 10 80477 13 80995 16 81514 17 82033 17 82552 18 83071 18 83590 19 84109 20 84627 21 85147 20 85666 20 86185 20 86704 20 87223 20 87742 20 88262 19 88781 18 89301 16 89821 15 90341 13 90861 11 91383 5
a4816cc1fb76cb3c5e481186833fc0ae9cf426a1406a2607e974e65e9cddba4f,41575 7 42091 12 42608 14 43126 16 43644 17 44162 18 44680 19 45199 19 45717 20 46236 20 46755 20 47274 20 47793 20 48312 19 48831 19 49350 18 49870 16 50390 14 50910 13 51430 10 51952 4
a4816cc1fb76cb3c5e481186833fc0ae9cf426a1406a2607e974e65e9cddba4f,115273 12 115790 18 116308 21 116826 24 117344 26 117862 29 118381 30 118900 31 119419 32 119937 34 120456 35 120975 36 121495 35 122014 36 122533 36 123053 35 123572 35 124092 34 124611 34 125131 33 125651 32 126172 30 126692 30 127212 31 127733 30 128254 30 128776 29 129297 28 129817 28 130336 29 130855 29
a4816cc1fb76cb3c5e481186833fc0ae9cf426a1406a2607e974e65e9cddba4f,70143 8 70660 11 71177 14 71695 16 72213 18 72731 19 73249 21 73767 22 74285 23 74804 24 75322 25 75841 25 76360 25 76878 26 77397 26 77916 26 78435 26 78954 26 79473 25 79992 25 80512 24 81031 23 81550 23 82069 22 82589 21 83108 20 83628 19 84147 18 84667 16 85186 16 85706 15 86225 16 86743 17 87262 19 87781 20 88300 20 88819 21 89338 21 89857 22 90376 22 90896 22 91415 22 91934 22 92453 22 92972 22 93491 22 94010 22 94530 20 95049 20 95568 19 96087 18 96604 19 97120 21 97636 22 98152 23 98668 24 99186 25 99704 27 100222 28 100740 29 101258 30 101776 31 102295 31 102813 32 103332 32 103851 32 104370 32 104889 32 105408 31 105927 31 106447 29 106966 28 107486 26 108007 23 108527 21 109048 17 109569 13 110093 2
a4816cc1fb76cb3c5e481186833fc0ae9cf426a1406a2607e974e65e9cddba4f,13555 4 14072 8 14590 15 15108 17 15626 19 16145 20 16663 21 17182 22 17700 23 18219 23 18737 25 19256 25 19776 24 20295 24 20815 23 21335 22 21855 20 22379 15 22900 13 23419 13 23939 11 24459 9 24981 4 25501 3
a4816cc1fb76cb3c5e481186833fc0ae9cf426a1406a2607e974e65e9cddba4f,50942 6 51459 10 51974 15 52492 17 53009 19 53527 20 54045 21 54562 23 55080 23 55599 23 56117 24 56636 23 57155 22 57673 21 58193 19 58712 18 59231 17 59751 15 60271 12 60792 7
a4816cc1fb76cb3c5e481186833fc0ae9cf426a1406a2607e974e65e9cddba4f,56670 19 57186 24 57704 26 58222 28 58740 29 59258 30 59777 29 60295 30 60814 29 61333 28 61853 26 62372 25 62892 22 63414 17 63938 9
a4816cc1fb76cb3c5e481186833fc0ae9cf426a1406a2607e974e65e9cddba4f,27113 8 27630 17 28147 21 28664 24 29182 25 29699 28 30218 28 30736 30 31254 31 31772 31 32291 31 32811 30 33331 29 33851 27 34384 12 34906 7
a4816cc1fb76cb3c5e481186833fc0ae9cf426a1406a2607e974e65e9cddba4f,81606 6 82124 10 82642 13 83161 14 83679 15 84198 16 84717 17 85236 17 85755 17 86275 16 86794 17 87313 17 87832 17 88351 17 88871 16 89390 17 89909 17 90429 16 90948 15 91467 15 91987 14 92506 14 93026 13 93545 12 94065 10 94585 9 95107 5
a4816cc1fb76cb3c5e481186833fc0ae9cf426a1406a2607e974e65e9cddba4f,124 25 643 26 1162 26 1681 26 2200 26 2719 26 3239 25 3758 26 4277 26 4796 26 5316 24 5835 24 6354 24 6873 24 7393 23 7912 23 8432 21 8952 20 9472 18 9494 7 9992 30 10512 29 11033 28 11553 27 12080 20 12599 20 13117 21 13636 21 14154 22 14673 22 15192 22 15711 21 16230 21 16749 20 17268 20 17787 19 18306 18 18824 18 19344 16 19863 15 20382 14 20901 13 21421 11 21940 10 22459 9 22978 7 23499 3
a4816cc1fb76cb3c5e481186833fc0ae9cf426a1406a2607e974e65e9cddba4f,63456 5 63973 8 64491 10 65008 13 65526 14 66044 15 66562 16 67080 17 67599 17 68118 17 68636 18 69155 18 69674 18 70192 19 70711 19 71230 19 71748 21 71790 2 72267 25 72307 7 72785 27 72825 10 73304 29 73343 12 73823 31 73861 14 74342 32 74379 15 74861 32 74897 16 75380 32 75416 17 75899 33 75934 18 76418 34 76453 19 76938 53 77458 52 77979 1 77985 44 78505 43 79024 43 79543 43 80062 43 80582 42 81101 42 81620 42 82139 42 82658 41 83177 21 83199 19 83697 19 83719 17 84217 18 84240 14 84738 15 84760 13 85260 12 85281 10 85780 10 85801 8
a4816cc1fb76cb3c5e481186833fc0ae9cf426a1406a2607e974e65e9cddba4f,38549 5 39065 10 39582 13 40099 16 40616 18 41134 19 41652 21 42170 22 42688 23 43207 22 43725 23 44244 23 44762 24 45281 23 45800 23 46319 22 46839 20 47358 19 47878 16 48398 11 48920 5
a4816cc1fb76cb3c5e481186833fc0ae9cf426a1406a2607e974e65e9cddba4f,115874 9 115887 3 116391 21 116909 23 117427 26 117945 28 118463 30 118981 31 119499 33 120018 33 120537 33 121055 34 121574 34 122093 34 122612 33 123131 33 123650 32 124169 30 124688 29 125207 27 125726 26 126246 23 126765 19 127285 15 127805 12 128325 9 128847 2
a4816cc1fb76cb3c5e481186833fc0ae9cf426a1406a2607e974e65e9cddba4f,110196 10 110713 15 111231 18 111749 21 112267 24 112786 25 113305 25 113824 26 114343 26 114862 26 115382 25 115901 25 116421 23 116941 22 117461 20 117982 16 118502 12
a4816cc1fb76cb3c5e481186833fc0ae9cf426a1406a2607e974e65e9cddba4f,15751 5 16266 11 16784 13 17302 15 17820 17 18338 19 18857 19 19375 21 19893 22 20412 22 20931 22 21450 22 21969 22 22488 22 23007 21 23526 21 24045 20 24564 20 25084 18 25603 18 26123 16 26643 15 27162 14 27683 11 28204 8 28726 1
a4816cc1fb76cb3c5e481186833fc0ae9cf426a1406a2607e974e65e9cddba4f,81677 7 82194 10 82711 13 83229 14 83747 15 84264 17 84781 20 85299 21 85817 22 86335 22 86853 23 87372 23 87890 24 88409 23 88928 22 89447 22 89966 21 90485 20 91004 20 91523 18 92042 17 92562 16 93082 14 93601 13 94121 10 94642 4
a4816cc1fb76cb3c5e481186833fc0ae9cf426a1406a2607e974e65e9cddba4f,28216 7 28732 13 29250 15 29768 17 30286 19 30804 20 31323 20 31841 21 32360 21 32879 21 33398 20 33916 21 34435 21 34954 20 35473 20 35992 19 36511 18 37030 17 37550 16 38069 15 38588 14 39108 12 39627 11 40147 9 40667 6
a4816cc1fb76cb3c5e481186833fc0ae9cf426a1406a2607e974e65e9cddba4f,63018 6 63536 10 64055 11 64573 13 65092 14 65610 16 66129 17 66648 18 67167 19 67686 19 68205 20 68724 20 69243 21 69762 21 70281 22 70800 22 71318 23 71836 25 72354 26 72872 27 73390 28 73908 29 74427 29 74946 29 75465 29 75984 28 76503 28 77022 27 77541 26 78060 25 78579 24 79099 22 79618 22 80137 22 80657 21 81176 21 81695 22 82215 21 82734 21 83254 20 83773 20 84292 20 84810 21 85327 23 85845 23 86363 24 86882 23 87400 23 87918 23 88437 20 88955 17 89474 17 89993 17 90512 17 91031 17 91550 17 92069 17 92588 17 93107 17 93626 17 94145 17 94664 17 95184 16 95703 16 96222 16 96741 15 97260 15 97779 14 98299 12 98818 12 99338 10 99857 9 100376 9 100896 7 101416 5
a4816cc1fb76cb3c5e481186833fc0ae9cf426a1406a2607e974e65e9cddba4f,23066 6 23583 9 24102 11 24620 13 25138 14 25657 15 26175 16 26694 16 27213 17 27731 18 28250 18 28769 19 29288 19 29806 20 30325 20 30844 20 31363 20 31883 19 32402 18 32921 18 33440 17 33960 16 34480 15 35000 14 35520 15 36041 15 36562 14 37082 13 37600 15 38119 16 38637 17 39155 19 39674 19 40192 20 40711 20 41229 21 41748 21 42267 21 42785 22 43304 22 43823 21 44342 21 44861 20 45380 19 45900 17 46419 16 46939 14 47460 10
a4816cc1fb76cb3c5e481186833fc0ae9cf426a1406a2607e974e65e9cddba4f,40227 6 40744 14 41260 22 41777 26 42294 29 42811 31 43329 33 43847 34 44366 34 44884 35 45403 35 45922 35 46441 34 46960 33 47480 31 47999 30 48519 29 49039 26 49559 24 50079 21 50600 17 51121 11
a4816cc1fb76cb3c5e481186833fc0ae9cf426a1406a2607e974e65e9cddba4f,75511 7 76028 12 76546 15 77064 17 77582 19 78101 20 78620 20 79138 22 79657 23 80176 23 80695 24 81214 24 81733 25 82252 25 82771 25 83290 26 83809 26 84328 26 84848 25 85367 25 85886 25 86405 25 86925 24 87444 23 87964 22 88483 22 89003 20 89523 19 90042 18 90562 17 91083 14 91604 10 92126 6
a4816cc1fb76cb3c5e481186833fc0ae9cf426a1406a2607e974e65e9cddba4f,257 14 775 16 1294 16 1812 17 2331 17 2849 19 3368 19 3887 19 4406 19 4924 20 5443 20 5962 20 6481 20 7000 20 7519 20 8038 20 8557 20 9076 20 9596 19 10115 18 10634 18 11153 18 11672 17 12192 16 12711 15 13230 15 13749 14 14269 12 14788 11 15308 9 15828 7 16350 2
a4816cc1fb76cb3c5e481186833fc0ae9cf426a1406a2607e974e65e9cddba4f,121727 11 122244 16 122762 19 123279 22 123798 24 124316 26 124835 26 125354 27 125873 27 126393 27 126912 27 127433 25 127953 24 128475 20 128996 16 129518 11
a4816cc1fb76cb3c5e481186833fc0ae9cf426a1406a2607e974e65e9cddba4f,94754 9 95267 15 95783 18 96298 22 96815 23 97333 24 97851 25 98369 26 98887 26 99406 25 99925 24 100443 23 100962 21 101481 19 102000 16 102520 14 103041 10 103562 6
a4816cc1fb76cb3c5e481186833fc0ae9cf426a1406a2607e974e65e9cddba4f,52211 10 52726 16 53242 19 53760 21 54278 23 54796 24 55315 24 55833 24 56352 24 56871 24 57390 23 57909 23 58428 22 58947 22 59466 21 59986 19 60506 17 61026 15 61547 11 62069 6
a4816cc1fb76cb3c5e481186833fc0ae9cf426a1406a2607e974e65e9cddba4f,14339 11 14852 18 15368 23 15884 26 16402 27 16920 28 17438 29 17957 29 18475 30 18994 29 19513 29 20033 28 20552 28 21072 27 21595 22 22116 19 22638 14 23159 10
a4816cc1fb76cb3c5e481186833fc0ae9cf426a1406a2607e974e65e9cddba4f,103093 5 103608 13 104124 18 104641 22 105159 24 105676 27 106194 29 106712 31 107230 32 107749 32 108267 33 108786 33 109304 34 109823 34 110342 34 110861 34 111380 34 111899 33 112418 32 112937 32 113457 30 113976 29 114496 26 115017 22 115538 18
a4816cc1fb76cb3c5e481186833fc0ae9cf426a1406a2607e974e65e9cddba4f,65215 7 65732 10 66249 13 66767 15 67285 16 67803 17 68321 18 68839 18 69357 19 69875 20 70393 21 70912 20 71430 21 71949 20 72467 20 72986 20 73505 19 74024 18 74543 16 75063 14 75582 12 76102 9 76624 3
a4816cc1fb76cb3c5e481186833fc0ae9cf426a1406a2607e974e65e9cddba4f,116081 14 116597 20 117115 24 117632 28 118150 31 118669 32 119187 34 119705 36 120223 38 120742 38 121261 39 121779 40 122298 40 122817 40 123337 39 123856 39 124376 38 124895 37 125415 36 125935 34 126455 32 126975 30 127496 26 128017 22 128538 18 129062 9
a4816cc1fb76cb3c5e481186833fc0ae9cf426a1406a2607e974e65e9cddba4f,20072 11 20589 15 21105 19 21623 21 22140 23 22658 25 23176 26 23694 27 24213 28 24731 29 25250 29 25768 29 26287 29 26806 29 27325 28 27844 28 28362 29 28881 28 29400 27 29919 26 30439 24 30958 23 31477 22 31997 20 32517 17 33037 14 33558 10
a4816cc1fb76cb3c5e481186833fc0ae9cf426a1406a2607e974e65e9cddba4f,83916 4 84432 8 84949 12 85467 14 85985 16 86504 17 87022 18 87540 20 88058 21 88577 21 89096 21 89614 22 90133 22 90651 22 91170 22 91689 21 92208 21 92727 20 93247 19 93766 18 94285 17 94805 15 95327 10 95847 6
a4816cc1fb76cb3c5e481186833fc0ae9cf426a1406a2607e974e65e9cddba4f,43442 6 43959 9 44477 11 44994 14 45512 15 46031 16 46549 17 47067 18 47586 18 48105 18 48623 19 49142 19 49661 19 50179 19 50698 19 51217 19 51736 18 52255 18 52775 16 53294 15 53813 15 54333 13 54853 10 55373 8 55894 4
a4816cc1fb76cb3c5e481186833fc0ae9cf426a1406a2607e974e65e9cddba4f,377 35 896 34 1414 34 1932 34 2451 33 2969 33 3488 31 4007 30 4526 29 5044 28 5564 26 6083 25 6602 24 7122 21 7643 18 8163 15 8684 10
a4816cc1fb76cb3c5e481186833fc0ae9cf426a1406a2607e974e65e9cddba4f,84992 7 85508 11 86022 17 86539 20 87057 21 87575 23 88093 24 88611 25 89130 26 89648 27 90167 27 90686 27 91205 27 91724 27 92243 27 92762 27 93282 26 93801 25 94321 24 94841 22 95361 20 95882 17 96403 14 96924 10
a4816cc1fb76cb3c5e481186833fc0ae9cf426a1406a2607e974e65e9cddba4f,26890 5 27405 13 27921 18 28438 21 28956 23 29473 26 29991 28 30509 29 31027 30 31545 31 32064 31 32582 32 33100 32 33619 31 34138 31 34657 30 35176 29 35695 28 36214 27 36734 25 37253 24 37773 22 38293 19 38814 14 39337 5
a4816cc1fb76cb3c5e481186833fc0ae9cf426a1406a2607e974e65e9cddba4f,50241 8 50757 14 51275 17 51793 18 52311 20 52829 21 53348 21 53866 22 54385 23 54904 23 55423 23 55942 22 56461 22 56980 22 57499 21 58018 20 58538 18 59058 16 59577 14 60098 9
a4816cc1fb76cb3c5e481186833fc0ae9cf426a1406a2607e974e65e9cddba4f,104740 6 105257 10 105775 12 106293 14 106812 15 107331 16 107849 18 108368 19 108887 19 109406 20 109925 20 110444 21 110963 21 111482 21 112001 21 112520 22 113039 22 113558 22 114077 22 114596 22 115116 22 115635 22 116154 22 116673 21 117193 20 117712 20 118232 19 118751 18 119271 17 119791 15 120310 14 120830 12 121350 9 121868 8 122385 9 122902 12 123420 14 123938 15 124456 17 124974 19 125492 20 126010 21 126529 22 127048 22 127566 23 128085 23 128605 22 129124 22 129643 22 130163 20 130682 20 131201 19
a4816cc1fb76cb3c5e481186833fc0ae9cf426a1406a2607e974e65e9cddba4f,440 21 958 23 1476 24 1994 26 2512 27 3030 29 3548 30 4066 31 4585 31 5103 32 5622 32 6141 31 6660 31 7179 31 7698 30 8218 28 8737 27 9257 25 9777 22 10296 21 10817 17 11338 14 11859 10
a4816cc1fb76cb3c5e481186833fc0ae9cf426a1406a2607e974e65e9cddba4f,70509 4 71025 9 71543 12 72062 13 72580 15 73099 15 73617 17 74136 17 74655 17 75173 18 75692 18 76211 18 76730 19 77249 19 77767 19 78286 19 78805 19 79325 18 79844 18 80363 17 80883 16 81402 16 81922 14 82441 14 82961 12 83480 12 84000 10 84520 9 85039 8 85559 6 86079 4
a4816cc1fb76cb3c5e481186833fc0ae9cf426a1406a2607e974e65e9cddba4f,44581 5 45097 10 45614 13 46131 16 46649 18 47167 19 47685 21 48204 21 48722 22 49240 23 49759 23 50277 24 50796 23 51314 24 51833 24 52351 24 52870 24 53389 24 53908 23 54427 23 54945 23 55464 23 55983 22 56502 21 57021 21 57541 19 58060 18 58579 18 59098 17 59618 15 60137 14 60657 12 61177 9 61697 7
a4816cc1fb76cb3c5e481186833fc0ae9cf426a1406a2607e974e65e9cddba4f,35784 7 36302 10 36820 12 37339 13 37858 13 38376 15 38895 16 39415 15 39934 16 40453 16 40972 16 41491 17 42010 17 42529 17 43048 17 43568 16 44087 16 44606 16 45125 16 45645 15 46164 15 46683 15 47203 14 47722 14 48242 12 48762 11 49281 10 49801 8 50322 5
a4816cc1fb76cb3c5e481186833fc0ae9cf426a1406a2607e974e65e9cddba4f,79916 1 80431 9 80948 12 81466 14 81983 17 82501 18 83019 19 83537 20 84055 21 84573 22 85092 22 85610 23 86129 22 86647 23 87166 22 87685 22 88204 21 88722 22 89241 21 89760 20 90279 20 90798 19 91317 18 91836 17 92355 17 92875 15 93394 14 93914 11 94435 7
a4816cc1fb76cb3c5e481186833fc0ae9cf426a1406a2607e974e65e9cddba4f,112609 4 113126 8 113644 11 114162 15 114680 20 115199 20 115717 21 116236 21 116754 22 117273 22 117792 22 118311 22 118830 22 119349 22 119869 21 120388 21 120907 21 121426 21 121946 20 122465 20 122985 19 123504 19 124023 19 124543 18 125062 18 125582 17 126101 17 126621 16 127140 16 127660 15 128179 15 128698 15 129215 17 129733 18 130249 21 130767 22 131285 23
a4816cc1fb76cb3c5e481186833fc0ae9cf426a1406a2607e974e65e9cddba4f,25431 1 25949 2 26467 3 26986 3 27504 4 28023 4 28542 4 29061 4 29580 4 30099 4 30618 4 31137 4 31657 3 32176 3 32696 2 33215 2 33735 1
a984e7fb886aa02e29d112766d3ce26a4f78eac540ce7bbdbd42af2761928f6d,1 14 520 14 1039 14 1558 14 2077 14 2596 13 3115 13 3634 13 4153 13 4672 12 5191 12 5710 12 6229 12 6748 12 7267 12 7786 11 8305 10 8824 9 9343 2
a984e7fb886aa02e29d112766d3ce26a4f78eac540ce7bbdbd42af2761928f6d,33736 1 34255 2 34774 3 35293 3 35812 4 36331 5 36850 6 37369 6 37888 7 38407 8 38926 8 39445 9 39964 13 40483 14 41002 14 41521 14 42040 15 42559 15 43078 15 43597 15 44116 15 44635 14 45154 14 45673 14 46192 13 46711 13 47230 13 47749 12 48268 12 48787 12 49306 11 49825 11 50344 10 50863 9 51384 6 51904 3
a984e7fb886aa02e29d112766d3ce26a4f78eac540ce7bbdbd42af2761928f6d,61773 1 62290 7 62805 2 62808 9 63323 3 63327 10 63843 1 63845 11 64365 10 64884 10 65402 13 65920 16 66438 19 66956 21 67474 23 67994 24 68513 25 69031 27 69550 27 70069 28 70588 28 71107 29 71626 29 72146 29 72665 29 73184 29 73704 28 74223 28 74743 27 75263 26 75783 26 75813 3 76303 32 76823 31 77345 27 77865 21 77888 2 78386 18 78908 14 79428 6
a984e7fb886aa02e29d112766d3ce26a4f78eac540ce7bbdbd42af2761928f6d,33751 3 34269 4 34788 5 35306 7 35825 7 36345 6 36864 6 37383 6 37903 6 38423 5 38429 6 38943 13 39464 12 39983 13 40502 14 41021 14 41539 16 42058 16 42577 16 43096 16 43615 16 44134 16 44653 16 45172 17 45691 17 46210 17 46729 17 47248 17 47768 16 48288 15 48808 15 49327 15 49846 18 50366 18 50885 18 51405 17 51924 17 52444 16 52964 16 53484 15 54003 15 54523 14 55042 15 55562 14 56081 15 56601 14 57120 14 57640 13 58160 12 58680 10 59200 9 59721 6
a984e7fb886aa02e29d112766d3ce26a4f78eac540ce7bbdbd42af2761928f6d,2101 4 2620 6 3139 10 3658 10 4177 10 4697 9 5216 10 5735 10 6253 12 6771 13 7288 15 7806 17 8325 17 8844 18 9363 18 9883 18 10403 18 10923 17 11444 15 11964 14 12483 14 13003 12 13523 9 14044 4
a984e7fb886aa02e29d112766d3ce26a4f78eac540ce7bbdbd42af2761928f6d,82544 5 83063 6
a984e7fb886aa02e29d112766d3ce26a4f78eac540ce7bbdbd42af2761928f6d,31188 5 31705 10 32222 14 32740 19 33258 20 33777 20 34295 21 34814 21 35333 22 35851 23 36370 23 36889 23 37408 23 37927 22 38446 22 38965 22 39484 22 40004 20 40523 20 41043 19 41563 17 42084 15 42606 13 43126 13 43646 13 44165 13 44684 13 45202 15 45721 14 46240 14 46758 15 47276 16 47792 18 48311 18 48830 17 49349 17 49869 15 50389 14 50910 11 51431 9 51953 6 52472 6 52991 6 53510 6 53519 4 54029 14 54548 15 54574 2 55066 17 55091 6 55585 18 55607 9 56103 33 56622 33 57141 34 57660 34 58178 35 58697 35 59216 35 59735 35 60254 35 60773 35 61292 35 61811 35 62330 36 62848 37 63367 37 63886 37 64405 36 64924 35 65443 35 65962 23 65988 9 66481 19 66507 8 67000 17 67026 7 67518 17 67546 5 68038 15 68065 6 68557 15 68584 6 69076 14 69103 5 69595 14 69623 3 70115 13 70634 13 71154 12 71674 11 72194 10 72713 9 73234 7
a984e7fb886aa02e29d112766d3ce26a4f78eac540ce7bbdbd42af2761928f6d,46 19 565 18 1084 18 1603 17 2122 17 2642 16 3161 6 3168 9 3680 5 3686 10 4199 16 4718 15 5238 14 5757 14 6276 14 6796 13 7315 12 7834 11 8354 8 8874 3
a984e7fb886aa02e29d112766d3ce26a4f78eac540ce7bbdbd42af2761928f6d,75321 2 75840 2 76359 2 76878 3 77397 3 77916 4 78434 4 78953 4 79472 4 79991 4 79996 3 80510 8 81030 8 81549 8 82068 8 82587 7 83106 7
a984e7fb886aa02e29d112766d3ce26a4f78eac540ce7bbdbd42af2761928f6d,74292 1 74811 2 75330 2 75849 2 76368 2 76886 4 77406 3 77925 4 78444 5 78962 6 79481 6 80002 4 80522 3 81042 3 81560 4 82079 5 82598 5 83117 5
a984e7fb886aa02e29d112766d3ce26a4f78eac540ce7bbdbd42af2761928f6d,9427 7 9945 8 10464 9 10983 9 11501 11 12020 11 12539 11 13058 11 13576 12 14095 12 14613 14 15131 15 15650 15 16169 15 16688 15 17207 15 17726 15 18245 15 18764 15 19283 15 19801 16 20320 16 20839 16 21358 16 21877 16 22396 16 22915 16 23435 15 23954 15 24473 15 24992 16 25511 16 26029 17 26547 18 27066 18 27584 19 28103 20 28623 18 29142 18 29662 17 30181 16 30701 15 31220 14 31739 14 32258 13 32778 12 33297 11 33816 11 34335 10 34855 8 35379 1
a984e7fb886aa02e29d112766d3ce26a4f78eac540ce7bbdbd42af2761928f6d,51999 2 52515 6 53033 8 53552 9 54070 10 54589 11 55107 12 55626 12 56145 12 56664 12 57183 12 57701 13 58220 13 58739 13 59258 13 59776 14 60295 14 60814 14 61333 14 61852 14 62371 14 62890 14 63409 14 63928 14 64447 14 64966 14 65485 14 66004 14 66523 14 67042 14 67561 14 68080 14 68599 14 69118 14 69637 14 70156 14 70675 14 71194 14 71714 13 72233 13 72752 13 73271 13 73790 13 74309 13 74829 12 75348 11 75867 11 76386 10 76906 7 77426 4
a984e7fb886aa02e29d112766d3ce26a4f78eac540ce7bbdbd42af2761928f6d,181 40 700 39 1220 38 1739 38 2258 38 2778 36 3298 34 3817 34 4337 32 4858 30 5379 27 5900 25 6421 22 6941 21 7463 17 7986 11 8504 12 9021 14 9538 17 10056 18 10573 21 11091 22 11608 24 12126 25 12577 6 12643 27 13095 9 13161 28 13613 12 13679 29 14131 14 14197 30 14650 15 14715 31 15168 17 15233 32 15687 18 15751 33 16206 18 16269 33 16724 20 16788 33 17243 20 17306 33 17762 21 17825 34 18281 22 18344 35 18800 23 18862 37 19316 27 19381 38 19833 29 19900 38 20351 30 20389 4 20419 39 20869 32 20907 6 20938 40 21387 33 21426 6 21457 41 21503 3 21906 34 21944 8 21976 42 22021 5 22028 1 22425 34 22463 8 22496 41 22539 9 22944 34 22982 9 23015 52 23463 35 23501 9 23534 52 23982 35 24020 10 24053 52 24502 35 24539 10 24572 52 25021 48 25091 51 25541 47 25610 51 26062 46 26129 51 26583 44 26648 50 27103 43 27157 6 27167 50 27622 44 27675 9 27686 50 28140 45 28194 61 28658 46 28712 62 29172 52 29231 61 29690 39 29730 14 29749 62 30207 40 30250 14 30268 61 30724 42 30769 14 30787 61 31242 42 31288 15 31306 60 31761 42 31807 15 31825 60 32280 42 32326 15 32345 59 32799 41 32845 16 32863 59 33318 28 33347 11 33364 17 33382 59 33837 27 33869 7 33883 76 34356 27 34402 76 34876 26 34921 75 35396 25 35440 18 35459 22 35483 32 35916 25 35959 18 35978 22 36003 30 36437 23 36478 18 36497 23 36522 29 36960 19 36997 18 37017 22 37041 29 37480 18 37516 17 37536 22 37560 28 37999 17 38035 17 38055 22 38079 27 38518 17 38553 18 38574 22 38600 23 39037 17 39072 17 39093 22 39120 21 39556 17 39591 17 39613 21 39641 18 40075 17 40110 17 40132 23 40161 16 40594 17 40630 16 40651 24 40682 13 41113 17 41149 16 41171 25 41204 8 41632 17 41669 14 41691 24 42151 16 42188 14 42211 19 42234 1 42671 15 42708 13 42731 18 42754 3 43190 15 43228 12 43251 17 43274 3 43712 11 43747 12 43771 15 43794 3 44235 7 44266 12 44292 14 44313 5 44753 8 44784 13 44812 13 44833 5 45272 7 45303 13 45332 12 45352 5 45791 7 45822 12 45852 12 45871 6 46306 10 46341 12 46371 26 46825 9 46860 13 46890 26 47345 8 47379 13 47409 27 47864 7 47897 14 47929 27 48383 6 48416 14 48448 12 48462 14 48905 2 48935 14 48968 11 48982 13 49454 14 49487 11 49503 11 49973 13 50007 10 50022 12 50493 12 50527 9 50540 13 51012 12 51046 10 51058 15 51532 10 51565 27 52051 10 52085 26 52571 8 52604 26 53091 6 53123 26 53643 25 54162 26 54682 25 55203 23 55724 20 56245 18 56768 9
a984e7fb886aa02e29d112766d3ce26a4f78eac540ce7bbdbd42af2761928f6d,117 13 635 14 1154 15 1673 15 2192 15 2711 16 3230 16 3749 16 4268 16 4788 15 5307 15 5827 13 6347 11 6867 9 7388 6
a984e7fb886aa02e29d112766d3ce26a4f78eac540ce7bbdbd42af2761928f6d,75912 3 76431 6 76950 9 77468 13 77988 14 78507 16 79026 18 79546 18 80066 17 80586 17 81106 16 81625 17 82142 19 82659 21 83177 22
a984e7fb886aa02e29d112766d3ce26a4f78eac540ce7bbdbd42af2761928f6d,158 11 677 11 1196 11 1714 12 2233 12 2751 13 3270 13 3788 13 4307 13 4825 14 5344 13 5862 14 6381 14 6900 14 7419 13 7937 14 8456 14 8975 13 9494 13 10013 13 10532 12 11051 12 11570 12 12089 12 12608 11 13127 11 13647 10 14166 9 14685 9 15205 7 15724 6 16244 3
a984e7fb886aa02e29d112766d3ce26a4f78eac540ce7bbdbd42af2761928f6d,40744 4 41258 12 41774 17 42292 19 42810 21 43328 23 43846 25 44364 27 44882 28 45401 29 45920 29 46439 30 46958 30 47476 14 47491 17 47995 32 48514 33 49034 32 49553 33 50072 33 50591 33 51110 33 51629 33 52148 34 52667 34 53186 34 53705 34 54224 34 54743 34 55263 32 55782 19 55803 11 56301 20 56322 11 56820 32 57340 31 57859 30 58379 29 58898 28 59418 26 59938 25 60457 24 60977 23 61496 25 62014 27 62531 28 63049 28 63567 28 64085 30 64603 31 64638 1 65121 31 65155 3 65640 31 65673 4 66158 32 66191 5 66677 38 67195 40 67713 41 68231 42 68749 44 69267 45 69786 45 70304 46 70822 46 71341 46 71859 47 72378 48 72896 49 73414 50 73933 50 74452 49 74970 49 75489 6 75498 39 76008 6 76018 32 76052 3 76527 6 76538 29 76572 2 77046 6 77057 28 77564 7 77576 27 78083 6 78095 26 78602 6 78613 26 79121 5 79132 24 79641 4 79651 12 79666 6 80161 2 80170 10 80688 10 81206 10 81723 11 82241 11 82761 9 83280 8
a984e7fb886aa02e29d112766d3ce26a4f78eac540ce7bbdbd42af2761928f6d,9617 1 10135 4 10654 5 11155 4 11173 5 11672 9 11683 3 11692 6 12190 15 12211 6 12708 16 12730 6 13226 18 13249 6 13745 19 13767 7 14264 20 14286 7 14783 20 14805 7 15301 22 15324 7 15819 31 16338 16 16356 12 16857 15 16877 10 17376 14 17397 9 17895 14 17917 8 18415 12 18436 7 18934 11 18955 6 19455 7 19475 4 19995 2
a984e7fb886aa02e29d112766d3ce26a4f78eac540ce7bbdbd42af2761928f6d,19482 1
a984e7fb886aa02e29d112766d3ce26a4f78eac540ce7bbdbd42af2761928f6d,70363 1 70882 1 71400 1 71918 1 72435 3 72953 3 73471 4 73989 4 74507 5 75026 4 75545 4 76064 4 76583 4 77102 4 77616 9 78133 10 78652 8 79172 5 79693 2
a984e7fb886aa02e29d112766d3ce26a4f78eac540ce7bbdbd42af2761928f6d,11702 3 12221 3 12740 3 13260 2
a984e7fb886aa02e29d112766d3ce26a4f78eac540ce7bbdbd42af2761928f6d,287 2 291 9 303 3 806 2 810 9 821 4 1325 13 1339 5 1847 16 2366 16 2887 13 3406 12 3925 11 4439 2 4442 12 4957 15 5476 14 5996 13 6516 11 7035 9 7556 5
a984e7fb886aa02e29d112766d3ce26a4f78eac540ce7bbdbd42af2761928f6d,25213 8 25732 11 26251 12 26770 12 27289 13 27808 13 28327 14 28846 14 29366 13 29890 8 30410 7 30925 2 30928 8 31442 13 31960 15 32480 14 32999 14 33517 15 34035 16 34554 16 35073 16 35592 16 36111 15 36630 14 37149 13 37668 12 38188 9 38707 9 39226 9 39746 8 40266 6 40786 4
a984e7fb886aa02e29d112766d3ce26a4f78eac540ce7bbdbd42af2761928f6d,52206 3 52724 5 53243 5 53761 7 54280 8 54799 8 55318 9 55837 9 56357 8 56876 9 57395 10 57914 15 58434 14 58953 14 59472 15 59992 14 60511 14 61030 15 61550 14 62069 14 62589 13 63109 13 63628 13 64148 13 64667 14 65186 14 65706 14 66225 14 66745 12 67265 11 67785 9 68305 8 68824 7 69344 6 69864 5 70384 4 70904 2
a984e7fb886aa02e29d112766d3ce26a4f78eac540ce7bbdbd42af2761928f6d,23144 1 23663 2 24182 1
a984e7fb886aa02e29d112766d3ce26a4f78eac540ce7bbdbd42af2761928f6d,74012 3 74531 4 75049 6 75569 6 76088 7 76607 8 77126 8 77646 8 78165 9 78685 9 79205 9 79724 9 80244 9 80763 10 81283 10 81803 10 82323 9 82843 9 83362 9
a984e7fb886aa02e29d112766d3ce26a4f78eac540ce7bbdbd42af2761928f6d,20047 9 20565 11 21083 13 21601 18 22119 20 22637 22 23155 24 23674 25 24193 26 24711 12 24726 14 25230 12 25246 14 25748 14 25765 15 26267 14 26284 15 26786 14 26803 15 27306 13 27322 15 27825 13 27841 15 28344 14 28360 16 28864 13 28880 15 29383 13 29400 15 29902 13 29919 15 30422 12 30436 17 30942 11 30954 19 31461 9 31473 19 31981 7 31989 21 32500 30 33019 30 33538 31 34057 31 34577 30 35096 30 35615 29 36134 29 36652 29 37171 28 37690 27 38209 26 38728 23 39247 22 39765 22 40284 22 40804 21 41323 21 41839 25 42358 25 42876 26 43395 26 43914 26 44433 26 44952 26 45472 25 45991 25 46511 24 47030 24 47550 23 48069 23 48589 12 48605 6 49108 10 49125 5 49628 8 49643 6 50147 8 50161 7 50667 5 50678 9 51187 18 51707 17 52227 14 52748 9 53269 5
a984e7fb886aa02e29d112766d3ce26a4f78eac540ce7bbdbd42af2761928f6d,60530 2
a984e7fb886aa02e29d112766d3ce26a4f78eac540ce7bbdbd42af2761928f6d,65203 1 65721 2
a984e7fb886aa02e29d112766d3ce26a4f78eac540ce7bbdbd42af2761928f6d,48656 1 49174 4 49692 5 50210 7 50728 8 51247 9 51766 9 52285 9 52804 9 53323 9 53842 9 54361 9 54880 9 55348 1 55356 4 55400 8 55866 15 55920 7 56385 15 56439 6 56904 15 56957 7 57423 15 57476 7 57942 17 57994 8 58461 19 58513 8 58979 10 58990 10 59031 9 59498 10 59510 10 59550 9 60017 10 60030 10 60070 7 60536 10 60549 11 60589 6 61055 10 61067 12 61104 1 61108 6 61574 10 61586 12 61623 2 61627 6 62094 9 62105 12 62127 9 62141 3 62146 6 62614 22 62644 14 62660 4 62665 6 63133 21 63162 27 63652 21 63680 19 63700 7 64172 20 64198 20 64693 19 64716 22 65213 18 65234 23 65733 18 65753 24 66252 18 66272 15 66290 7 66771 17 66791 15 66809 7 67290 17 67310 14 67328 8 67809 17 67829 13 67847 8 68329 16 68347 9 68367 7 68848 17 68866 9 68886 8 69367 30 69404 10 69887 46 70406 46 70926 5 70933 39 71445 6 71453 38 71965 6 71973 7 71983 28 72485 5 72493 6 72503 28 73004 5 73012 5 73023 27 73524 4 73531 5 73542 27 74044 4 74049 5 74061 27 74564 8 74581 26 75084 3 75101 25 75621 19 75641 4 76141 17 76161 3 76660 22 77180 14 77196 5 77699 7 77715 5 78219 6 78234 5 78739 5 78752 6 79259 6 79271 5 79780 6 79790 4 80300 13 80821 9 81343 4
a984e7fb886aa02e29d112766d3ce26a4f78eac540ce7bbdbd42af2761928f6d,360 29 879 29 1398 29 1917 29 2436 29 2954 29 3472 27 3991 18 4510 18 5028 19 5545 19 6063 18 6582 18 7100 18 7619 16 8139 13 8658 13 9177 14 9697 13 10217 12 10236 2 10737 13 10754 5 11256 14 11272 8 11773 27 12291 29 12809 30 13323 36 13841 37 14360 38 14881 36 15401 35 15921 29 15953 2 15959 5 16434 2 16441 28 16472 11 16953 3 16961 27 16992 10 17472 4 17482 27 17511 10 17991 5 18002 37 18047 2 18510 6 18520 39 18566 4 19029 7 19039 30 19070 8 19086 5 19549 7 19558 17 19576 11 19590 7 19605 6 20068 7 20077 17 20099 7 20109 7 20123 6 20588 25 20621 5 20628 6 20643 4 21107 25 21147 6 21163 3 21627 24 21667 5 21683 3 21690 2 22146 24 22187 5 22205 7 22666 23 22708 4 22714 2 22725 8 23186 22 23228 8 23238 4 23244 9 23706 21 23748 25 24226 20 24268 5 24275 19 24746 19 24788 3 24793 22 25266 18 25308 3 25312 22 25785 19 25828 27 26305 18 26349 26 26825 17 26868 27 27345 16 27388 27 27865 15 27908 27 28385 14 28428 27 28904 14 28948 26 29424 13 29468 26 29944 13 29989 24 30464 12 30508 25 30983 12 31028 24 31503 10 31548 24 32023 9 32068 23 32543 8 32588 22 33063 7 33108 21 33583 5 33628 20 34103 2 34148 19 34668 14 35190 11 35710 8 36232 4
a984e7fb886aa02e29d112766d3ce26a4f78eac540ce7bbdbd42af2761928f6d,50193 1
a984e7fb886aa02e29d112766d3ce26a4f78eac540ce7bbdbd42af2761928f6d,55911 4 56428 6 56943 10 57462 10 57982 9 58502 1 58505 5 59026 2
a984e7fb886aa02e29d112766d3ce26a4f78eac540ce7bbdbd42af2761928f6d,47603 2 47611 3 48121 3 48128 6 48640 3 48645 8 49160 11 49680 9 50200 7 50722 3
a984e7fb886aa02e29d112766d3ce26a4f78eac540ce7bbdbd42af2761928f6d,23213 2 23731 3 24250 3 24770 2
a984e7fb886aa02e29d112766d3ce26a4f78eac540ce7bbdbd42af2761928f6d,78771 5 79289 8 79807 10 80325 12 80844 12 81363 13 81882 13 82399 15 82917 16 83436 16
a984e7fb886aa02e29d112766d3ce26a4f78eac540ce7bbdbd42af2761928f6d,41948 7 42465 11 42983 13 43501 15 44019 16 44538 17 45056 19 45575 20 46094 21 46612 23 47131 24 47650 25 48169 26 48688 27 49208 27 49727 27 50246 28 50766 27 51285 27 51804 28 52317 34 52833 37 53350 39 53868 14 53883 25 54386 14 54404 23 54904 14 54923 22 55422 14 55443 21 55941 13 55963 19 56461 11 56483 18 56981 10 57003 17 57503 7 57522 16 58024 4 58042 13 58562 9 59082 6 59604 2
a984e7fb886aa02e29d112766d3ce26a4f78eac540ce7bbdbd42af2761928f6d,70005 4 70523 7 71041 10 71559 12 72077 14 72596 15 73114 16 73633 16 74152 17 74671 17 75190 18 75709 18 76228 18 76748 18 77267 18 77787 17 78306 17 78826 16 79346 15 79865 15 80385 14 80904 14 81424 13 81944 12 82463 12 82983 11 83503 10
a984e7fb886aa02e29d112766d3ce26a4f78eac540ce7bbdbd42af2761928f6d,55014 1 55523 11 56041 12 56557 15 57075 16 57594 16 58112 17 58631 17 59149 18 59668 18 60186 19 60705 19 61223 20 61741 2 61745 17 62261 20 62780 20 63299 20 63819 19 64338 19 64862 14 65380 15 65898 16 66418 2 66422 11 66942 7
a984e7fb886aa02e29d112766d3ce26a4f78eac540ce7bbdbd42af2761928f6d,73177 3 73694 5 74212 6 74729 8 75247 9 75765 9 76283 9 76801 10 77319 10 77837 11 78355 11 78874 10 79392 10 79911 9 80429 9 80947 10 81466 9 81984 10 82503 9 83022 9 83540 9
a984e7fb886aa02e29d112766d3ce26a4f78eac540ce7bbdbd42af2761928f6d,11925 4 12443 6 12962 8 13481 9 13999 11 14518 12 15037 12 15556 13 16075 14 16594 15 17113 15 17631 16 18150 16 18670 15 19190 14 19709 14 20229 13 20750 11 21269 11 21789 10 22308 10 22828 9 23347 9 23866 9 24386 3 24906 2
a984e7fb886aa02e29d112766d3ce26a4f78eac540ce7bbdbd42af2761928f6d,33216 1 33734 2 34252 3 34770 4 35288 5 35807 5 36326 5 36846 4 37365 4 37885 3 38405 2 38925 1
a984e7fb886aa02e29d112766d3ce26a4f78eac540ce7bbdbd42af2761928f6d,25431 1 25950 1
ab298b962a63e4be9582513aaa84a5e270adba5fd2b16a50e59540524f63c3b8,41221 4 41475 8 41730 10 41985 11 42241 12 42497 12 42753 12 43009 12 43265 12 43521 12 43777 12 44033 12 44289 12 44545 12 44801 11 45057 11 45313 10 45570 8 45827 6
ab298b962a63e4be9582513aaa84a5e270adba5fd2b16a50e59540524f63c3b8,57437 6 57692 9 57948 9 58203 11 58460 11 58716 11 58973 10 59230 9 59487 7 59744 5
ab298b962a63e4be9582513aaa84a5e270adba5fd2b16a50e59540524f63c3b8,25972 4 26227 6 26482 7 26737 8 26992 10 27248 10 27503 11 27758 11 28014 11 28270 11 28525 12 28781 11 29037 11 29293 10 29549 9 29805 8 30061 7 30318 4
ab298b962a63e4be9582513aaa84a5e270adba5fd2b16a50e59540524f63c3b8,20901 5 21155 9 21409 12 21665 12 21920 13 22176 13 22431 14 22687 14 22944 12 23200 11 23458 8 23716 3
ab298b962a63e4be9582513aaa84a5e270adba5fd2b16a50e59540524f63c3b8,63655 6 63910 9 64165 11 64421 12 64677 12 64933 12 65190 11 65446 11
ab298b962a63e4be9582513aaa84a5e270adba5fd2b16a50e59540524f63c3b8,2996 4 3250 8 3505 9 3760 11 4016 11 4271 12 4527 12 4784 11 5040 11 5297 9 5555 5
ab298b962a63e4be9582513aaa84a5e270adba5fd2b16a50e59540524f63c3b8,14845 4 15099 6 15354 7 15608 9 15863 10 16118 11 16373 12 16628 13 16883 14 17139 14 17395 14 17650 15 17907 14 18163 14 18420 13 18677 9
ab298b962a63e4be9582513aaa84a5e270adba5fd2b16a50e59540524f63c3b8,52732 2 52986 7 53241 8 53496 9 53752 9 54007 10 54263 10 54518 11 54774 11 55030 11 55286 11 55542 11 55798 11 56055 10 56311 10 56567 10 56823 10 57080 9 57336 9 57593 8 57850 7 58108 4
ab298b962a63e4be9582513aaa84a5e270adba5fd2b16a50e59540524f63c3b8,253 4 509 4 764 5 1020 5 1277 4 1533 4 1790 3
ade080c6618cbbb0a25680cf847f312b5e19b22bfe1cafec0436987ebe5b1e7e,171148 13 171666 17 172184 21 172703 24 173221 28 173740 31 174260 33 174779 35 175298 37 175817 39 176337 40 176856 41 177376 42 177895 44 178415 44 178935 44 179455 44 179975 44 180495 44 181015 44 181535 44 182055 44 182575 44 183095 44 183615 43 184135 43 184655 43 185176 41 185696 41 186217 39 186737 39 187258 37 187779 36 188299 35 188820 33 189341 31 189862 30 190383 28 190904 26 191426 23 191948 20 192469 17 192990 14 193511 11 194034 4
ade080c6618cbbb0a25680cf847f312b5e19b22bfe1cafec0436987ebe5b1e7e,338595 3 339108 12 339627 14 340146 16 340664 19 341181 23 341699 26 342219 26 342738 26 343258 26 343777 27 344297 26 344817 26 345341 21 345862 20 346383 19 346904 18 347424 19 347944 19 348464 20 348983 21 349502 22 350015 29 350535 29 351055 18 351076 8 351575 16 351599 5 352095 16 352121 3 352615 16 353136 15 353655 16 354175 16 354695 16 355219 12 355744 6 356266 4 356786 4 357306 4
ade080c6618cbbb0a25680cf847f312b5e19b22bfe1cafec0436987ebe5b1e7e,338059 3 338577 6 339096 6 339616 5 340136 5 340657 3
ade080c6618cbbb0a25680cf847f312b5e19b22bfe1cafec0436987ebe5b1e7e,278297 13 278815 15 279334 11 279347 3 279850 16 280363 4 280369 19 280881 28 281400 29 281916 2 281919 31 281954 2 282435 35 282472 5 282953 21 282980 17 283472 21 283501 14 283992 20 284021 13 284511 21 284542 11 285029 23 285062 11 285548 24 285583 10 286067 25 286102 11 286586 26 286622 11 287106 27 287141 11 287626 27 287660 9 288146 29 288180 9 288666 30 288700 8 289186 30 289220 7 289706 28 289741 4 290225 28 290745 26 291265 23 291784 23 292303 22 292823 21 293343 19 293862 19 294381 19 294900 19 295420 18 295942 15 296463 14 296983 13 297504 12 298024 11 298544 10 299064 10 299585 8 300105 8 300625 7 301146 5
ade080c6618cbbb0a25680cf847f312b5e19b22bfe1cafec0436987ebe5b1e7e,335989 1 336508 3 337027 4 337548 2
ade080c6618cbbb0a25680cf847f312b5e19b22bfe1cafec0436987ebe5b1e7e,76015 3 76533 5 77053 6 77563 2 77572 7 77582 2 78082 4 78091 7 78100 5 78600 7 78610 15 79120 25 79640 24 80160 23 80680 23 81201 21 81721 21 82242 19 82763 17 83284 4 83290 10 83805 3 83810 10 84325 2 84330 10 84846 13 85366 13 85886 6 85894 5 86405 6 86415 3 86925 6 86935 3 87444 6 87963 7 88484 5 89005 2
ade080c6618cbbb0a25680cf847f312b5e19b22bfe1cafec0436987ebe5b1e7e,81268 8 81762 11 81783 16 82280 15 82300 21 82328 5 82799 63 83318 66 83837 69 84357 71 84876 74 85396 74 85915 76 86434 78 86954 78 87473 80 87992 81 88512 81 89031 83 89550 84 90070 84 90590 84 91110 84 91630 84 92149 84 92669 84 93189 44 93239 33 93708 43 93760 31 94228 29 94258 11 94280 31 94748 27 94783 2 94802 28 95268 19 95323 26 95788 14 95845 23 96309 12 96367 19 96829 11 96889 16 97348 11 97412 7 97868 10 98393 4
ade080c6618cbbb0a25680cf847f312b5e19b22bfe1cafec0436987ebe5b1e7e,276316 10 276833 16 277344 28 277862 33 278380 36 278899 38 279418 40 279937 42 280456 43 280975 45 281494 46 282014 46 282533 47 283053 46 283573 45 284092 45 284612 44 285131 44 285651 43 286171 43 286691 42 287211 42 287731 41 288251 41 288771 41 289292 41 289812 41 290333 40 290853 41 291374 40 291896 39 292417 38 292938 38 293458 38 293979 37 294500 37 295021 36 295543 33 296064 32 296585 31 297107 28 297628 26 298150 22 298672 18 299195 12
ade080c6618cbbb0a25680cf847f312b5e19b22bfe1cafec0436987ebe5b1e7e,356937 6 357455 9 357974 13 358493 19 359006 28 359525 30 360044 32 360563 34 361082 36 361602 36
ade080c6618cbbb0a25680cf847f312b5e19b22bfe1cafec0436987ebe5b1e7e,283658 5 284177 13 284696 15 285214 19 285713 7 285732 23 286232 11 286251 25 286751 14 286770 27 287270 17 287289 29 287790 50 288309 52 288829 53 289349 53 289869 54 290388 55 290908 56 291427 58 291946 60 292465 62 292984 63 293503 64 294022 66 294541 67 295061 68 295581 68 296101 68 296621 69 297141 68 297662 67 298182 67 298703 66 299224 64 299744 64 300265 62 300786 60 301307 58 301828 31 301867 13 302349 30 302394 3 302870 28 303391 27 303912 26 304433 25 304955 22 305476 20 305998 16 306521 9 307046 2
ade080c6618cbbb0a25680cf847f312b5e19b22bfe1cafec0436987ebe5b1e7e,27369 5 27886 12 28404 18 28922 21 29426 38 29941 43 30454 51 30970 55 31488 57 32006 59 32524 61 33042 62 33561 63 34079 64 34597 64 35116 63 35635 61 36154 60 36673 60 37192 58 37711 55 38231 53 38750 52 39269 51 39788 51 40308 49 40828 48 41348 47 41869 45 42389 44 42909 43 43428 43 43948 43 44468 42 44987 42 45507 41 46026 42 46545 42 47063 43 47586 39 48107 36 48629 32 49154 22 49682 8
ade080c6618cbbb0a25680cf847f312b5e19b22bfe1cafec0436987ebe5b1e7e,323728 16 324245 23 324763 28 325282 31 325801 34 326320 36 326839 39 327358 42 327878 44 328397 46 328916 49 329436 50 329955 52 330475 53 330994 55 331514 56 332033 58 332553 59 333073 60 333593 61 334112 62 334632 63 335152 63 335672 64 336192 64 336712 64 337232 64 337753 63 338273 63 338793 63 339313 63 339834 62 340355 61 340875 60 341396 59 341917 57 342437 57 342958 55 343479 53 344001 50 344522 47 345044 44 345566 41 346088 37 346611 33 347133 28 347661 16 348186 8
ade080c6618cbbb0a25680cf847f312b5e19b22bfe1cafec0436987ebe5b1e7e,232333 6 232838 25 233354 31 233872 35 234390 38 234909 40 235429 40 235948 42 236467 43 236986 45 237501 50 238019 52 238537 54 239057 54 239576 55 240096 55 240615 56 241135 55 241655 55 242175 55 242694 55 243214 55 243734 55 244254 54 244774 54 245294 53 245814 53 246335 51 246855 51 247376 49 247896 49 248417 47 248937 47 249458 45 249978 45 250499 43 251020 41 251541 39 252062 37 252585 33 253108 28 253632 22 254154 16
ade080c6618cbbb0a25680cf847f312b5e19b22bfe1cafec0436987ebe5b1e7e,31086 11 31603 17 32121 22 32641 26 33160 30 33680 32 34200 34 34720 36 35239 38 35759 39 36280 39 36800 39 37320 40 37840 40 38360 40 38880 40 39400 40 39920 41 40440 41 40960 41 41479 43 41999 43 42519 42 43038 43 43558 43 44077 43 44596 44 45115 45 45634 45 46153 45 46672 45 47191 45 47710 44 48229 44 48749 42 49268 42 49788 40 50307 39 50827 37 51347 34 51868 30 52388 28 52908 25 53429 21 53951 16 54476 4
ade080c6618cbbb0a25680cf847f312b5e19b22bfe1cafec0436987ebe5b1e7e,283887 4 284403 13 284920 18 285432 5 285439 20 285949 32 286466 36 286985 38 287026 3 287504 46 288022 49 288541 51 289061 51 289580 51 290100 51 290618 53 291138 53 291658 53 292178 53 292697 54 293216 54 293736 54 294256 54 294777 53 295297 53 295817 53 296338 51 296857 52 297376 53 297439 2 297895 54 297955 6 298413 56 298473 8 298932 57 298990 11 299450 71 299968 73 300487 74 301006 75 301526 75 302046 75 302565 28 302595 46 303085 27 303117 44 303604 28 303638 43 304124 28 304161 40 304643 30 304684 10 304698 23 305163 30 305207 5 305217 24 305683 30 305728 33 306203 30 306246 35 306723 31 306765 36 307243 31 307284 37 307763 31 307803 38 308283 31 308322 39 308803 31 308842 39 309323 31 309361 40 309843 32 309880 41 310363 32 310399 42 310884 31 310917 44 311404 31 311437 44 311925 76 312445 76 312964 77 313484 77 314004 77 314524 77 315044 77 315563 78 316082 79 316601 80 317119 62 317187 14 317637 62 317709 12 318155 62 318230 11 318674 49 318727 8 318753 8 319192 50 319277 2 319711 50 320230 49 320750 47 321270 44 321789 44 322309 44 322829 44 323349 44 323870 43 324390 44 324910 44 325431 43 325952 42 326472 41 326992 41 327513 40 328034 39 328554 39 329075 38 329595 38 330115 38 330636 37 331157 35 331679 33 332200 31 332721 30 333243 26 333764 22 334285 19 334808 10
ade080c6618cbbb0a25680cf847f312b5e19b22bfe1cafec0436987ebe5b1e7e,160607 17 161124 26 161642 31 162160 37 162678 42 163197 47 163716 50 164236 52 164755 55 165275 56 165795 57 166314 59 166834 60 167354 61 167874 62 168394 62 168914 62 169434 63 169954 63 170474 63 170994 63 171515 62 172035 62 172556 61 173076 60 173597 59 174118 57 174640 55 175163 51 175685 47 176208 42 176732 34 177276 1
ade080c6618cbbb0a25680cf847f312b5e19b22bfe1cafec0436987ebe5b1e7e,114383 11 114901 15 115420 19 115940 21 116458 23 116977 24 117497 24 118018 23 118538 23 119058 23 119577 24 120097 24 120617 24 121138 23 121659 22 122180 21 122701 20 123222 19 123743 18 124264 17 124784 17 125305 16 125825 16 126346 15 126866 15 127387 14 127908 13 128429 12 128951 10 129473 8 129996 5 130518 3
ade080c6618cbbb0a25680cf847f312b5e19b22bfe1cafec0436987ebe5b1e7e,78514 7 79031 10 79549 12 80067 14 80586 15 81104 17 81623 18 82142 19 82662 19 83181 20 83700 21 84220 21 84739 22 85259 22 85779 22 86299 22 86819 22 87339 22 87859 22 88379 22 88899 22 89419 22 89939 22 90459 22 90980 21 91500 21 92020 21 92541 20 93061 20 93582 19 94103 18 94624 17 95144 17 95665 16 96187 14 96708 13 97229 12 97750 11 98272 9 98794 7 99316 5 99839 2
b83d1d77935b6cfd44105b54600ffc4b6bd82de57dec65571bcb117fa8398ba3,79147 3 79670 5 80192 7 80714 9 81236 11 81748 2 81758 13 82271 4 82281 14 82795 4 82804 14 83317 6 83327 15 83841 6 83851 15 84365 6 84374 15 84889 7 84897 16 85413 23 85937 22 86461 12 86474 8 86985 10 86999 6 87509 9 87524 4 88033 7 88048 2 88557 7 89081 6 89605 6 90129 5 90653 5 91177 4
b83d1d77935b6cfd44105b54600ffc4b6bd82de57dec65571bcb117fa8398ba3,100085 7 100609 9 101133 10 101657 10 102181 10 102705 10 103229 9 103753 9 104277 8 104801 8 105325 7 105849 6 106373 6 106897 6 107421 6 107945 6 108469 6 108993 6 109517 5 110041 5 110565 4 111089 3 111613 1
b83d1d77935b6cfd44105b54600ffc4b6bd82de57dec65571bcb117fa8398ba3,40886 1 41409 2 41932 3 42456 3 42980 3 43503 3 44027 3 44551 2 45075 1
b83d1d77935b6cfd44105b54600ffc4b6bd82de57dec65571bcb117fa8398ba3,39322 3 39845 4 40369 4 40893 5 41416 6 41940 6 42464 6 42988 6 43512 6 44035 7 44559 7 45083 7 45607 7 46130 8 46654 8 47178 7 47702 7 48226 7 48749 8 49273 8 49797 8 50321 8 50845 8 51369 8 51893 7 52417 7 52941 7 53464 8 53988 8 54512 8 55036 8 55560 8 56084 8 56608 7 57132 7 57656 7 58181 5 58705 5 59229 5 59753 5 60277 4 60801 4 61326 2 61850 2
b83d1d77935b6cfd44105b54600ffc4b6bd82de57dec65571bcb117fa8398ba3,147803 3 148326 5 148849 6 149373 6 149897 6 150420 7 150944 7 151468 7 151991 8 152515 8 153026 6 153038 8 153549 21 154073 21 154597 21 155121 21 155646 19 156174 15 156699 13 157224 12 157749 10 158274 8 158798 8 159323 6
b83d1d77935b6cfd44105b54600ffc4b6bd82de57dec65571bcb117fa8398ba3,9458 2 9981 3 10505 3 11029 4 11553 4 12076 5 12600 5 13124 5 13648 5 14172 5 14696 5 15220 5 15744 5 16268 5 16792 5 17316 5 17840 5 18364 4 18888 4 19411 5 19936 4 20460 4 20985 2
b83d1d77935b6cfd44105b54600ffc4b6bd82de57dec65571bcb117fa8398ba3,130523 1 131047 2 131571 2 132095 3 132619 3 133143 4 133667 4 134191 4 134716 3 135240 3 135765 2 136289 2 136814 1
b83d1d77935b6cfd44105b54600ffc4b6bd82de57dec65571bcb117fa8398ba3,2162 5 2685 6 3209 7 3732 8 4256 8 4779 9 5303 9 5827 9 6351 9 6875 9 7398 10 7922 10 8445 11 8969 11 9492 12 10016 12 10540 12 11063 13 11587 13 12111 13 12635 12 13159 12 13682 13 14206 13 14730 13 15254 13 15777 14 16301 14 16825 13 17349 13 17873 12 18396 9 18920 7 19444 7 19968 7 20492 7 21016 6 21541 5 22065 4 22590 2
b83d1d77935b6cfd44105b54600ffc4b6bd82de57dec65571bcb117fa8398ba3,66 3 590 3
b83d1d77935b6cfd44105b54600ffc4b6bd82de57dec65571bcb117fa8398ba3,23654 5 24177 7 24700 8 25224 9 25748 9 26271 10 26795 10 27319 10 27843 10 28367 10 28891 10 29415 10 29939 10 30464 9 30988 9 31512 9 32036 9 32560 9 33084 9 33609 8 34133 8 34659 6 35184 5 35709 4 36234 3
b83d1d77935b6cfd44105b54600ffc4b6bd82de57dec65571bcb117fa8398ba3,113788 1 114312 1 114836 1 115360 1 115883 1
b83d1d77935b6cfd44105b54600ffc4b6bd82de57dec65571bcb117fa8398ba3,12680 4 13203 5 13726 7 14249 8 14773 9 15297 9 15821 10 16345 10 16869 10 17393 10 17917 10 18441 10 18965 10 19489 9 20013 9 20537 9 21061 9 21586 8 22110 7 22635 6 23159 6 23683 6 24207 6 24730 6 25254 6 25777 7 26301 7 26825 6 27350 4
b83d1d77935b6cfd44105b54600ffc4b6bd82de57dec65571bcb117fa8398ba3,58804 1 59327 2 59851 3 60375 3 60898 5 61421 6 61943 9 62466 10 62990 11 63513 12 64037 12 64560 11 65084 9 65608 8 66131 8 66655 7 67179 6 67703 5 68226 6 68750 5 69274 3
b83d1d77935b6cfd44105b54600ffc4b6bd82de57dec65571bcb117fa8398ba3,30509 2 31033 4 31556 5 32080 5 32604 6 33127 7 33651 7 34175 8 34698 10 35222 12 35746 14 36270 17 36794 18 37318 18 37842 18 38366 18 38890 18 39414 17 39939 16 40463 16 40987 16 41511 15 42035 10 42047 3 42560 8 42572 2 43085 4
b83d1d77935b6cfd44105b54600ffc4b6bd82de57dec65571bcb117fa8398ba3,102303 4 102827 4 103351 5 103875 5 104399 5 104922 6 105446 6 105970 6 106494 6 107018 6 107542 5 108066 5 108590 4 109114 4 109637 5 110161 5 110685 5 111209 5 111734 4 112258 3 112781 3 113305 3 113829 2
b83d1d77935b6cfd44105b54600ffc4b6bd82de57dec65571bcb117fa8398ba3,125 15 649 15 1174 14 1698 13 2223 12 2747 10 3272 8 3798 2
b83d1d77935b6cfd44105b54600ffc4b6bd82de57dec65571bcb117fa8398ba3,148426 2 148948 5 149472 6 149995 9 150519 11 151042 13 151565 14 152089 14 152613 14 153137 14 153662 13 154187 12 154711 12 155235 12 155759 11 156283 11 156808 8 156818 2 157340 6 157864 7 158387 9 158910 10 159434 11 159957 12 160480 13 161004 13 161527 14 162051 14 162574 15 163098 15 163622 15 164145 15 164669 15 165193 15 165717 15 166241 15 166765 3 166769 10 167290 1 167293 10 167818 9 168342 8 168866 8 169390 7 169915 6 170439 6 170964 4
b83d1d77935b6cfd44105b54600ffc4b6bd82de57dec65571bcb117fa8398ba3,122236 4 122759 6 123282 8 123805 10 124329 10 124853 10 125376 11 125900 11 126424 11 126948 11 127472 11 127996 11 128520 11 129043 11 129567 11 130091 10 130616 8 131140 8 131663 8 132188 7 132712 6 133237 5
b83d1d77935b6cfd44105b54600ffc4b6bd82de57dec65571bcb117fa8398ba3,79798 5 80321 7 80844 9 81367 10 81891 10 82414 11 82937 13 83461 13 83985 13 84509 14 85033 14 85557 14 86081 13 86605 13 87130 11 87653 12 88177 12 88701 11 89225 11 89750 9 90274 8 90799 6 91324 3
b83d1d77935b6cfd44105b54600ffc4b6bd82de57dec65571bcb117fa8398ba3,102339 3 102861 7 103384 8 103907 9 104431 10 104954 11 105478 11 106001 12 106525 12 107049 12 107573 12 108096 13 108620 13 109144 13 109668 12 110192 12 110716 11 111240 11 111764 10 112289 8 112814 6 113339 4
b83d1d77935b6cfd44105b54600ffc4b6bd82de57dec65571bcb117fa8398ba3,36844 4 37367 5 37890 6 38413 7 38937 7 39460 9 39984 9 40507 10 41031 10 41555 10 42078 10 42602 10 43126 10 43650 10 44174 10 44697 11 45221 11 45745 11 46268 12 46792 12 47316 12 47840 12 48364 12 48887 13 49411 13 49935 12 50460 11 50984 11 51508 11 52033 10 52557 10 53081 10 53606 8 54130 8 54654 8 55178 8 55702 7 56227 6 56752 4 57277 2
b83d1d77935b6cfd44105b54600ffc4b6bd82de57dec65571bcb117fa8398ba3,78773 3 79296 6 79820 7 80343 8 80867 8 81391 8 81915 9 82439 9 82963 9 83486 10 84010 10 84534 10 85058 10 85582 10 86106 10 86630 10 87154 9 87678 9 88203 8 88727 7 89252 6 89777 3
b83d1d77935b6cfd44105b54600ffc4b6bd82de57dec65571bcb117fa8398ba3,161044 3 161567 4 162090 6 162613 7 163136 8 163660 8 164184 8 164708 9 165232 9 165755 11 166279 11 166803 12 167328 11 167852 11 168376 11 168901 10 169426 8 169950 6 170476 3
b83d1d77935b6cfd44105b54600ffc4b6bd82de57dec65571bcb117fa8398ba3,53101 1 53624 3 54148 3 54672 3 55196 3 55721 2 56245 3 56768 5 57292 5 57816 6 58339 7 58862 8 59386 8 59910 9 60434 9 60957 10 61481 10 62005 10 62529 10 63053 10 63577 10 64101 10 64625 10 65149 9 65674 8 66198 8 66722 8 67246 7 67771 6 68296 4
b83d1d77935b6cfd44105b54600ffc4b6bd82de57dec65571bcb117fa8398ba3,38978 1 39501 3 40025 3 40549 3 41073 3 41597 2
b83d1d77935b6cfd44105b54600ffc4b6bd82de57dec65571bcb117fa8398ba3,3351 5 3874 8 4397 11 4921 12 5445 12 5968 14 6492 14 7016 14 7541 13 8065 13 8589 13 9113 13 9637 13 10162 12 10686 12 11210 12 11735 10 12259 10 12784 8
b83d1d77935b6cfd44105b54600ffc4b6bd82de57dec65571bcb117fa8398ba3,16452 5 16975 7 17498 9 18022 10 18545 12 19069 12 19593 12 20116 13 20640 13 21164 14 21688 14 22212 14 22736 14 23260 13 23784 13 24309 12 24833 12 25358 10 25884 7 26409 5
b83d1d77935b6cfd44105b54600ffc4b6bd82de57dec65571bcb117fa8398ba3,37427 3 37951 3 38474 5 38998 5 39522 5 40046 5 40570 5 41093 6 41617 6 42141 6 42665 6 43185 10 43707 12 44230 13 44754 13 45277 14 45801 15 45824 1 46324 16 46346 4 46354 2 46848 16 46867 14 47372 33 47896 34 48420 34 48944 35 49468 35 49992 35 50516 35 51040 35 51564 35 52088 34 52613 13 52627 19 53138 11 53151 19 53663 10 53676 17 54188 8 54200 17 54713 6 54725 16 55239 1 55249 16 55774 15 56299 13 56823 12 57348 10 57874 5
b83d1d77935b6cfd44105b54600ffc4b6bd82de57dec65571bcb117fa8398ba3,158991 2 159514 4 160037 6 160561 6 161084 7 161607 8 162131 8 162654 9 163178 9 163702 9 164226 9 164749 9 165273 9 165798 8 166322 8 166846 8 167370 8 167894 8 168419 7 168943 7 169466 9 169990 9 170514 9 171038 9 171562 9 172086 8 172610 8 173134 8 173658 7 174182 6 174707 3
b83d1d77935b6cfd44105b54600ffc4b6bd82de57dec65571bcb117fa8398ba3,175764 3 176286 5 176809 7 177331 9 177854 10 178376 12 178900 11 179423 12 179946 12 180470 12 180994 11 181518 11 182042 10
b83d1d77935b6cfd44105b54600ffc4b6bd82de57dec65571bcb117fa8398ba3,134365 5 134888 7 135412 8 135935 10 136459 10 136982 12 137506 12 138030 13 138554 13 139078 13 139601 14 140125 14 140649 14 141173 14 141697 14 142222 13 142746 13 143270 13 143795 12 144319 12 144843 12 145367 12 145892 11 146417 10 146942 9 147466 8 147991 7 148515 7 149040 5 149564 4
b83d1d77935b6cfd44105b54600ffc4b6bd82de57dec65571bcb117fa8398ba3,218 5
b83d1d77935b6cfd44105b54600ffc4b6bd82de57dec65571bcb117fa8398ba3,102937 1 103460 4 103466 2 103984 9 104507 11 105031 11 105554 13 106078 13 106602 13 107126 13 107649 14 108173 14 108697 14 109221 14 109738 5 109745 14 110261 22 110784 23 111308 23 111831 24 112355 23 112879 22 113402 23 113927 21 114451 20 114975 19 115499 18 116023 16 116547 14 117071 13 117596 11 118120 10 118645 6
b83d1d77935b6cfd44105b54600ffc4b6bd82de57dec65571bcb117fa8398ba3,12798 3 13321 6 13845 7 14369 7 14892 9 15416 9 15940 9 16464 10 16988 11 17512 11 18036 12 18560 12 19085 11 19609 10 20133 10 20658 9 21182 8 21707 6
b83d1d77935b6cfd44105b54600ffc4b6bd82de57dec65571bcb117fa8398ba3,123367 1 123889 3 124412 4 124936 4 125459 4 125984 3
b83d1d77935b6cfd44105b54600ffc4b6bd82de57dec65571bcb117fa8398ba3,160046 2 160570 3 161094 4 161618 4 162142 5 162667 3 163191 3
b83d1d77935b6cfd44105b54600ffc4b6bd82de57dec65571bcb117fa8398ba3,12816 3 13339 4 13863 4 14387 4 14911 9 15436 9 15960 2 15963 7 16484 10 17008 11 17533 10 18058 8
b83d1d77935b6cfd44105b54600ffc4b6bd82de57dec65571bcb117fa8398ba3,69943 5 70466 7 70990 8 71513 10 72036 13 72559 15 73083 15 73607 16 74130 17 74655 15 75179 15 75704 14 76229 13 76754 11 77280 9 77806 6 78331 2
b83d1d77935b6cfd44105b54600ffc4b6bd82de57dec65571bcb117fa8398ba3,89858 5 90380 8 90903 9 91426 11 91950 11 92474 11 92998 11 93522 11 94046 11 94570 10 95095 9 95619 9 96143 9 96667 8 97191 8 97716 6 98240 5 98765 3
b83d1d77935b6cfd44105b54600ffc4b6bd82de57dec65571bcb117fa8398ba3,9687 2 10211 2 10735 1 11259 1 11783 1 12306 2 12830 1 13353 2 13877 1
b83d1d77935b6cfd44105b54600ffc4b6bd82de57dec65571bcb117fa8398ba3,273 10 284 15 797 26 1321 9 1331 16 1845 26 2369 26 2892 26 3416 26 3940 26 4464 26 4987 26 5511 26 6035 26 6063 4 6559 25 6587 5 6605 1 7083 25 7111 6 7128 2 7607 24 7635 6 7651 4 8131 23 8159 7 8170 9 8654 24 8683 7 8693 10 9179 22 9207 7 9217 10 9703 22 9731 7 9741 11 10227 21 10254 8 10265 11 10752 20 10778 8 10789 11 11276 20 11302 8 11313 11 11800 19 11826 8 11837 11 12324 19 12349 9 12361 11 12848 19 12873 9 12884 12 13371 19 13397 9 13408 12 13895 19 13921 9 13932 12 14419 18 14444 10 14456 12 14943 18 14968 10 14980 12 15466 18 15492 10 15505 11 15990 18 16016 10 16029 11 16514 18 16539 11 16553 10 17038 18 17063 11 17077 10 17561 19 17587 11 17601 10 18085 11 18100 4 18111 10 18125 10 18609 10 18624 5 18634 11 18649 9 19133 9 19147 6 19154 15 19174 8 19657 8 19671 21 19698 8 20181 8 20194 22 20222 7 20705 7 20718 22 20746 7 21229 6 21242 22 21270 6 21754 4 21765 23 21794 6 22279 5 22289 22 22318 6 22803 6 22812 23 22842 5 23326 8 23335 24 23366 5 23849 34 23890 5 24373 34 24413 5 24897 34 24937 5 25420 35 25460 5 25944 35 25984 4 26467 36 26508 4 26991 36 27031 4 27514 36 27554 5 28038 36 28078 5 28561 37 28602 4 29085 36 29125 5 29609 9 29619 26 29649 5 30133 9 30143 25 30173 5 30656 9 30667 25 30697 5 31180 8 31191 8 31200 16 31221 5 31704 8 31715 7 31724 16 31745 5 32228 7 32239 7 32248 17 32268 6 32752 6 32762 8 32773 25 33276 5 33285 9 33297 25 33801 2 33809 8 33821 25 34333 8 34345 25 34856 9 34869 25 35380 9 35392 26 35903 10 35916 26 36427 10 36440 26 36950 11 36965 25 37473 13 37489 25 37997 13 38013 26 38520 14 38537 26 39044 15 39061 26 39568 15 39586 25 40091 17 40110 25 40615 18 40635 24 41139 19 41159 10 41171 13 41662 20 41684 8 41695 13 42186 21 42210 4 42220 12 42710 21 42744 12 43233 22 43268 12 43758 21 43792 13 44282 22 44316 13 44815 13 44840 13 45340 12 45364 13 45864 12 45889 12 46389 11 46413 12 46914 10 46937 12 47438 11 47461 12 47954 2 47963 10 47985 13 48476 6 48488 9 48510 12 48998 9 49013 8 49034 12 49522 9 49538 8 49547 2 49558 12 50045 10 50063 12 50082 12 50569 10 50587 12 50607 11 51092 11 51112 12 51131 11 51616 11 51637 11 51655 11 52140 11 52163 10 52180 10 52664 11 52690 7 52704 10 53188 11 53214 8 53229 9 53712 11 53738 8 53755 7 54236 11 54262 8 54282 5 54760 12 54786 9 54807 4 55285 12 55310 9 55331 4 55813 9 55828 3 55834 10 55855 4 56337 10 56352 4 56358 10 56380 4 56861 11 56876 17 56904 4 57385 12 57399 18 57428 4 57909 12 57923 18 57952 4 58433 13 58447 18 58476 4 58957 32 59000 4 59481 32 59524 4 60006 32 60048 4 60530 32 60572 3 61055 31 61579 31 62104 30 62138 2 62628 30 62660 6 63153 29 63183 8 63678 37 64203 36 64728 36 65255 33 65780 32 66304 32 66827 34 67351 4 67357 28 67874 3 67881 28 68398 1 68405 27 68929 27 69453 27 69978 26 70502 27 70533 3 71026 26 71055 8 71550 26 71578 11 72073 26 72102 12 72596 26 72626 12 73118 28 73150 13 73640 30 73674 13 74163 30 74198 14 74686 31 74722 14 75209 31 75246 14 75732 32 75769 15 76256 32 76293 15 76779 33 76816 16 77303 53 77826 54 78349 55 78873 55 79396 20 79418 34 79920 19 79943 33 80443 20 80469 32 80967 19 80995 30 81026 3 81491 19 81521 33 82015 19 82045 33 82539 18 82569 33 83063 18 83093 28 83122 4 83587 17 83617 27 83646 4 84112 16 84141 27 84171 3 84636 16 84665 27 84695 3 85161 15 85179 3 85188 28 85219 3 85686 13 85702 4 85712 27 85743 3 86211 12 86225 6 86234 29 86267 3 86735 11 86749 6 86757 30 86791 4 87259 11 87272 39 87315 4 87783 10 87796 38 87839 4 88307 9 88320 24 88346 12 88364 3 88831 9 88843 25 88870 12 88888 3 89355 8 89367 24 89394 11 89412 3 89879 8 89890 24 89918 11 89936 3 90403 7 90414 24 90442 11 90461 2 90927 6 90938 23 90965 11 90985 1 91451 5 91461 23 91489 11 91974 6 91985 22 92014 10 92498 5 92508 23 92538 9 93021 6 93031 23 93062 8 93545 5 93553 24 93587 6 94069 5 94076 24 94112 3 94592 5 94600 23 95117 2 95123 24 95647 24 96170 25 96693 25 97216 26 97249 4 97739 27 97772 6 98263 15 98279 11 98295 8 98786 15 98803 11 98818 9 99309 14 99327 10 99341 11 99833 13 99851 10 99865 11 100356 13 100375 10 100388 12 100880 11 100899 10 100912 12 101403 12 101421 11 101436 13 101927 11 101943 13 101959 14 102451 11 102467 11 102483 14 102974 11 102990 8 103006 15 103498 11 103514 8 103530 15 104021 12 104038 8 104053 16 104545 11 104561 9 104577 15 105069 11 105084 10 105101 15 105593 10 105606 12 105625 15 106117 10 106129 13 106149 15 106641 9 106653 13 106674 13 107164 10 107176 14 107198 13 107688 9 107700 14 107722 13 108212 9 108223 15 108246 13 108735 9 108747 15 108770 14 109259 9 109270 16 109287 4 109294 17 109783 8 109794 43 110307 7 110317 44 110831 6 110841 44 111355 6 111364 45 111879 5 111888 25 111916 17 112404 3 112411 26 112442 14 112935 26 112968 11 113458 26 113493 7 113982 26 114505 27 115029 27 115553 10 115564 16 116077 9 116089 15 116600 10 116613 14 117124 9 117136 15 117648 9 117659 16 118172 8 118183 16 118696 6 118706 17 119220 5 119230 16 119745 2 119754 16 120278 16 120803 15 121327 14 121845 2 121851 14 122368 5 122374 14 122891 21 123414 21 123936 23 124460 23 124983 23 125506 24 126029 25 126553 24 127072 16 127089 12 127595 16 127613 8 127623 2 128118 17 128138 6 128146 4 128641 17 128662 12 129165 16 129185 13 129688 17 129709 13 130212 16 130232 14 130736 16 130756 13 131260 15 131279 14 131313 2 131783 15 131803 14 131835 6 132307 15 132326 15 132358 8 132831 15 132849 16 132881 9 133355 33 133404 10 133879 12 133892 20 133928 10 134402 12 134416 21 134451 12 134926 11 134940 21 134975 12 135450 11 135463 22 135498 13 135974 11 135986 24 136022 13 136497 11 136509 25 136545 13 137021 10 137032 27 137069 13 137545 9 137556 28 137592 14 138068 10 138080 17 138099 10 138116 14 138591 11 138604 16 138624 9 138639 15 139115 10 139127 16 139148 9 139163 15 139639 10 139651 15 139672 9 139686 16 140162 23 140196 9 140210 16 140686 23 140719 11 140734 16 141210 22 141243 12 141257 16 141734 22 141766 31 142258 22 142289 32 142781 23 142812 33 143305 23 143336 32 143829 23 143856 36 144353 23 144378 38 144877 63 145401 11 145413 50 145925 10 145938 49 146450 8 146462 49 146975 6 146986 48 147500 3 147511 47 148035 46 148559 45 149084 43 149608 33 149642 9 150132 32 150168 5 150657 31 150692 4 151181 10 151194 17 151216 3 151705 10 151720 15 151739 3 152230 8 152244 14 152262 4 152754 8 152768 14 152785 5 153278 8 153292 14 153308 6 153803 7 153815 10 153826 13 154328 7 154339 9 154350 13 154853 7 154863 8 154875 12 155378 6 155387 7 155399 12 155902 7 155911 6 155923 13 156427 7 156436 4 156447 13 156952 6 156971 14 157476 6 157496 13 158001 5 158020 13 158525 6 158544 13 159050 5 159067 14 159574 6 159587 19 160098 7 160110 20 160623 7 160633 22 161147 32 161671 32 162196 31 162720 31 163244 32 163768 32 164291 34 164327 1 164815 39 165339 40 165863 40 166387 16 166406 22 166911 15 166930 22 167434 15 167454 22 167958 15 167978 22 168482 3 168487 9 168503 21 169005 3 169011 9 169027 21 169529 3 169535 8 169551 22 170059 8 170075 22 170583 7 170600 21 171107 7 171125 4 171130 15 171630 8 171654 15 172154 8 172177 16 172678 8 172700 17 173202 10 173223 18 173726 11 173746 19 174251 4 174256 5 174269 20 174781 4 174793 19 175305 3 175316 20 175829 3 175840 20 176353 2 176363 21 176876 3 176887 20 177400 3 177410 21 177924 3 177934 21 178448 2 178457 21 178971 3 178981 20 179495 3 179505 19 180019 2 180028 19 180543 2 180552 14 181067 1 181075 14 181591 1 181599 14 182123 14
b83d1d77935b6cfd44105b54600ffc4b6bd82de57dec65571bcb117fa8398ba3,4973 2 5496 3 6020 4 6543 5 7068 3 7592 3 8117 1
b83d1d77935b6cfd44105b54600ffc4b6bd82de57dec65571bcb117fa8398ba3,119772 6 120295 8 120819 8 121343 9 121867 9 122391 9 122914 10 123438 10 123962 10 124487 9 125011 9 125535 9 126058 10 126582 10 127106 10 127630 10 128154 10 128678 10 129202 10 129726 9 130251 8 130775 8 131299 8 131823 7 132347 6 132872 5 133396 5 133921 3
b83d1d77935b6cfd44105b54600ffc4b6bd82de57dec65571bcb117fa8398ba3,179532 3 180054 6 180577 8 181097 13 181619 15 182143 15
b83d1d77935b6cfd44105b54600ffc4b6bd82de57dec65571bcb117fa8398ba3,8717 1 9241 2 9765 3 10289 4 10813 4 11337 4 11861 5 12385 5 12909 5 13433 6 13956 7 14480 7 15004 7 15528 7 16052 7 16576 7 17100 7 17615 16 18138 17 18662 17 19186 17 19710 17 20234 17 20758 17 21282 17 21806 17 22330 17 22854 17 23377 17 23901 17 24425 17 24949 17 25473 16 25996 17 26520 17 27044 16 27567 17 28091 16 28615 12 29139 11 29663 11 30187 11 30712 10 31236 10 31761 8 32285 8 32809 8 33333 8 33857 8 34382 6 34906 5 35431 4 35956 1
b83d1d77935b6cfd44105b54600ffc4b6bd82de57dec65571bcb117fa8398ba3,151760 2 152283 4 152806 6 152822 1 153330 6 153344 4 153854 7 153867 6 154377 10 154390 7 154901 20 155425 20 155949 20 156473 21 156997 21 157521 21 158045 21 158569 21 159093 21 159617 21 160142 20 160666 20 161191 19 161715 18 162239 18 162764 17 163288 17 163813 16 164338 15 164862 15 165387 14 165912 13 166436 12 166961 11 167485 10 168010 8 168534 7 169059 5 169585 2
b83d1d77935b6cfd44105b54600ffc4b6bd82de57dec65571bcb117fa8398ba3,49058 1 49581 3 50105 4 50628 5 51152 5 51676 5 52200 6 52723 7 53247 8 53771 8 54295 8 54819 8 54831 5 55344 7 55353 9 55867 20 56391 20 56915 7 56924 12 57439 7 57448 13 57964 6 57972 14 58488 6 58495 15 59012 6 59019 16 59536 5 59543 16 60060 5 60067 17 60585 4 60591 17 61109 4 61116 16 61634 3 61640 16 62158 2 62164 16 62689 16 63213 16 63737 16 64261 16 64786 16 65310 16 65834 16 66358 16 66883 15 67407 15 67931 15 68456 14 68981 13 69506 12 70031 11 70555 11 71080 9 71604 9 72128 9 72653 8 73177 8 73701 9 74226 8 74750 8 75274 8 75798 8 76322 9 76846 9 77370 9 77894 9 78418 9 78943 8 79467 8 79991 8 80516 6 81041 5 81565 5 82089 5 82614 3 83138 3 83662 2 84186 2
b83d1d77935b6cfd44105b54600ffc4b6bd82de57dec65571bcb117fa8398ba3,98850 3 99373 5 99897 5 100409 2 100420 7 100933 2 100944 7 101456 4 101467 8 101980 5 101991 8 102504 5 102515 9 103028 5 103038 10 103551 7 103562 10 104075 7 104086 10 104599 8 104610 10 105123 9 105133 11 105647 9 105657 11 106171 9 106181 11 106695 9 106705 11 107219 9 107229 12 107743 22 108267 22 108792 21 109316 8 109325 12 109840 7 109849 11 110365 6 110373 11 110889 6 110897 11 111413 6 111421 11 111937 5 111946 10 112462 4 112470 10 112994 9 113519 8 114043 8 114567 8 115092 7 115616 6 116141 4 116666 3
b83d1d77935b6cfd44105b54600ffc4b6bd82de57dec65571bcb117fa8398ba3,126617 2 127140 4 127663 6 128186 7 128710 8 129233 9 129756 10 130280 11 130803 12 131327 12 131850 13 132374 13 132898 13 133421 14 133945 14 134469 14 134994 13 135518 13 136042 13 136566 13 137090 13 137614 14 138138 14 138663 13 139187 13 139711 13 140235 13 140759 13 141284 12 141808 11 142332 11 142857 10 143383 7 143909 4
b83d1d77935b6cfd44105b54600ffc4b6bd82de57dec65571bcb117fa8398ba3,332 18 857 17 1381 16 1905 4 1911 10 2430 2 2436 8 2960 7 3485 6 4010 4
b83d1d77935b6cfd44105b54600ffc4b6bd82de57dec65571bcb117fa8398ba3,169607 5 170129 7 170651 10 171174 11 171697 12 172220 13 172743 14 173267 14 173790 15 174314 15 174838 15 175362 15 175885 16 176409 16 176933 16 177457 16 177981 16 178505 16 179029 16 179553 16 180078 15 180602 15 181126 14 181650 14 182174 14
b83d1d77935b6cfd44105b54600ffc4b6bd82de57dec65571bcb117fa8398ba3,113532 2 114055 4 114578 6 115102 6 115626 7 116150 8 116674 8 117198 9 117722 9 118246 9 118770 10 119294 10 119818 10 120342 10 120866 10 121390 10 121914 10 122438 10 122962 11 123486 11 124010 10 124534 10 125058 9 125582 9 126106 8 126630 8 127155 6 127679 6 128204 5 128728 5 129252 4 129776 4 130300 2
b83d1d77935b6cfd44105b54600ffc4b6bd82de57dec65571bcb117fa8398ba3,127716 5 128239 7 128763 8 129287 8 129811 9 130335 9 130859 9 131383 9 131906 10 132430 10 132954 10 133478 9 134002 9 134526 9 135050 9 135574 9 136098 8 136622 8 137146 8 137670 8 138194 8 138718 8 139234 4 139241 9 139755 18 140278 19 140802 19 141312 3 141325 20 141834 6 141848 20 142357 7 142372 19 142880 9 142895 20 143403 10 143419 18 143927 11 143942 18 144450 13 144466 16 144974 31 145498 31 146022 31 146546 30 147070 30 147594 30 148118 30 148642 30 149165 31 149689 30 150214 29 150738 28 151262 28 151787 27 152311 27 152835 26 153360 12 153373 12 153884 10 153898 10 154408 10 154423 8 154932 9 154949 4 155456 9 155980 8 156505 7 157029 7 157554 5 158078 4
b83d1d77935b6cfd44105b54600ffc4b6bd82de57dec65571bcb117fa8398ba3,33898 1 34422 1 34946 2 35470 2 35993 4 36512 9 37035 11 37558 12 38082 12 38605 13 39129 13 39652 14 40176 14 40700 14 41224 14 41748 14 42271 15 42795 16 43319 16 43843 16 44367 16 44891 15 45415 15 45939 15 46463 15 46986 16 47510 16 48034 16 48558 16 49082 16 49606 16 50130 15 50654 15 51178 15 51702 14 52227 13 52751 12 53275 12 53799 12 54323 12 54847 12 55371 12 55896 11 56420 10 56944 10 57469 9 57993 8 58517 8 59042 6 59567 4
b83d1d77935b6cfd44105b54600ffc4b6bd82de57dec65571bcb117fa8398ba3,104118 4 104641 6 105164 7 105687 9 106211 9 106734 10 107257 11 107780 12 108304 12 108827 13 109351 13 109875 13 110399 13 110923 14 111447 14 111971 14 112494 15 113018 15 113543 14 114067 14 114591 14 115115 14 115639 14 116163 13 116687 13 117211 12 117734 13 118258 9 118782 8 119306 8 119830 8 120355 7 120879 6 121404 4
b83d1d77935b6cfd44105b54600ffc4b6bd82de57dec65571bcb117fa8398ba3,365 4 889 4 1414 2
b83d1d77935b6cfd44105b54600ffc4b6bd82de57dec65571bcb117fa8398ba3,72154 3 72677 4 73201 5 73725 6 74249 6 74773 7 75298 6 75822 7 76346 7 76870 7 77394 8 77918 8 78443 7 78967 8 79491 8 80015 8 80539 9 81063 9 81587 9 82112 8 82636 7 83161 6 83686 5 84211 4 84735 4 85260 2
b83d1d77935b6cfd44105b54600ffc4b6bd82de57dec65571bcb117fa8398ba3,86839 4 87360 7 87883 8 88406 10 88930 10 89453 11 89977 12 90500 13 91024 13 91547 14 92071 14 92594 15 93118 15 93642 15 94166 14 94690 14 95214 14 95738 14 96262 13 96785 14 97309 13 97834 12 98358 11 98882 11 99406 10 99930 9 100454 9 100979 7 101503 7 102028 4
b83d1d77935b6cfd44105b54600ffc4b6bd82de57dec65571bcb117fa8398ba3,166481 2 167004 4 167528 4 168052 5 168576 5 169100 5 169625 4 170149 5 170673 5 171196 6 171720 6 172244 6 172768 6 173292 5 173817 4 174341 4 174865 4 175390 3 175914 3 176438 2 176962 2
b83d1d77935b6cfd44105b54600ffc4b6bd82de57dec65571bcb117fa8398ba3,377 20 411 10 901 20 934 11 1425 20 1449 5 1457 13 1949 20 1970 24 2472 46 2996 46 3520 46 4044 46 4568 46 5091 46 5615 45 6139 38 6180 1 6663 38 7187 20 7210 16 7711 20 7735 15 8235 19 8259 16 8759 18 8784 16 9283 18 9308 17 9807 17 9833 18 10331 17 10358 17 10855 16 10882 17 11379 15 11407 16 11903 14 11932 15 12427 12 12457 13 12951 11 12982 11 13476 9 13507 9 14000 8 14033 6 14524 8 14560 2 15048 8 15573 7 15609 3 16097 7 16119 2 16132 6 16621 8 16642 5 16656 7 17145 8 17165 7 17179 8 17669 9 17688 8 17703 9 18193 9 18212 9 18227 10 18717 9 18735 11 18751 10 19242 8 19259 11 19275 10 19766 8 19782 13 19798 11 20290 8 20305 15 20322 11 20813 9 20829 28 21337 9 21353 28 21861 9 21876 28 22385 10 22400 28 22909 10 22924 28 23434 8 23447 29 23958 8 23971 28 24482 8 24494 28 25006 8 25018 27 25531 7 25541 26 26055 29 26087 2 26579 29 27103 28 27627 28 28150 28 28674 28 29198 27 29722 26 30246 26 30770 25 31294 24 31818 12 31833 8 32342 12 32359 5 32373 5 32866 11 32884 2 32895 8 33390 11 33418 9 33914 11 33941 11 34438 12 34464 12 34962 12 34986 14 35486 12 35509 16 36009 12 36033 16 36531 14 36556 17 37054 16 37080 18 37578 17 37603 19 38101 19 38127 19 38625 21 38651 18 39149 22 39175 18 39673 22 39698 20 40197 23 40222 20 40721 44 41245 44 41769 44 42293 43 42818 42 43342 41 43866 41 44391 39 44915 39 45439 38 45964 36 46488 35 47012 6 47019 27 47537 4 47543 16 47560 8 48061 3 48068 14 48586 1 48593 13 49118 12 49643 11 50167 11 50691 11 51215 10 51739 10 52263 9 52787 9 53311 9 53835 9 54359 9 54883 9 55406 10 55930 10 56453 11 56977 11 57501 11 58024 12 58548 12 59072 11 59595 12 60119 12 60643 11 61167 11 61691 11 62215 11 62739 11 63263 10 63787 10 64311 9 64835 9 65359 9 65883 8 66407 8 66932 6 67456 6 67982 2
b83d1d77935b6cfd44105b54600ffc4b6bd82de57dec65571bcb117fa8398ba3,50194 3 50717 5 51239 7 51762 9 52286 9 52809 11 53332 13 53851 2 53855 14 54374 3 54379 14 54898 3 54902 16 55421 21 55945 22 56469 22 56993 23 57517 23 58041 3 58045 19 58570 18 59095 17 59619 17 60144 16 60668 16 61193 15 61717 15 62241 15 62765 15 63289 15 63813 14 64335 16 64858 16 65380 16 65903 17 66426 17 66949 18 67472 18 67996 18 68519 19 69042 20 69565 20 70089 11 70104 5 70613 10 70630 1 71137 10 71661 9 72185 7 72709 6 73235 1
b83d1d77935b6cfd44105b54600ffc4b6bd82de57dec65571bcb117fa8398ba3,72719 1 73241 4 73764 6 74288 6 74811 7 75335 7 75858 9 76382 9 76905 10 77429 11 77952 12 78476 11 78999 12 79523 12 80046 13 80570 12 81094 12 81618 11 82141 12 82665 12 83189 12 83713 12 84237 12 84761 12 85285 12 85809 12 86333 12 86857 12 87382 10 87906 10 88430 9 88955 8 89479 7 90005 3
b83d1d77935b6cfd44105b54600ffc4b6bd82de57dec65571bcb117fa8398ba3,130885 1 131407 5 131930 6 132453 7 132976 8 133499 9 134022 9 134545 10 135068 11 135591 12 136115 11 136639 10 137162 11 137686 10 138210 9 138734 8 139259 6 139784 3
b83d1d77935b6cfd44105b54600ffc4b6bd82de57dec65571bcb117fa8398ba3,143458 1 143981 3 144504 4 145028 5 145551 6 146075 6 146598 7 147122 7 147646 6 148170 6 148694 6 149218 6 149742 6 150266 6 150790 6 151314 6 151838 6 152362 6 152886 6 153410 6 153934 6 154459 6 154983 6 155508 5 156032 5 156557 3
b83d1d77935b6cfd44105b54600ffc4b6bd82de57dec65571bcb117fa8398ba3,157086 6 157609 8 158133 9 158657 10 159181 10 159706 9 160230 9 160754 9 161278 10 161802 10 162326 10 162849 11 163373 12 163897 12 164421 12 164945 12 165469 12 165993 12 166517 11 167041 11 167565 10 168089 10 168613 10 169137 9 169661 8 170184 8 170708 8 171232 8 171756 7 172280 6 172804 5 173329 3 173853 2
b83d1d77935b6cfd44105b54600ffc4b6bd82de57dec65571bcb117fa8398ba3,95788 5 96311 7 96834 9 97357 10 97881 11 98404 12 98928 12 99451 13 99975 13 100499 13 101022 14 101546 14 102070 13 102594 13 103118 12 103641 13 104165 13 104689 12 105213 11 105737 11 106262 9 106786 9 107311 7 107835 6
b83d1d77935b6cfd44105b54600ffc4b6bd82de57dec65571bcb117fa8398ba3,131417 1 131941 2 132465 3 132989 3 133513 3 134037 3 134561 3 135085 3 135609 3 136132 4 136656 4 137180 3 137704 3 138228 2 138752 2
b83d1d77935b6cfd44105b54600ffc4b6bd82de57dec65571bcb117fa8398ba3,20339 3 20861 7 21384 9 21907 11 22431 12 22954 13 23477 14 24001 14 24524 15 25048 15 25572 16 26096 16 26620 16 27144 16 27668 15 28192 15 28716 15 29240 14 29764 14 30288 13 30813 12 31337 12 31861 11 32386 10 32911 9 33436 8 33960 8 34483 10 35007 10 35530 11 36054 12 36577 13 37101 13 37625 13 38148 14 38672 14 39196 14 39720 14 40244 14 40767 15 41291 14 41815 14 42339 13 42863 12 43387 12 43912 11 44436 10 44960 10 45484 9 46008 9 46533 7 47058 4
b83d1d77935b6cfd44105b54600ffc4b6bd82de57dec65571bcb117fa8398ba3,63839 1 64360 6 64883 7 65406 9 65929 10 66452 11 66975 13 67498 14 68021 15 68545 16 69068 17 69591 18 70115 18 70640 18 71164 18 71688 18 72212 18 72736 18 73260 18 73784 17 74307 18 74831 18 75356 16 75881 14 76405 13 76929 11 77453 9 77977 8 78502 6 79028 2
b83d1d77935b6cfd44105b54600ffc4b6bd82de57dec65571bcb117fa8398ba3,129858 1 130382 2 130905 3 130913 2 131429 3 131436 4 131953 4 131959 5 132476 12 133000 13 133524 13 134048 13 134571 14 135095 15 135619 15 136143 15 136667 15 137191 16 137716 15 138240 15 138764 15 139288 15 139813 14 140337 14 140862 13 141388 11 141913 10 142437 10 142961 10 143485 10 144009 10 144533 10 145057 10 145581 10 146105 10 146630 8 147155 7 147680 4
b83d1d77935b6cfd44105b54600ffc4b6bd82de57dec65571bcb117fa8398ba3,170729 1 171252 3 171776 3 172300 3 172825 2 173348 3 173872 3 174396 3 174920 3 175445 1
b83d1d77935b6cfd44105b54600ffc4b6bd82de57dec65571bcb117fa8398ba3,8293 2 8815 8 9339 10 9862 12 10386 13 10909 14 11433 14 11957 14 12481 14 13005 13 13529 13 14053 12 14577 12 15101 12 15625 11 16149 11 16674 10 17198 9 17723 8 18247 7 18772 6 19297 3
b83d1d77935b6cfd44105b54600ffc4b6bd82de57dec65571bcb117fa8398ba3,37124 2 37646 6 38168 10 38691 11 39214 13 39737 17 40261 20 40784 22 41308 23 41831 25 42355 26 42879 26 43402 28 43926 28 44449 29 44973 29 45497 30 46021 30 46545 30 47069 30 47593 29 48117 29 48641 29 49166 28 49690 10 49702 15 50215 8 50226 15 50739 7 50750 14 51264 5 51274 13 51799 11 52323 10 52847 7 53370 5 53893 4 54411 11 54934 12 55458 13 55982 13 56506 13 57030 14 57554 14 58078 14 58602 14 59126 14 59651 12 60175 12 60699 12 61224 11 61748 11 62273 10 62798 9 63322 9 63847 7 64371 7 64897 3
b83d1d77935b6cfd44105b54600ffc4b6bd82de57dec65571bcb117fa8398ba3,19888 2 20353 4 20412 6 20877 5 20935 8 21400 7 21459 8 21924 8 21983 9 22448 8 22507 9 22972 9 22990 6 23031 9 23496 9 23512 9 23555 9 24020 9 24035 10 24056 2 24079 9 24543 11 24558 12 24578 6 24603 10 25067 11 25081 13 25101 7 25127 10 25591 11 25604 14 25624 9 25651 10 26115 11 26127 15 26147 10 26175 10 26639 27 26671 10 26699 10 27162 28 27194 11 27223 10 27686 28 27717 12 27746 11 28210 28 28240 13 28270 11 28734 43 28794 10 29257 44 29317 11 29781 44 29841 11 30305 10 30316 33 30358 2 30365 10 30829 9 30840 33 30877 10 30888 11 31353 8 31364 33 31401 21 31878 5 31888 33 31924 21 32402 4 32412 12 32427 18 32448 21 32936 10 32952 17 32972 20 33461 7 33476 16 33496 20 33986 5 34001 15 34019 19 34525 15 34543 18 35050 14 35066 19 35575 13 35589 19 36099 33 36624 32 37149 31 37673 10 37685 19 38198 8 38209 18 38722 8 38733 18 39247 6 39257 17 39772 3 39781 17 40305 16 40830 14 41354 12 41879 8 42404 4
b83d1d77935b6cfd44105b54600ffc4b6bd82de57dec65571bcb117fa8398ba3,100005 3 100528 5 101051 6 101575 6 102098 6 102621 7 103144 8 103668 7 104191 8 104715 7 105239 7 105763 7 106287 7 106810 8 107334 8 107858 8 108382 9 108906 9 109430 9 109955 8 110479 8 111003 7 111527 6 112051 6 112576 4 113101 1
b83d1d77935b6cfd44105b54600ffc4b6bd82de57dec65571bcb117fa8398ba3,177039 5 177561 8 178084 9 178607 10 179130 11 179653 12 180177 12 180700 13 181224 14 181748 14 182272 14
b83d1d77935b6cfd44105b54600ffc4b6bd82de57dec65571bcb117fa8398ba3,116267 3 116789 6 117312 8 117835 10 118358 11 118881 13 119405 13 119928 14 120452 14 120976 14 121500 14 122024 14 122548 14 123072 14 123596 14 124119 15 124643 15 125167 15 125691 15 126215 15 126739 15 127263 15 127787 15 128311 14 128834 15 129357 15 129880 15 130404 14 130928 13 131452 7 131976 7 132500 7 133024 7 133548 7 134072 7 134596 8 135119 9 135643 9 136167 9 136691 9 137214 10 137738 10 138262 10 138786 10 139310 10 139833 11 140357 11 140881 11 141405 11 141929 10 142453 10 142977 9 143502 8 144026 8 144550 7 145074 7 145599 4
b83d1d77935b6cfd44105b54600ffc4b6bd82de57dec65571bcb117fa8398ba3,4132 3 4653 9 5175 12 5699 13 6222 14 6742 19 7265 20 7789 20 8312 20 8836 19 9360 16 9884 14 10409 12 10934 11 11459 9 11984 7
b83d1d77935b6cfd44105b54600ffc4b6bd82de57dec65571bcb117fa8398ba3,148751 1 149274 3 149798 3 150321 4 150845 4 151369 4 151893 4 152417 4 152941 4 153465 4 153988 5 154512 5 155036 4 155560 4 156084 4 156607 5 157131 4 157655 4 158178 4 158702 4 159225 4 159749 3 160273 2 160797 1
b83d1d77935b6cfd44105b54600ffc4b6bd82de57dec65571bcb117fa8398ba3,168666 6 169189 9 169712 11 170236 12 170759 13 171283 13 171807 13 172331 12 172855 12 173379 11 173904 9 174428 7 174954 2
b83d1d77935b6cfd44105b54600ffc4b6bd82de57dec65571bcb117fa8398ba3,80116 2 80639 4 81162 6 81685 7 82209 7 82732 8 83256 8 83780 9 84305 8 84829 7 85353 7 85877 7 86401 7 86925 7 87449 7 87974 6 88498 6 89023 4 89548 2
b83d1d77935b6cfd44105b54600ffc4b6bd82de57dec65571bcb117fa8398ba3,41344 1 41867 3 42391 3 42914 4 43437 5 43960 6 44484 6 45008 6 45531 7 46055 7 46579 7 47104 6 47627 6 48151 6 48675 6 49198 7 49722 7 50246 7 50770 6 51293 7 51817 6 52341 6 52865 6 53389 6 53914 4
b83d1d77935b6cfd44105b54600ffc4b6bd82de57dec65571bcb117fa8398ba3,497 22 1021 22 1545 22 2069 22 2593 23 3117 23 3640 24 4164 24 4688 24 5212 24 5737 22 6261 22 6786 21 7311 19 7835 19 8358 19 8880 20 9403 21 9926 22 10449 22 10973 22 11496 22 12007 6 12019 22 12529 10 12542 23 13052 12 13066 26 13575 31 13611 7 14096 33 14134 9 14618 35 14656 11 15141 50 15665 49 16188 26 16215 23 16711 21 16740 21 17234 21 17265 6 17272 11 17758 20 17790 3 17797 8 18282 20 18323 4 18807 18 19332 17 19857 15 20383 13 20908 11 21434 8 21960 5
b83d1d77935b6cfd44105b54600ffc4b6bd82de57dec65571bcb117fa8398ba3,56015 4 56538 6 57061 7 57584 9 58107 10 58631 10 59154 11 59678 10 60202 10 60726 10 61250 10 61774 10 62298 10 62823 10 63347 10 63871 10 64395 10 64919 10 65444 9 65968 9 66493 8 67017 8 67542 7 68067 5 68592 4
b83d1d77935b6cfd44105b54600ffc4b6bd82de57dec65571bcb117fa8398ba3,101603 1 102126 3 102649 4 103172 5 103695 6 104219 6 104743 6 105267 6 105791 6 106315 6 106839 6 107363 6 107889 4
b83d1d77935b6cfd44105b54600ffc4b6bd82de57dec65571bcb117fa8398ba3,182303 1
b83d1d77935b6cfd44105b54600ffc4b6bd82de57dec65571bcb117fa8398ba3,145106 4 145629 6 146152 7 146676 8 147199 9 147723 9 148247 9 148771 9 149295 9 149819 9 150343 9 150867 9 151390 10 151914 10 152438 10 152962 10 153486 9 154011 8 154535 8 155059 8 155583 8 156107 7 156631 7 157156 5 157680 5 158204 4 158728 4 159253 2
b83d1d77935b6cfd44105b54600ffc4b6bd82de57dec65571bcb117fa8398ba3,114717 4 115241 5 115764 7 116288 7 116812 8 117336 8 117859 9 118383 9 118907 9 119431 9 119954 10 120477 11 121001 11 121525 11 122049 11 122573 11 123097 11 123621 11 124145 10 124669 10 125193 10 125717 10 126241 10 126765 10 127289 10 127813 10 128337 9 128861 9 129385 9 129909 9 130433 8 130957 8 131481 7 132005 6 132530 4
b83d1d77935b6cfd44105b54600ffc4b6bd82de57dec65571bcb117fa8398ba3,58123 1
b83d1d77935b6cfd44105b54600ffc4b6bd82de57dec65571bcb117fa8398ba3,76994 3 77517 4 78040 5 78564 5 79087 6 79611 6 80135 6 80659 7 81182 8 81706 8 82230 8 82754 8 83278 8 83802 8 84326 8 84850 8 85375 7 85899 7 86423 7 86947 6 87472 5 87996 5 88520 4 89045 2
b83d1d77935b6cfd44105b54600ffc4b6bd82de57dec65571bcb117fa8398ba3,179175 1 179698 3 180221 4 180744 5 181268 5 181792 5 182316 5
b83d1d77935b6cfd44105b54600ffc4b6bd82de57dec65571bcb117fa8398ba3,62332 3 62856 4 63380 5 63903 8 64427 9 64951 9 65475 9 65999 10 66523 10 67047 10 67571 10 68095 10 68619 10 69143 10 69667 9 70191 9 70715 9 71238 10 71762 9 72286 9 72810 9 73333 9 73857 9 74380 9 74903 9 75427 9 75951 8 76475 6
b83d1d77935b6cfd44105b54600ffc4b6bd82de57dec65571bcb117fa8398ba3,45570 6 45587 2 46093 8 46110 3 46615 10 46634 3 47139 10 47158 3 47662 12 47681 4 48186 12 48205 4 48709 14 48729 4 49232 15 49253 4 49755 16 49776 5 50279 16 50300 5 50802 17 50824 5 51326 17 51348 5 51851 16 51872 5 52375 16 52395 6 52900 16 52918 7 53425 15 53441 8 53950 14 53965 8 54475 22 55000 21 55524 10 55537 8 56049 8 56061 8 56573 8 56585 8 57098 6 57109 8 57623 4 57634 7 58158 7 58682 7 59206 7 59730 7 60254 6 60778 5 61303 1
b83d1d77935b6cfd44105b54600ffc4b6bd82de57dec65571bcb117fa8398ba3,108976 3 108992 1 109499 6 109515 2 110022 7 110038 3 110546 8 110562 3 111069 9 111086 3 111593 10 111610 3 112116 12 112134 3 112640 13 112658 3 113164 14 113182 3 113688 14 113706 3 114211 16 114229 4 114735 16 114753 4 115259 16 115277 4 115783 22 116306 23 116831 22 117355 22 117879 22 118403 22 118927 22 119452 21 119976 21 120500 21 121024 21 121548 21 122073 20 122597 20 123122 19 123648 17 124173 16 124698 15 125223 7 125234 3 125750 2
b83d1d77935b6cfd44105b54600ffc4b6bd82de57dec65571bcb117fa8398ba3,31432 5 31955 6 32477 9 33000 10 33523 11 34046 11 34570 11 35093 12 35617 12 36140 13 36664 13 37188 13 37711 14 38235 13 38759 13 39283 13 39807 12 40331 12 40855 12 41380 11 41905 9 42430 7 42955 5
b83d1d77935b6cfd44105b54600ffc4b6bd82de57dec65571bcb117fa8398ba3,78065 2 78589 3 79112 4 79636 4 80159 5 80683 5 81207 5 81731 5 82255 5 82778 6 83302 6 83826 6 84350 6 84874 6 85398 6 85921 7 86445 7 86969 7 87493 7 88016 7 88540 7 89064 7 89588 6 90112 6 90638 3
b83d1d77935b6cfd44105b54600ffc4b6bd82de57dec65571bcb117fa8398ba3,156671 4 157194 7 157718 7 158241 8 158765 8 159288 9 159812 9 160336 9 160859 10 161383 10 161907 10 162431 10 162955 10 163479 10 164003 10 164526 11 165050 11 165573 12 166097 12 166621 12 167145 12 167669 12 168193 12 168717 12 169241 12 169765 12 170289 12 170813 12 171337 12 171861 12 172386 11 172910 11 173435 10 173959 9 174483 8 175008 6 175533 3
b83d1d77935b6cfd44105b54600ffc4b6bd82de57dec65571bcb117fa8398ba3,523 2 1047 2 1571 2 2094 3 2618 3 3142 3 3665 4 4189 4 4713 4 5238 3 5762 3 6287 2 6812 1
b83d1d77935b6cfd44105b54600ffc4b6bd82de57dec65571bcb117fa8398ba3,142528 1 143051 2 143575 2 144098 3 144622 3 145146 3 145670 3 146194 3 146718 3 147243 2 147767 2
bdc789019cee8ddfae20d5f769299993b4b330b2d38d1218646cf89e77fbbd4d,77481 6 78001 10 78521 13 79041 16 79561 18 80081 20 80601 21 81121 22 81641 23 82161 24 82681 25 83201 26 83721 28 84241 29 84761 30 85281 32 85801 34 86321 35 86841 36 87361 37 87881 38 88401 38 88921 39 89441 39 89961 40 90481 40 91001 40 91521 40 91580 6 92041 41 92097 12 92561 42 92615 16 93081 46 93132 21 93601 73 94121 74 94641 75 95161 76 95256 8 95681 77 95774 12 96201 78 96291 17 96721 79 96807 23 97241 110 97761 111 98281 112 98801 31 98837 77 99321 29 99357 78 99841 25 99878 77 100365 17 100399 77 100889 9 100920 77 101441 76 101962 76 102483 75 103004 75 103525 74 104046 74 104567 73 105088 72 105610 70 106132 68 106654 66 107176 64 107697 62 108219 60 108741 57 109263 55 109785 52 110307 49 110829 46 111351 43 111873 40 112395 36 112918 31 113444 22 113973 3
bdc789019cee8ddfae20d5f769299993b4b330b2d38d1218646cf89e77fbbd4d,115441 2 115961 4 116481 6 117001 8 117521 10 118041 12 118561 14 119081 15 119601 17 120121 18 120641 20 121161 21 121681 22 122201 23 122721 24 123241 25 123761 25 124281 26 124801 26 125321 27 125841 27 126361 27 126881 27 127401 27 127921 26 128441 26 128961 26 129481 26 130001 25 130521 25 131041 24 131567 16
bdc789019cee8ddfae20d5f769299993b4b330b2d38d1218646cf89e77fbbd4d,291206 5 291725 7 292244 9 292763 11 293283 11 293803 11 294323 11 294842 12 295362 13 295881 14 296401 15 296921 15 297441 15 297961 15 298481 16 299001 15 299521 15 300041 15 300561 14 301081 14 301601 14 302121 14 302641 14 303161 14 303681 14 304201 14 304721 14 305241 14 305761 15 306281 15 306801 14 307321 14 307841 15 308361 14 308881 14 309401 14 309921 14 310441 14 310961 13 311481 13 312001 13 312521 12 313041 12 313561 12 314081 11 314601 10 315121 10 315641 9 316161 8 316681 7 317201 6 317721 4 318241 3
bdc789019cee8ddfae20d5f769299993b4b330b2d38d1218646cf89e77fbbd4d,180988 10 181505 16 182023 20 182542 23 183061 26 183580 29 184099 32 184619 33 185138 35 185657 37 186176 39 186696 40 187215 41 187735 42 188254 43 188774 44 189294 44 189814 45 190333 46 190853 46 191373 47 191892 48 192412 48 192932 48 193452 49 193972 49 194492 49 195012 50 195532 50 196052 50 196572 50 197092 50 197612 50 198132 50 198653 49 199173 49 199693 49 200213 49 200734 48 201254 47 201774 47 202294 46 202814 45 203334 45 203854 44 204374 44 204894 43 205414 43 205935 41 206455 40 206975 40 207496 38 208016 37 208536 36 209057 34 209578 32 210099 30 210620 28 211141 26 211663 23 212184 20 212706 17 213229 11 213753 4
bdc789019cee8ddfae20d5f769299993b4b330b2d38d1218646cf89e77fbbd4d,135321 13 135834 24 136353 28 136868 35 137386 40 137905 43 138425 45 138944 49 139464 51 139984 53 140505 53 141025 54 141545 55 142065 56 142585 57 143106 57 143626 57 144148 55 144670 54 145193 51 145717 48 146240 44 146761 43 147281 42 147802 41 148322 41 148843 39 149365 36 149886 34 150408 31 150930 29 151453 24 151976 20 152503 11
bdc789019cee8ddfae20d5f769299993b4b330b2d38d1218646cf89e77fbbd4d,335017 2 335536 9 336056 11 336575 13 337090 19 337608 21 338124 25 338643 27 339162 29 339681 31 340201 31 340720 32 341238 34 341757 35 342276 36 342795 37 343314 38 343833 39 344352 40 344872 39 345392 38 345911 39 346431 39 346950 40 347470 40 347990 40 348510 40 349029 41 349549 41 350069 41 350589 41 351108 42 351628 42 352148 41 352668 41 353189 39 353710 38 354231 36 354752 35 355273 34 355793 34 356313 34 356834 33 357354 33 357874 33 358395 39 358915 40 359435 40 359956 38 360477 37 360997 36 361517 36
bdc789019cee8ddfae20d5f769299993b4b330b2d38d1218646cf89e77fbbd4d,261158 2 261163 2 261675 12 262195 14 262715 15 263234 17 263754 17 264274 18 264793 19 265313 20 265833 21 266352 23 266871 30 267391 34 267910 38 268430 40 268950 42 269471 43 269991 44 270511 45 271031 46 271552 46 272072 47 272593 46 273113 46 273634 45 274153 46 274672 47 275192 47 275712 48 276232 51 276752 51 277273 50 277793 50 278314 49 278834 49 279354 48 279875 47 280395 48 280916 48 281437 47 281957 47 282478 44 282999 42 283520 41 284041 39 284562 38 285084 36 285605 34 286126 32 286647 25 286673 5 287168 23 287690 21 288212 18 288737 11 289260 3
bdc789019cee8ddfae20d5f769299993b4b330b2d38d1218646cf89e77fbbd4d,258034 1 258554 1
bdc789019cee8ddfae20d5f769299993b4b330b2d38d1218646cf89e77fbbd4d,205578 4 206094 12 206612 16 207131 20 207650 23 208169 25 208688 28 209208 32 209727 37 210247 39 210767 41 211287 42 211807 43 212327 45 212847 48 213367 48 213887 48 214407 49 214928 50 215449 50 215970 49 216489 50 217010 50 217530 50 218051 49 218573 46 219094 46 219616 43 220136 42 220656 41 221176 42 221696 42 222220 39 222742 35 223263 33 223784 31 224308 27 224830 11 224842 12 225351 3 225364 10 225872 1 225884 2
bdc789019cee8ddfae20d5f769299993b4b330b2d38d1218646cf89e77fbbd4d,69361 8 69880 12 70399 15 70918 19 71438 20 71957 22 72476 23 72994 26 73512 29 74031 31 74550 33 75069 35 75587 38 76106 39 76624 42 77142 45 77661 47 78180 48 78700 49 79220 49 79740 49 80260 50 80780 50 81300 51 81820 51 82341 50 82861 51 83382 50 83902 50 84423 49 84943 49 85464 49 85984 49 86505 48 87025 47 87546 46 88066 46 88587 45 89108 44 89628 44 90149 42 90670 41 91191 39 91711 38 92232 36 92753 34 93274 33 93795 32 94315 32 94836 30 95357 29 95878 28 96399 26 96920 24 97442 22 97963 20 98486 16 99009 11
bdc789019cee8ddfae20d5f769299993b4b330b2d38d1218646cf89e77fbbd4d,327821 10 328337 18 328855 23 329373 26 329892 29 330411 31 330930 34 331449 36 331968 39 332487 41 333007 42 333526 44 334046 45 334566 46 335086 47 335606 48 336126 48 336646 49 337166 50 337686 51 338206 51 338727 51 339247 52 339768 52 340288 52 340809 52 341330 51 341851 51 342372 51 342893 50 343414 50 343936 48 344457 47 344978 46 345500 44 346021 44 346543 41 347065 39 347587 37 348109 35 348632 31 349154 29 349676 26 350198 23 350722 18 351249 7
bdc789019cee8ddfae20d5f769299993b4b330b2d38d1218646cf89e77fbbd4d,283634 6 284152 12 284670 16 285189 18 285708 21 286227 23 286745 26 287264 27 287783 29 288302 31 288822 31 289341 33 289861 33 290381 34 290901 34 291421 35 291941 35 292461 35 292981 36 293502 35 294022 35 294543 34 295064 33 295586 31 296107 30 296628 29 297149 28 297669 27 298190 26 298710 25 299230 25 299750 24 300271 22 300791 21 301312 18 301833 16 302355 12 302878 7
bdc789019cee8ddfae20d5f769299993b4b330b2d38d1218646cf89e77fbbd4d,195258 7 195267 1 195776 14 196295 18 196814 22 197332 25 197851 26 198370 28 198889 29 199409 30 199928 31 200447 32 200967 32 201486 33 202006 34 202525 35 203045 35 203566 34 204086 34 204606 35 205126 33 205647 31 206167 30 206688 29 207208 28 207728 27 208248 26 208768 25 209288 24 209809 22 210329 20 210850 18 211370 17 211890 15 212410 12 212929 12 213449 12 213968 14 214489 14 215009 15 215529 17 216049 22 216569 24 217089 26 217610 26 218131 26 218652 26 219172 26 219693 26 220214 26 220734 26 221255 26 221778 23 222299 22 222820 21 223340 21 223860 19 224380 18 224901 16 225422 15 225944 2 225948 9 226469 7 226990 3 226994 2
bdc789019cee8ddfae20d5f769299993b4b330b2d38d1218646cf89e77fbbd4d,302401 4 302918 11 303436 15 303955 17 304460 5 304473 20 304977 37 305495 39 306014 41 306534 42 307054 42 307574 42 308093 43 308613 43 309133 44 309653 44 310174 43 310694 42 311214 42 311735 41 312256 40 312777 38 313297 38 313817 37 314337 36 314857 35 315377 34 315898 30 316418 27 316938 26 317459 24 317980 22 318501 21 319022 18 319543 16 320064 13 320586 9
bdc789019cee8ddfae20d5f769299993b4b330b2d38d1218646cf89e77fbbd4d,317504 4 318021 13 318539 18 319057 22 319575 25 320093 29 320611 32 321130 34 321649 36 322168 37 322687 39 323206 41 323725 42 324244 43 324763 45 325283 45 325802 46 326322 46 326842 46 327362 46 327882 45 328402 45 328922 45 329443 43 329963 43 330484 42 331004 41 331525 40 332045 40 332566 40 333087 39 333607 39 334128 37 334649 36 335169 36 335690 35 336211 33 336732 31 337253 29 337775 26 338297 23 338819 19 339344 11
bdc789019cee8ddfae20d5f769299993b4b330b2d38d1218646cf89e77fbbd4d,81444 4 81964 6 82483 8 83002 10 83521 12 84040 14 84560 14 85080 15 85600 15 86120 15 86640 16 87160 16 87680 16 88201 15 88722 14 89242 14 89763 14 90283 14 90803 15 91324 15 91844 16 92364 17 92883 19 93403 21 93429 2 93923 32 94443 34 94963 35 95482 37 96002 37 96523 37 97043 37 97563 37 98083 37 98603 38 99123 38 99643 38 100164 37 100685 35 101205 34 101725 33 102245 33 102765 33 103285 33 103805 32 104325 31 104845 28 105366 27 105887 27 106407 27 106927 28 107447 27 107968 6 107978 16 108488 5 108499 13 109009 2 109022 10 109542 8 110062 6 110582 5 111103 4 111623 3
bdc789019cee8ddfae20d5f769299993b4b330b2d38d1218646cf89e77fbbd4d,45594 1 46113 6 46633 8 47152 11 47670 13 48189 15 48708 16 49227 17 49746 19 50264 21 50783 23 51301 25 51819 27 52338 29 52858 29 53378 30 53897 32 54416 34 54935 36 55455 37 55975 38 56494 40 57014 40 57534 41 58054 42 58573 43 59092 45 59611 47 60132 47 60657 42 61178 42 61700 40 62220 17 62238 22 62746 8 62760 20 63283 17 63805 15 64326 14 64846 14 65366 14 65886 14 66406 14 66926 14 67446 14 67967 14 68486 16 69006 15 69525 15 70045 15 70565 14 71085 11 71097 1 71605 10 72125 10 72645 10 73164 13 73684 13 74204 13 74724 13 75244 13 75764 13 76283 14 76803 14 77323 14 77843 14 78364 4 78372 5 78892 4 79413 2
bdc789019cee8ddfae20d5f769299993b4b330b2d38d1218646cf89e77fbbd4d,113177 2 113697 2
bdc789019cee8ddfae20d5f769299993b4b330b2d38d1218646cf89e77fbbd4d,291051 4 291569 7 292087 9 292605 11 293124 13 293643 14 294144 3 294162 15 294662 8 294681 16 295181 12 295200 18 295701 15 295719 19 296220 38 296740 38 297260 37 297780 37 298300 37 298820 38 299340 39 299860 40 300381 39 300901 40 301421 40 301941 40 302462 39 302982 40 303502 40 304022 40 304543 39 305063 40 305583 40 306104 39 306625 38 307145 38 307666 37 308186 37 308707 36 309228 34 309749 33 310270 32 310790 31 311311 30 311832 28 312354 26 312876 23 313398 21 313919 19 314439 19 314959 18 315479 18 315999 18 316520 16 317040 16 317561 15 318081 15 318602 14 319123 11 319650 3
bdc789019cee8ddfae20d5f769299993b4b330b2d38d1218646cf89e77fbbd4d,238533 2 239050 9 239569 11 240088 13 240606 17 241125 19 241644 21 242164 21 242684 22 243204 22 243724 23 244243 25 244763 25 245283 31 245803 32 246323 32 246843 33 247363 33 247883 34 248404 33 248924 33 249444 33 249964 32 250484 32 251004 33 251524 33 252044 32 252564 32 253084 32 253604 31 254124 31 254645 29 255165 29 255685 28 256205 28 256725 27 257246 26 257766 25 258286 25 258807 23 259327 23 259848 21 260368 20 260888 19 261409 17 261929 17 262450 15 262970 15 263490 15 264011 13 264532 11 265053 10 265573 8 266094 5 266615 4 267135 2
bdc789019cee8ddfae20d5f769299993b4b330b2d38d1218646cf89e77fbbd4d,283325 7 283842 11 284361 13 284880 15 285399 16 285918 18 286437 19 286954 23 287473 24 287993 24 288513 25 289032 26 289552 26 290071 27 290591 27 291110 28 291629 29 292148 30 292667 31 293186 32 293705 33 294225 33 294744 33 295264 33 295784 32 296304 32 296824 32 297343 33 297863 33 298383 33 298903 33 299423 33 299943 33 300462 34 300982 34 301502 34 302022 33 302542 33 303062 33 303582 33 304102 33 304622 33 305142 33 305662 33 306182 33 306703 32 307223 31 307744 29 308264 28 308784 27 309304 26 309825 25 310345 24 310865 24 311386 23 311906 22 312427 20 312948 19 313471 11 313483 3 313991 7 314512 5
bdc789019cee8ddfae20d5f769299993b4b330b2d38d1218646cf89e77fbbd4d,244338 4 244849 16 245368 20 245887 26 246407 28 246926 30 247444 33 247964 34 248483 35 249002 37 249521 39 250040 40 250559 42 251079 42 251599 43 252118 44 252638 44 253158 44 253678 44 254197 45 254717 45 255237 45 255757 45 256277 45 256797 45 257317 44 257838 43 258358 43 258878 43 259398 43 259918 42 260439 41 260960 39 261482 37 262008 30 262531 27 263052 25 263573 23 264094 22 264614 22 265135 20 265656 19 266176 18 266697 17 267218 15 267739 13 268260 10 268783 4
bdc789019cee8ddfae20d5f769299993b4b330b2d38d1218646cf89e77fbbd4d,223066 5 223582 12 224100 17 224619 19 225138 22 225657 24 226177 24 226696 25 227215 26 227735 26 228254 27 228774 27 229293 28 229813 28 230333 28 230852 29 231372 29 231892 29 232412 29 232931 30 233451 30 233971 30 234491 30 235011 30 235530 31 236050 31 236570 31 237090 31 237609 32 238129 32 238649 32 239169 32 239689 32 240209 32 240729 32 241249 32 241769 32 242289 32 242809 32 243328 33 243848 33 244368 33 244888 33 245408 33 245928 33 246449 32 246969 32 247489 32 248009 32 248529 32 249050 31 249570 31 250090 31 250611 30 251131 30 251652 29 252172 29 252693 28 253214 27 253734 27 254255 26 254776 25 255297 22 255818 20 256339 18 256860 16 257382 12 257904 6 258426 2
c8e79ff4ac55f4b772057de28e539727b7f4f2a3de73bf7a082a0ace86d609eb,4193 1 4717 1 5241 1 5765 1
c8e79ff4ac55f4b772057de28e539727b7f4f2a3de73bf7a082a0ace86d609eb,56069 3 56593 4 57117 6 57641 7 58165 8 58689 8 59213 9 59737 9 60261 9 60785 9 61309 8 61833 7 62357 6 62881 5 63405 3
c8e79ff4ac55f4b772057de28e539727b7f4f2a3de73bf7a082a0ace86d609eb,66553 2 67073 10 67597 12 68121 13 68645 14 69169 15 69693 15 70217 16 70741 16 71265 16 71789 16 72313 15 72837 15 73361 14 73887 11 74413 8 74940 4
c8e79ff4ac55f4b772057de28e539727b7f4f2a3de73bf7a082a0ace86d609eb,80178 7 80700 10 80714 3 81222 20 81745 22 82269 25 82793 28 83317 31 83841 32 84365 34 84401 2 84889 42 85413 41 85937 41 86461 41 86985 41 87509 41 88033 20 88055 19 88557 20 88579 19 89081 20 89104 17 89608 17 89628 16 90133 16 90153 14 90659 13 90679 9 91185 10 91206 3 91711 7
c8e79ff4ac55f4b772057de28e539727b7f4f2a3de73bf7a082a0ace86d609eb,145149 1 145673 2 146197 3 146721 4 147245 4 147769 5 148293 5 148817 5 149341 5 149865 4 150389 4 150913 2
c8e79ff4ac55f4b772057de28e539727b7f4f2a3de73bf7a082a0ace86d609eb,160875 5 161398 7 161921 9 162444 10 162968 11 163491 12 164015 12 164539 13 165063 13 165586 14 166110 14 166635 13 167159 13 167683 13 168207 12 168732 11 169257 9 169782 8 170307 6 170833 2
c8e79ff4ac55f4b772057de28e539727b7f4f2a3de73bf7a082a0ace86d609eb,107967 1 108487 9 109000 2 109003 19 109523 23 110047 23 110571 23 111095 23 111619 23 112143 23 112667 23 113191 23 113715 22 114239 22 114763 21 115287 20 115812 18 116336 18 116861 17 117385 17 117910 17 118434 17 118960 14 119484 13 120007 14 120530 14 121053 15 121576 16 122100 15 122624 15 123148 14 123673 12 124197 10 124722 7
c8e79ff4ac55f4b772057de28e539727b7f4f2a3de73bf7a082a0ace86d609eb,98004 1 98523 6 99047 7 99570 8 100094 9 100617 10 101141 10 101665 10 102189 10 102715 7 103240 6 103765 4 104290 2
c8e79ff4ac55f4b772057de28e539727b7f4f2a3de73bf7a082a0ace86d609eb,59240 3 59761 8 60283 11 60806 12 61329 14 61852 15 62376 15 62900 15 63424 16 63948 16 64472 16 64996 16 65521 15 66046 13 66570 13 67095 11 67619 11 68144 9 68669 6
c8e79ff4ac55f4b772057de28e539727b7f4f2a3de73bf7a082a0ace86d609eb,36185 6 36708 8 37231 9 37754 10 38277 12 38801 12 39325 14 39848 18 40372 19 40897 18 41421 18 41945 18 42470 17 42994 17 43519 15 44045 12 44570 10 45097 3
c8e79ff4ac55f4b772057de28e539727b7f4f2a3de73bf7a082a0ace86d609eb,158807 1 159329 4 159853 5 160376 7 160897 10 161419 12 161942 14 162465 15 162988 16 163512 16 164036 15 164560 15 165084 14 165608 12 166133 9 166658 7 167183 4
c8e79ff4ac55f4b772057de28e539727b7f4f2a3de73bf7a082a0ace86d609eb,52431 1 52955 3 53479 2
c8e79ff4ac55f4b772057de28e539727b7f4f2a3de73bf7a082a0ace86d609eb,180299 6 180822 9 181344 11 181868 12
c8e79ff4ac55f4b772057de28e539727b7f4f2a3de73bf7a082a0ace86d609eb,166157 5 166680 8 167202 11 167725 12 168248 13 168771 15 169294 16 169818 16 170341 16 170865 16 171390 14 171914 14 172438 13 172963 11 173487 11 174012 9 174538 6
c8e79ff4ac55f4b772057de28e539727b7f4f2a3de73bf7a082a0ace86d609eb,72891 3 73414 5 73937 6 74460 7 74983 8 75506 9 76030 9 76553 10 77077 10 77601 10 78124 11 78648 11 79171 12 79694 13 80218 13 80741 14 81265 14 81789 14 82314 12 82839 11 83363 11 83887 11 84411 10 84935 10 85460 8 85990 2
c8e79ff4ac55f4b772057de28e539727b7f4f2a3de73bf7a082a0ace86d609eb,28881 2 29405 3 29928 5 30452 6 30977 6 31501 8 32025 9 32549 10 33073 11 33597 11 34121 11 34645 12 35169 12 35693 12 36214 15 36737 16 37261 16 37784 18 38307 19 38831 19 39354 20 39878 19 40402 19 40926 19 41449 20 41973 19 42497 19 43021 18 43545 18 44069 11 44082 4 44593 11 45117 11 45641 11 46164 12 46688 12 47213 10 47737 10 48261 10 48785 9 49309 9 49833 9 50357 8 50881 8 51405 7 51930 6 52455 4 52981 1
c8e79ff4ac55f4b772057de28e539727b7f4f2a3de73bf7a082a0ace86d609eb,153593 4 154116 6 154639 7 155162 8 155685 10 156209 10 156732 11 157256 11 157779 11 158303 11 158827 11 159350 12 159874 13 160398 13 160922 13 161447 12 161972 11 162497 9 163022 8 163548 5
c8e79ff4ac55f4b772057de28e539727b7f4f2a3de73bf7a082a0ace86d609eb,125301 4 125823 7 126346 9 126869 10 127392 12 127916 12 128439 13 128963 14 129487 14 130011 15 130535 14 131059 14 131582 14 132106 13 132630 12 133154 12 133678 11 134203 10 134727 9 135251 8 135776 7 136300 6 136825 3
c8e79ff4ac55f4b772057de28e539727b7f4f2a3de73bf7a082a0ace86d609eb,94917 1 95439 5 95962 6 96486 7 97008 9 97531 11 98052 14 98575 15 99099 15 99622 15 100146 15 100669 16 101193 16 101717 16 102241 16 102766 15 103290 15 103814 14 104339 13 104864 11 105389 9 105914 6
c8e79ff4ac55f4b772057de28e539727b7f4f2a3de73bf7a082a0ace86d609eb,175604 6 176127 8 176651 8 177174 10 177698 11 178221 12 178745 12 179269 12 179793 12 180317 12 180841 12 181365 12 181889 12
c8e79ff4ac55f4b772057de28e539727b7f4f2a3de73bf7a082a0ace86d609eb,62951 5 63474 7 63997 8 64521 9 65044 10 65568 11 66092 11 66615 12 67139 12 67663 12 68187 12 68711 12 69235 12 69758 12 70282 12 70806 12 71330 12 71854 12 72378 11 72903 10 73427 9 73954 5
c8e79ff4ac55f4b772057de28e539727b7f4f2a3de73bf7a082a0ace86d609eb,141031 3 141553 6 142076 8 142600 8 143123 10 143647 10 144171 11 144694 12 145218 12 145742 13 146265 14 146789 14 147313 14 147838 12 148362 11 148886 11 149411 8 149937 5
c8e79ff4ac55f4b772057de28e539727b7f4f2a3de73bf7a082a0ace86d609eb,152034 8 152557 11 153080 13 153604 13 154127 14 154651 14 155175 14 155699 14 156223 14 156747 14 157272 13 157796 13 158321 11 158845 10 159370 9 159894 9 160417 10 160940 11 161463 12 161986 13 162510 14 163034 14 163557 15 164081 14 164605 14 165129 13 165654 11 166178 8 166704 3
c8e79ff4ac55f4b772057de28e539727b7f4f2a3de73bf7a082a0ace86d609eb,91770 3 92294 3 92819 2
c8e79ff4ac55f4b772057de28e539727b7f4f2a3de73bf7a082a0ace86d609eb,119029 5 119551 9 120074 10 120098 4 120597 12 120622 5 121120 14 121145 7 121643 16 121669 8 122167 16 122192 14 122691 17 122714 18 123216 41 123740 42 124265 43 124790 43 125314 44 125839 43 126363 43 126888 42 127419 35 127943 35 128466 35 128990 35 129514 35 130038 35 130563 34 131087 33 131611 33 132136 32 132660 32 133185 30 133710 8 133722 17 134247 16 134772 14 135297 12 135823 9 136348 7
c8e79ff4ac55f4b772057de28e539727b7f4f2a3de73bf7a082a0ace86d609eb,175624 3 176147 6 176670 9 177194 10 177718 11 178242 11 178765 13 179289 14 179813 14 180337 15 180861 15 181385 16 181909 16
c8e79ff4ac55f4b772057de28e539727b7f4f2a3de73bf7a082a0ace86d609eb,136326 1 136849 4 137372 6 137896 7 138420 8 138944 9 139468 10 139992 10 140516 11 141041 11 141565 11 142089 12 142614 11 143138 11 143662 12 144187 11 144711 11 145235 11 145760 10 146284 10 146809 9 147333 8 147858 7 148383 5 148908 3
c8e79ff4ac55f4b772057de28e539727b7f4f2a3de73bf7a082a0ace86d609eb,36772 3 37294 6 37818 7 38341 9 38865 9 39388 10 39912 11 40436 11 40959 12 41483 12 42007 12 42531 12 43055 12 43578 13 44102 13 44626 13 45151 11 45675 11 46199 10 46724 9 47249 7 47774 5
c8e79ff4ac55f4b772057de28e539727b7f4f2a3de73bf7a082a0ace86d609eb,110130 3 110653 5 111177 5 111700 6 112224 6 112748 6 113271 7 113795 6 114319 6 114843 6 115367 5 115892 3
c8e79ff4ac55f4b772057de28e539727b7f4f2a3de73bf7a082a0ace86d609eb,90753 5 91275 9 91797 12 92320 13 92842 15 93365 16 93888 17 94412 17 94935 18 95459 17 95982 18 96506 17 97029 17 97553 16 98077 15 98601 13 99125 12 99649 11 100173 10 100697 9 101222 7 101747 5 102272 2
c8e79ff4ac55f4b772057de28e539727b7f4f2a3de73bf7a082a0ace86d609eb,56691 3 57212 7 57735 9 58258 10 58781 11 59305 11 59829 11 60352 12 60876 12 61400 12 61924 12 62448 12 62972 12 63497 11 64021 11 64546 9 65070 9 65596 6 66121 4 66646 1
c8e79ff4ac55f4b772057de28e539727b7f4f2a3de73bf7a082a0ace86d609eb,70310 5 70833 7 71357 8 71880 9 72404 9 72928 9 73452 9 73976 10 74500 10 75024 9 75548 9 76072 9 76597 7 77121 7 77646 4
c8e79ff4ac55f4b772057de28e539727b7f4f2a3de73bf7a082a0ace86d609eb,15295 6 15818 8 16341 10 16865 11 17389 11 17912 12 18436 13 18960 13 19484 13 20008 13 20531 13 21056 12 21580 12 22104 11 22628 11 23153 9 23678 7 24204 3
c8e79ff4ac55f4b772057de28e539727b7f4f2a3de73bf7a082a0ace86d609eb,80798 9 81321 12 81845 13 82368 15 82892 15 83416 15 83940 14 84463 15 84987 14 85511 13 86034 13 86558 13 87082 12 87606 11 88130 9 88655 7 89179 5 89705 1
c8e79ff4ac55f4b772057de28e539727b7f4f2a3de73bf7a082a0ace86d609eb,129037 5 129559 9 130081 11 130605 12 131129 12 131652 13 132176 13 132700 13 133224 13 133748 12 134271 13 134795 13 135319 12 135842 13 136367 11 136890 11 137412 12 137933 13 138456 12 138978 13 139492 23 140015 24 140539 24 141062 24 141586 24 142111 23 142635 22 143160 18 143685 16 144210 14 144736 11 145261 10 145786 8 146312 4
c8e79ff4ac55f4b772057de28e539727b7f4f2a3de73bf7a082a0ace86d609eb,154172 3 154693 8 155216 10 155739 11 156263 12 156786 13 157310 13 157834 13 158358 13 158882 14 159405 15 159929 16 160453 16 160977 16 161501 16 162026 15 162551 13 163076 12 163602 8
c8e79ff4ac55f4b772057de28e539727b7f4f2a3de73bf7a082a0ace86d609eb,74521 8 75043 11 75566 14 76090 17 76615 17 77139 19 77663 19 78187 20 78711 20 79236 19 79760 19 80285 17 80810 15 81339 8 81867 2
c8e79ff4ac55f4b772057de28e539727b7f4f2a3de73bf7a082a0ace86d609eb,166748 6 167271 9 167794 10 168318 11 168841 13 169365 14 169889 14 170413 15 170937 15 171461 15 171986 14 172510 14 173035 13 173560 11 174085 9 174611 6
c8e79ff4ac55f4b772057de28e539727b7f4f2a3de73bf7a082a0ace86d609eb,110695 6 111216 11 111736 15 112258 18 112781 19 113304 20 113827 22 114351 22 114874 23 115398 23 115922 23 116446 22 116970 22 117494 22 118019 21 118543 20 119068 18 119594 16 120120 12 120647 7
c8e79ff4ac55f4b772057de28e539727b7f4f2a3de73bf7a082a0ace86d609eb,119 14 643 13 1167 13 1691 12 2215 11 2740 9 3264 8
c8e79ff4ac55f4b772057de28e539727b7f4f2a3de73bf7a082a0ace86d609eb,21099 1 21619 6 22141 8 22665 8 23188 9 23712 9 24236 9 24759 9 25283 7 25807 5 26331 5 26854 6 27378 7 27902 7 28426 8 28949 10 29467 3 29471 12 29990 18 30513 19 31037 19 31560 20 32083 21 32607 22 33131 22 33656 22 34180 22 34704 24 35229 24 35753 24 36277 24 36801 24 37326 23 37850 23 38374 23 38899 23 39423 23 39948 22 40472 21 40997 19 41523 2 41536 1
c8e79ff4ac55f4b772057de28e539727b7f4f2a3de73bf7a082a0ace86d609eb,43641 6 44164 10 44687 14 45211 15 45734 16 46258 17 46782 17 47306 17 47831 16 48355 16 48860 4 48880 16 49383 7 49405 15 49907 7 49929 15 50430 9 50452 16 50473 3 50954 10 50976 17 50997 5 51478 11 51500 18 51520 8 52002 12 52023 30 52525 13 52546 32 53049 14 53070 33 53573 14 53593 34 54097 15 54116 35 54622 15 54640 28 54671 3 55146 15 55163 28 55195 3 55670 15 55687 29 55720 2 56194 46 56718 46 57243 45 57768 15 57784 28 58293 14 58309 27 58818 13 58833 27 59343 12 59358 26 59867 11 59884 24 60391 11 60411 21 60915 11 60937 19 61440 10 61462 18 61964 11 61987 17 62489 10 62511 16 63014 10 63036 15 63538 11 63561 13 64063 10 64086 11 64588 9 64610 11 65113 8 65135 9 65639 4 65660 7
c8e79ff4ac55f4b772057de28e539727b7f4f2a3de73bf7a082a0ace86d609eb,155239 8 155762 10 156285 12 156809 13 157332 14 157856 15 158380 15 158904 16 159429 15 159953 14 160478 13 161002 14 161527 13 162053 12 162578 11 163103 10 163628 8 164153 7 164680 2
c8e79ff4ac55f4b772057de28e539727b7f4f2a3de73bf7a082a0ace86d609eb,143198 4 143720 6 144244 7 144767 8 145290 9 145813 10 146337 10 146861 10 147384 11 147908 12 148432 12 148956 12 149480 12 150004 12 150528 12 151052 12 151577 11 152101 10 152627 7
c8e79ff4ac55f4b772057de28e539727b7f4f2a3de73bf7a082a0ace86d609eb,121717 6 122237 11 122759 14 123283 14 123807 13 124332 12 124857 10 125382 9 125907 7 126431 6 126957 3
c8e79ff4ac55f4b772057de28e539727b7f4f2a3de73bf7a082a0ace86d609eb,167843 4 168366 6 168889 8 169413 8 169936 9 170460 9 170984 10 171507 11 172031 11 172554 12 173077 13 173601 13 174124 14 174648 14 175172 14 175696 14 176220 13 176745 12 177270 11 177794 10 178319 8 178844 6 179369 3
c8e79ff4ac55f4b772057de28e539727b7f4f2a3de73bf7a082a0ace86d609eb,96581 5 97103 9 97627 10 98150 12 98674 12 99197 14 99721 14 100245 14 100769 14 101293 14 101817 14 102342 13 102866 13 103390 12 103915 11 104440 9 104965 7 105491 3
c8e79ff4ac55f4b772057de28e539727b7f4f2a3de73bf7a082a0ace86d609eb,108109 3 108631 7 109154 9 109678 10 110201 12 110725 13 111249 14 111773 14 112297 14 112821 14 113346 13 113870 13 114394 13 114919 11 115444 10 115969 8 116493 7 117017 5 117539 7 118062 9 118586 10 119109 11 119633 12 120157 12 120681 12 121205 12 121729 12 122253 12 122777 13 123302 12 123826 12 124350 12 124874 12 125399 10 125923 10 126448 8 126972 8 127497 6 128021 3 128545 1 129069 2 129593 4 130116 7 130640 8 131163 11 131687 11 132211 12 132735 13 133258 14 133782 14 134306 14 134830 15 135354 15 135879 14 136403 13 136928 12 137453 11 137978 9 138505 5
c8e79ff4ac55f4b772057de28e539727b7f4f2a3de73bf7a082a0ace86d609eb,14857 3 15380 4 15903 6 16427 6 16951 7 17474 8 17997 9 18521 10 19044 11 19567 12 20089 14 20612 15 21135 16 21659 16 22183 16 22706 17 23231 16 23755 16 24280 15 24805 14 25330 13 25855 12 26379 12 26903 12 27427 12 27951 11 28465 1 28472 14 28987 23 29510 24 30034 4 30049 8 30573 8 31098 7 31623 5 32148 3
c8e79ff4ac55f4b772057de28e539727b7f4f2a3de73bf7a082a0ace86d609eb,33180 6 33702 9 34226 10 34750 11 35274 12 35800 11 36325 10 36850 8 37375 6 37901 3
c8e79ff4ac55f4b772057de28e539727b7f4f2a3de73bf7a082a0ace86d609eb,144796 1 145319 4 145843 4 146367 5 146891 5 147415 5 147939 5 148463 5 148987 5 149512 4 150036 4 150561 2
c8e79ff4ac55f4b772057de28e539727b7f4f2a3de73bf7a082a0ace86d609eb,145886 2 146409 4 146932 5 147456 5 147980 5 148504 5 149027 7 149551 7 150075 7 150599 7 151122 8 151646 8 152170 8 152694 8 153217 9 153741 9 154265 9 154789 9 155312 9 155836 9 156359 10 156883 10 157407 9 157931 9 158455 8 158979 8 159503 8 160028 7 160552 7 161076 7 161600 8 162124 8 162648 8 163172 9 163696 9 164219 10 164743 10 165267 11 165791 11 166315 11 166839 11 167363 11 167887 14 168411 14 168935 14 169459 14 169983 14 170508 13 171032 13 171556 13 172080 13 172604 13 173128 12 173652 12 174176 12 174700 12 175224 12 175749 11 176273 11 176798 9 177322 9 177847 8 178371 8 178895 8 179419 8 179943 7 180468 6 180993 4
c8e79ff4ac55f4b772057de28e539727b7f4f2a3de73bf7a082a0ace86d609eb,54715 3 55238 5 55762 6 56285 7 56809 8 57333 8 57856 9 58380 10 58904 10 59427 11 59951 11 60475 11 60999 11 61523 10 62048 9 62572 9 63096 8 63620 7 64144 7 64668 5 65194 1
c8e79ff4ac55f4b772057de28e539727b7f4f2a3de73bf7a082a0ace86d609eb,119172 2 119695 3 120219 3 120742 5 121266 5 121789 6 122313 6 122837 6 123360 7 123884 7 124408 7 124932 8 125456 8 125980 8 126504 8 127027 9 127551 9 128075 9 128599 9 129123 9 129647 9 130171 9 130695 9 131219 8 131743 8 132267 8 132791 7 133315 7 133840 6 134364 5 134889 4 135413 3
c8e79ff4ac55f4b772057de28e539727b7f4f2a3de73bf7a082a0ace86d609eb,241 10 765 10 1289 10 1813 9 2337 8 2861 8 3385 7 3909 7 4434 5 4958 4 5482 4 6006 3 6530 2
c8e79ff4ac55f4b772057de28e539727b7f4f2a3de73bf7a082a0ace86d609eb,43229 2 43753 1
c8e79ff4ac55f4b772057de28e539727b7f4f2a3de73bf7a082a0ace86d609eb,40092 3 40615 4 41138 5 41662 3
c8e79ff4ac55f4b772057de28e539727b7f4f2a3de73bf7a082a0ace86d609eb,34331 1 34854 2 35378 2
c8e79ff4ac55f4b772057de28e539727b7f4f2a3de73bf7a082a0ace86d609eb,67904 1 68428 2 68951 3 69475 3 69999 3 70522 4 71046 4 71570 4 72094 5 72618 5 73142 5 73666 5 74190 5 74714 5 75238 5 75762 5 76286 5 76810 6 77334 6 77858 6 78381 7 78905 7 79429 7 79953 7 80477 7 81001 7 81525 7 82049 7 82573 7 83097 7 83621 7 84145 7 84668 8 85192 8 85716 8 86241 7 86765 7 87289 7 87813 7 88338 6 88862 6 89386 6 89910 6 90435 5 90959 5 91483 5 92007 5 92531 5 93055 5 93580 4 94105 2
c8e79ff4ac55f4b772057de28e539727b7f4f2a3de73bf7a082a0ace86d609eb,180053 1 180576 3 181100 3 181624 3 182148 3
c8e79ff4ac55f4b772057de28e539727b7f4f2a3de73bf7a082a0ace86d609eb,112488 1 113011 2 113535 2 114058 3 114582 3 115106 3 115630 3 116154 3 116677 4 117201 4 117724 4 118248 4 118772 4 119296 4 119820 4 120343 5 120867 5 121391 5 121914 6 122438 6 122962 5 123485 6 124009 6 124533 6 125057 6 125580 7 126104 6 126628 6 127152 6 127676 6 128199 7 128723 6 129247 6 129770 7 130294 6 130818 6 131341 6 131865 6 132389 6 132913 5 133437 5 133960 6 134484 6 135008 5 135531 6 136055 6 136579 6 137102 7 137626 7 138150 6 138673 7 139197 6 139721 6 140244 7 140768 6 141291 7 141815 7 142338 8 142862 7 143386 7 143910 7 144434 6 144958 6 145482 6 146006 5 146530 4
c8e79ff4ac55f4b772057de28e539727b7f4f2a3de73bf7a082a0ace86d609eb,141311 1 141834 2 142357 4 142881 4 143405 4 143929 3 144453 3 144976 3 145500 3 146024 3 146548 3 147072 2 147595 3 148119 3 148643 3
c8e79ff4ac55f4b772057de28e539727b7f4f2a3de73bf7a082a0ace86d609eb,124559 1 125082 2 125606 2 126130 3 126654 3 127178 3 127701 4 128225 4 128748 5 129272 5 129796 5 130320 5 130844 5 131368 5 131892 5 132416 5 132939 6 133463 5 133987 5 134511 5 135035 5 135559 5 136082 6 136606 6 137130 5 137654 5 138177 6 138701 6 139225 6 139748 7 140272 7 140795 7 141319 7 141843 7 142367 7 142890 8 143414 8 143937 9 144461 9 144985 9 145509 9 146032 9 146556 9 147080 9 147604 9 148127 10 148651 10 149175 10 149698 10 150222 10 150746 10 151270 10 151794 10 152318 10 152842 9 153366 9 153889 10 154413 10 154937 9 155461 9 155985 9 156509 8 157033 8 157556 9 158080 9 158604 8 159128 8 159651 9 160175 8 160699 8 161223 8 161747 7 162271 7 162795 6 163319 6 163842 6 164366 6 164890 6 165414 6 165938 5 166461 6 166985 6 167509 5 168033 5 168557 4 169082 2
c8e79ff4ac55f4b772057de28e539727b7f4f2a3de73bf7a082a0ace86d609eb,168575 1 169098 2 169622 2 170145 4 170668 5 171191 5 171714 6 172238 6 172762 5 173286 5 173810 5 174334 5 174858 5 175382 5 175906 5 176431 4 176955 4 177480 2
c8e79ff4ac55f4b772057de28e539727b7f4f2a3de73bf7a082a0ace86d609eb,66410 1 66933 2 67457 3 67980 4 68504 4 69028 3 69551 4 70075 4 70599 4 71123 4 71647 4 72170 5 72694 4 73218 4 73742 4 74265 5 74789 5 75313 5 75836 6 76360 6 76884 6 77408 5 77932 5 78456 5 78980 5 79504 5 80028 5 80552 4 81076 4 81600 4 82124 3 82648 3 83173 1
c8e79ff4ac55f4b772057de28e539727b7f4f2a3de73bf7a082a0ace86d609eb,173349 2 173871 5 174394 6 174918 6 175441 7 175965 7 176489 6 177013 6 177536 7 178060 7 178584 7 179108 7 179632 7 180156 7 180680 6 181204 6 181728 6 182252 6
c8e79ff4ac55f4b772057de28e539727b7f4f2a3de73bf7a082a0ace86d609eb,426 10 950 10 1474 10 1998 10 2522 10 3046 10 3570 10 4094 10 4618 9 5142 9 5667 8 6191 7 6716 6 7243 2
c8e79ff4ac55f4b772057de28e539727b7f4f2a3de73bf7a082a0ace86d609eb,89009 4 89531 7 90054 8 90577 9 91101 10 91624 11 92148 11 92671 12 93195 12 93719 12 94242 13 94766 13 95290 12 95814 12 96338 12 96862 12 97386 12 97910 12 98434 11 98957 12 99481 12 100006 10 100530 10 101054 9 101579 8 102103 7 102629 3
c8e79ff4ac55f4b772057de28e539727b7f4f2a3de73bf7a082a0ace86d609eb,151924 3 152447 5 152971 5 153494 6 154018 6 154542 6 155066 6 155590 7 156114 7 156638 7 157162 7 157686 7 158210 7 158734 7 159258 8 159782 8 160306 8 160830 8 161354 8 161878 8 162402 9 162926 9 163450 9 163974 9 164498 9 165022 9 165546 9 166071 8 166595 8 167119 8 167643 8 168167 8 168692 7 169216 7 169740 7 170264 7 170789 5 171313 5 171838 3
c8e79ff4ac55f4b772057de28e539727b7f4f2a3de73bf7a082a0ace86d609eb,149851 1 150373 5 150897 5 151420 6 151943 7 152467 8 152991 8 153514 9 154038 9 154562 8 155086 8 155609 9 156133 9 156657 9 157180 9 157704 9 158228 9 158751 10 159275 10 159799 10 160323 9 160847 9 161370 10 161894 10 162418 9 162942 9 163466 9 163990 9 164513 9 165037 9 165561 9 166085 9 166609 8 167133 8 167657 8 168182 6 168706 6 169230 5 169755 3
c8e79ff4ac55f4b772057de28e539727b7f4f2a3de73bf7a082a0ace86d609eb,176050 4 176572 7 177096 6
c8e79ff4ac55f4b772057de28e539727b7f4f2a3de73bf7a082a0ace86d609eb,512 13 1036 13 1560 13 2085 12 2609 12 3133 12 3657 12 4181 12 4704 13 5228 13 5752 13 6276 13 6801 12 7325 12 7849 12 8373 12 8898 11 9422 11 9946 11 10471 10 10995 10 11519 10 12044 8 12568 7 13094 4 13619 3 14142 4 14667 3
c8e79ff4ac55f4b772057de28e539727b7f4f2a3de73bf7a082a0ace86d609eb,80690 2 81212 6 81735 8 82258 10 82781 12 83305 12 83829 12 84352 13 84876 13 85400 13 85924 13 86448 13 86972 13 87496 13 88021 12 88546 11 89079 2 89602 3 90126 3 90651 2 91176 1
c8e79ff4ac55f4b772057de28e539727b7f4f2a3de73bf7a082a0ace86d609eb,101131 2 101654 3 102177 4 102701 4 103225 4 103748 5 104272 5 104796 5 105320 5 105844 5 106368 5 106892 5 107416 5 107940 5 108464 5 108988 5 109512 5 110037 4 110561 4 111085 4 111609 4 112134 3 112659 2
ca20076870e8fb604e61802605a9ac45419c82dd3e23404c56c4869f9502a5ef,15571 1 16090 3 16609 4 17128 5 17647 6 18166 6 18685 7 19204 7 19723 7 20242 7 20761 7 21280 8 21799 8 22318 8 22837 9 23356 9 23875 9 24394 9 24913 9 25432 10 25951 10 26470 10 26989 11 27508 11 28027 11 28546 11 29065 11 29584 1 29590 5 30103 4 30110 4 30624 3 30631 3 31144 2 31150 2 31669 2 32188 2
ca20076870e8fb604e61802605a9ac45419c82dd3e23404c56c4869f9502a5ef,22869 12 23386 15 23905 16 24423 19 24942 20 25460 22 25978 24 26495 26 27013 28 27532 29 28050 30 28568 31 29087 32 29606 32 30125 32 30643 34 31162 34 31681 34 32179 2 32200 34 32698 3 32719 34 33217 4 33238 33 33736 5 33757 21 33783 7 34255 6 34276 19 34304 4 34774 6 34795 19 35293 7 35315 18 35812 8 35834 18 36331 9 36354 17 36850 9 36873 17 37369 10 37393 17 37888 11 37912 18 38407 12 38431 19 38926 12 38945 25 39445 13 39463 27 39964 14 39981 29 40483 46 41002 47 41521 47 42040 47 42559 47 43079 47 43598 47 44117 47 44637 47 45156 47 45675 47 46195 47 46714 47 47233 48 47753 47 48272 47 48791 47 49311 46 49829 29 49859 17 50349 27 50379 16 50868 25 50899 15 51388 23 51419 13 51901 2 51907 22 51939 11 52420 3 52425 23 52460 8 52939 28 52980 6 53458 28 53500 3 53977 28 54496 27 55015 27 55534 27 56053 26 56572 25 57091 24 57610 18 58129 18 58648 18 59167 19 59686 20 60205 20 60724 20 61243 21 61762 22 62281 24 62800 25 63319 26 63838 26 64357 26 64876 26 65395 26 65914 26 66433 26 66952 26 67471 26 67990 26 68509 26 69028 26 69547 26 70066 27 70585 27 71104 27 71623 27 72142 27 72661 27 73180 6 73189 18 73699 4 73709 17 74218 3 74229 16 74737 2 74749 15 75256 1 75269 14 75789 12 76309 11 76829 10 77349 8
ca20076870e8fb604e61802605a9ac45419c82dd3e23404c56c4869f9502a5ef,80472 4 80990 5 81508 6 82027 6 82547 6 83066 6
ca20076870e8fb604e61802605a9ac45419c82dd3e23404c56c4869f9502a5ef,64402 3 64919 6 65436 10 65954 12 66472 14 66990 15 67509 16 68028 17 68546 19 69065 19 69584 20 70103 21 70622 21 71142 21 71661 21 72180 22 72700 21 73219 21 73739 21 74258 21 74778 20 75297 20 75816 20 76335 20 76854 20 77373 20 77892 19 78411 18 78930 14 79449 11 79968 11 80488 10 81007 11 81526 11 82045 12 82565 11 83084 11
ca20076870e8fb604e61802605a9ac45419c82dd3e23404c56c4869f9502a5ef,61 2
ca20076870e8fb604e61802605a9ac45419c82dd3e23404c56c4869f9502a5ef,60287 4 60804 9 61322 12 61841 15 62360 17 62879 19 63398 20 63917 21 64437 22 64956 23 65475 24 65993 26 66512 26 67031 26 67551 26 68070 26 68590 25 69110 24 69629 24 70148 24 70667 24 71186 24 71705 24 72223 24 72742 22 73260 8 73273 9 73778 8 74296 8 74815 8 75333 8 75852 7 76370 8 76889 7 77395 4 77407 8 77913 7 77926 7 78432 8 78445 7 78951 9 78963 7 79470 9 79482 7 79989 9 80000 7 80509 17 81028 16 81548 14 82068 5 82075 6 82595 3 83115 1
ca20076870e8fb604e61802605a9ac45419c82dd3e23404c56c4869f9502a5ef,81 8 600 8 1119 8 1639 7 2158 7 2677 7 3197 6 3716 7 4235 7 4755 6 5274 6 5794 5 6314 5 6833 6 7353 6 7872 7 8391 7 8911 7 9430 7 9950 7 10469 8 10989 8 11508 9 12028 8 12547 8 13067 8 13586 9 14105 9 14625 9 15145 8 15665 8 16184 9 16703 10 17223 9 17742 10 18262 9 18781 10 19301 10 19821 10 20340 10 20860 10 21379 11 21898 12 22418 12 22937 13 23456 14 23976 14 24497 14 24516 3 25017 23 25537 24 26057 24 26577 26 27097 29 27616 30 28137 29 28660 26 29183 23 29706 19 30226 19 30745 19 31265 19 31785 19 32305 19 32824 20 33344 20 33864 19 34384 20 34903 22 35423 22 35943 21 36463 21 36983 21 37503 20 38022 21 38542 20 39062 20 39582 20 40102 19 40622 19 41142 18 41662 18 42182 16 42703 14 43223 13 43743 11 44264 6
ca20076870e8fb604e61802605a9ac45419c82dd3e23404c56c4869f9502a5ef,30709 1 31223 9 31743 10 32262 14 32781 16 33300 18 33820 20 34340 25 34860 26 35379 28 35899 28 36418 29 36938 29 37457 30 37977 29 38497 28 39017 28 39537 27 40058 25 40578 24 41099 22 41620 20 42140 18 42661 16 43182 13 43705 7
ca20076870e8fb604e61802605a9ac45419c82dd3e23404c56c4869f9502a5ef,70201 4 70720 8 71239 9 71758 10 72277 11 72796 12 73315 13 73835 12 74354 13 74874 13 75394 13 75913 17 76432 18 76952 18 77471 18 77990 18 78510 17 78528 2 79029 21 79549 21 80069 20 80589 15 80606 1 81109 14 81629 13 82150 10 82670 8 83190 7
ca20076870e8fb604e61802605a9ac45419c82dd3e23404c56c4869f9502a5ef,5877 4 6395 6 6914 8 7432 10 7951 11 8469 13 8987 15 9506 16 10025 16 10543 18 11062 18 11581 18 12100 18 12619 18 13138 18 13657 18 14177 17 14696 18 15216 17 15736 16 16255 16 16775 15 17295 14 17816 12 18336 10 18858 4
ca20076870e8fb604e61802605a9ac45419c82dd3e23404c56c4869f9502a5ef,709 5 1226 9 1744 12 2262 14 2780 17 3298 19 3817 20 4336 20 4855 20 5374 20 5893 20 6413 18 6933 16 7454 12 7975 8 8498 2
ca20076870e8fb604e61802605a9ac45419c82dd3e23404c56c4869f9502a5ef,31860 5 32378 8 32896 10 33415 11 33934 12 34453 13 34972 13 35491 14 36011 14 36530 14 37050 13 37570 12 38089 12 38609 11 39129 10 39648 10 40168 9 40688 8 41207 9 41727 8 42246 8 42766 7 43285 7 43805 6 44325 5 44844 5 45364 4 45885 2
ca20076870e8fb604e61802605a9ac45419c82dd3e23404c56c4869f9502a5ef,49506 3 50025 3 50544 4 51064 3
ca20076870e8fb604e61802605a9ac45419c82dd3e23404c56c4869f9502a5ef,214 15 231 25 733 15 750 26 1253 42 1772 43 2292 42 2811 43 3331 42 3851 31 3884 8 4370 31 4405 6 4884 37 4927 2 5401 39 5920 40 6438 42 6957 42 7476 43 7995 44 8514 44 9033 28 9062 16 9553 27 9582 11 10072 27 10102 9 10588 29 10623 7 11107 29 11143 6 11626 28 11664 4 12144 21 12169 2 12663 20 13182 20 13701 21 14220 21 14740 20 15259 21 15779 20 16299 19 16820 17 17340 15 17861 12 18386 3
ca20076870e8fb604e61802605a9ac45419c82dd3e23404c56c4869f9502a5ef,57847 4 58365 8 58883 12 59401 14 59919 16 60438 17 60956 20 61475 21 61994 21 62514 21 63033 22 63553 21 64073 20 64593 20 65113 20 65634 19 66155 17 66676 15 67198 13 67720 10 68241 8 68762 6 69282 6 69803 6 70323 7 70845 4 71366 2
ca20076870e8fb604e61802605a9ac45419c82dd3e23404c56c4869f9502a5ef,37102 1 37619 6 38137 8 38655 11 39174 13 39693 15 40213 15 40732 16 41252 17 41772 17 42291 18 42812 17 43332 16 43852 16 44373 14 44893 14 45413 13 45934 11 46455 10 46976 8 47497 7 48017 7 48538 6 49059 4
ca20076870e8fb604e61802605a9ac45419c82dd3e23404c56c4869f9502a5ef,54250 3 54768 7 55287 9 55806 10 56324 13 56843 14 57362 15 57880 17 58399 18 58918 20 59437 21 59957 22 60476 23 60996 23 61516 24 62035 24 62555 24 63075 24 63595 23 64115 23 64635 22 65156 20 65677 18 66198 16 66718 14 67239 11
ca20076870e8fb604e61802605a9ac45419c82dd3e23404c56c4869f9502a5ef,20522 4 21040 7 21559 9 22078 10 22597 12 23117 12 23636 13 24156 13 24675 14 25195 14 25714 15 26233 15 26753 15 27272 16 27792 16 28311 17 28831 17 29350 17 29870 17 30389 18 30909 17 31428 18 31948 17 32468 17 32988 16 33508 16 34028 16 34548 15 35067 15 35587 14 36107 13 36627 12 37147 11 37666 11 38186 10 38706 9 39226 7 39747 4
ca20076870e8fb604e61802605a9ac45419c82dd3e23404c56c4869f9502a5ef,294 59 813 59 1333 58 1852 58 2372 44 2417 12 2892 43 2937 11 3411 43 3457 10 3931 42 3976 10 4451 16 4468 24 4496 10 4971 15 4987 24 5015 10 5492 12 5507 22 5534 10 6012 10 6026 22 6053 11 6534 6 6546 21 6571 12 7065 21 7089 13 7584 21 7608 13 8104 20 8126 14 8623 20 8645 14 9143 34 9662 34 10182 33 10701 33 11221 31 11740 31 12260 30 12780 28 13300 26 13820 25 14340 23 14860 22 15381 2 15387 13 15907 12 16426 11 16945 11 17465 9 17985 6 18505 3
ca20076870e8fb604e61802605a9ac45419c82dd3e23404c56c4869f9502a5ef,15875 1 16394 2 16913 2 17432 4 17951 5 18470 5 18989 5 19509 4 20029 3 20549 2
ca20076870e8fb604e61802605a9ac45419c82dd3e23404c56c4869f9502a5ef,47021 4 47540 5 48059 5 48579 5 49098 6 49618 6 49625 6 50137 14 50656 14 51176 14 51695 14 52215 14 52735 13 53254 13 53774 13 54294 12 54813 12 55333 11 55853 10 56372 11 56892 9 57412 8 57932 7 58452 5 58973 1
ca20076870e8fb604e61802605a9ac45419c82dd3e23404c56c4869f9502a5ef,61599 1 61601 4 62116 9 62635 10 63154 11 63673 11 64192 12 64711 12 65231 11 65750 12 66270 11 66790 10 67310 10 67830 9 68339 1 68349 10 68855 6 68868 11 69373 7 69388 10 69891 6 69907 10 70410 3 70419 2 70426 11 70929 2 70938 3 70945 11 71448 2 71457 4 71464 11 71967 3 71976 4 71983 11 72486 4 72494 19 73006 3 73012 20 73525 4 73530 21 74044 27 74564 26 75083 27 75602 27 76121 27 76641 27 77161 26 77680 26 78200 25 78719 25 79239 24 79758 3 79763 19 80278 2 80283 18 80798 1 80802 19 81317 23 81836 23 82356 3 82360 18 82875 3 82880 17 83394 3 83399 17
ca20076870e8fb604e61802605a9ac45419c82dd3e23404c56c4869f9502a5ef,10230 4 10748 9 11267 11 11787 10 12306 11 12826 10 13346 9 13866 7 14386 6 14907 4 14917 5 15427 15 15946 16 16466 16 16984 18 17503 19 18022 20 18541 21 19060 21 19579 21 20099 20 20618 19 21138 18 21657 18 22176 18 22696 17 23216 16 23736 15 24256 13 24777 10 25300 5
ca20076870e8fb604e61802605a9ac45419c82dd3e23404c56c4869f9502a5ef,54928 7 55445 12 55962 16 56480 19 56997 21 57516 9 57529 9 58034 10 58049 9 58553 10 58571 7 59071 11 59092 5 59590 12 59612 4 60108 13 60124 3 60132 3 60627 21 60651 3 61147 21 61170 4 61666 22 61690 2 62185 26 62704 26 63224 5 63231 17 63743 6 63755 12 64262 6 64275 10 64781 7 64794 10 65301 6 65312 10 65821 6 65830 11 66340 7 66348 10 66859 16 67379 14 67899 10
ca20076870e8fb604e61802605a9ac45419c82dd3e23404c56c4869f9502a5ef,59086 1
ca20076870e8fb604e61802605a9ac45419c82dd3e23404c56c4869f9502a5ef,47669 1 48188 1
ca20076870e8fb604e61802605a9ac45419c82dd3e23404c56c4869f9502a5ef,77789 3 77795 2 78306 14 78824 16 79341 19 79858 22 80376 24 80894 26 81412 28 81930 29 82449 30 82967 31 83486 32
ca20076870e8fb604e61802605a9ac45419c82dd3e23404c56c4869f9502a5ef,24340 3 24858 5 25376 7 25895 8 26413 10 26932 11 27450 12 27969 13 28487 15 29004 17 29522 18 30040 20 30558 21 31076 22 31594 24 32113 25 32631 26 33150 27 33668 30 34187 31 34705 32 35224 32 35743 32 36262 32 36781 31 37300 31 37821 29 38342 3 38349 19 38869 18 39388 17 39908 15 40427 14 40946 12 41466 9 41985 8 42505 5
ca20076870e8fb604e61802605a9ac45419c82dd3e23404c56c4869f9502a5ef,6177 2 6694 8 7212 11 7728 14 8247 15 8765 16 9284 17 9803 17 10322 18 10841 19 11360 19 11879 20 12398 20 12917 21 13436 21 13956 21 14476 21 14995 22 15515 22 16034 22 16554 21 17073 21 17593 19 18112 16 18632 15 19152 14 19672 13 20192 7 20201 3 20712 7 20721 2 21232 10 21752 9
ca20076870e8fb604e61802605a9ac45419c82dd3e23404c56c4869f9502a5ef,51354 3 51872 5 52376 4 52391 6 52888 1 52894 8 52910 6 53406 3 53413 10 53425 10 53924 5 53931 23 54443 30 54962 30 55481 30 56000 31 56518 32 57037 4 57042 26 57557 1 57561 26 58080 21 58103 2 58599 21 59116 22 59635 22 60153 22 60670 24 61188 24 61707 23 62226 23 62745 22 63264 22 63784 21 64304 19 64823 17 65343 14 65864 10 66387 2
ca20076870e8fb604e61802605a9ac45419c82dd3e23404c56c4869f9502a5ef,494 22 1014 21 1533 15 1550 3 2053 12 2573 10 3093 8 3614 4
ca20076870e8fb604e61802605a9ac45419c82dd3e23404c56c4869f9502a5ef,72139 3 72657 4 73175 5 73693 6 74211 7 74728 9 75246 10 75764 11 76282 12 76800 13 77319 13 77838 13 78357 13 78876 13 79394 14 79913 14 80432 14 80951 14 81469 15 81988 15 82506 16 83024 17 83543 17
d616d323a9eeb9da1b66f8d5df671d63c092c9919cb2c0b223e29c63257c944d,6235 6 6753 8 7271 10 7789 11 8308 12 8826 13 9345 13 9864 14 10383 14 10903 12 11422 12 11941 12 12459 13 12976 15 13495 15 14014 16 14533 16 15052 16 15571 15 16091 3 16099 6 16619 4 17138 3 17658 2
d616d323a9eeb9da1b66f8d5df671d63c092c9919cb2c0b223e29c63257c944d,27508 1 28027 1
d616d323a9eeb9da1b66f8d5df671d63c092c9919cb2c0b223e29c63257c944d,51908 4 52427 5 52946 6 53465 6 53984 6 54503 6 55022 7 55541 7 56060 7 56579 7 57099 6 57618 6 58137 6 58656 4
d616d323a9eeb9da1b66f8d5df671d63c092c9919cb2c0b223e29c63257c944d,73199 4 73717 7 74235 9 74754 9 75273 10 75791 11 76310 12 76829 12 77348 12 77867 12 78386 12 78904 14 79422 15 79941 15 80459 17 80978 17 81498 16 82017 16 82535 17 83054 17 83573 17
d616d323a9eeb9da1b66f8d5df671d63c092c9919cb2c0b223e29c63257c944d,20775 2 21294 2 21814 1
d616d323a9eeb9da1b66f8d5df671d63c092c9919cb2c0b223e29c63257c944d,22 10 540 12 1059 12 1578 13 2097 13 2616 14 3136 15 3655 16 4174 16 4694 15 5214 15 5733 15 6253 14 6773 13 7293 12 7813 11 8333 10 8853 9 9374 7 9895 6 10415 7 10934 8 11453 9 11971 11 12490 11 13009 12 13528 12 14047 11 14565 12 15084 12 15603 12 16122 12 16641 12 17160 12 17680 11 18199 11 18719 10 19238 9 19758 7 20278 6 20799 2
d616d323a9eeb9da1b66f8d5df671d63c092c9919cb2c0b223e29c63257c944d,74268 2 74775 1 74786 4 75294 2 75303 7 75813 3 75821 8 76332 17 76851 17 77369 19 77887 20 78404 22 78922 23 79440 24 79959 24 80478 24 80997 23 81517 22 82037 20 82561 14 83082 11 83602 10
d616d323a9eeb9da1b66f8d5df671d63c092c9919cb2c0b223e29c63257c944d,54549 5 55065 10 55581 14 56098 16 56615 19 57134 20 57652 21 58171 22 58690 22 59208 23 59727 24 60246 24 60765 24 61284 25 61803 25 62322 25 62841 26 63360 27 63879 27 64398 27 64917 28 65436 28 65956 27 66475 26 66995 25 67514 25 68034 24 68555 22 69077 19 69601 14 70127 6
d616d323a9eeb9da1b66f8d5df671d63c092c9919cb2c0b223e29c63257c944d,67 3 71 12 586 16 1106 15 1625 15 2144 15 2663 15 3183 14 3702 15 4222 14 4741 14 5261 13 5780 14 6299 14 6818 14 7337 14 7855 15 8374 15 8892 16 9411 16 9929 17 10448 17 10967 16 11486 16 12004 17 12523 16 13042 16 13561 15 14080 14 14599 12 15118 11 15637 8 16156 3
d616d323a9eeb9da1b66f8d5df671d63c092c9919cb2c0b223e29c63257c944d,38509 6 39026 9 39542 13 40061 14 40579 16 41098 16 41616 18 42135 18 42654 19 43172 20 43691 20 44209 22 44728 22 45246 24 45765 24 46285 24 46804 24 47323 25 47841 27 48360 27 48879 27 49398 28 49917 28 50437 27 50957 27 51476 28 51995 28 52515 27 53034 28 53554 27 54074 26 54594 25 55113 25 55634 23 56154 22 56673 22 57192 21 57711 21 58231 19 58750 19 59270 17 59791 15 60312 12 60833 9
d616d323a9eeb9da1b66f8d5df671d63c092c9919cb2c0b223e29c63257c944d,6358 3 6877 4 7392 8 7910 10 8429 11 8949 10 9468 11 9986 13 10505 14 11024 15 11543 15 12061 17 12572 25 13090 26 13608 26 14126 27 14645 27 15163 28 15682 28 16201 28 16720 27 17239 27 17758 27 18277 27 18795 28 19314 27 19833 27 20351 28 20870 28 21389 28 21908 28 22427 28 22946 27 23465 27 23984 27 24503 27 25022 27 25541 17 25559 8 26060 17 26079 6 26579 17 27098 17 27617 17 28136 16 28655 16 29174 15 29694 14 30213 13 30733 11 31252 10 31773 6
d616d323a9eeb9da1b66f8d5df671d63c092c9919cb2c0b223e29c63257c944d,32320 4 32838 7 33357 8 33875 10 34394 11 34913 12 35432 14 35951 15 36470 16 36990 17 37509 18 38029 18 38540 3 38549 18 39056 8 39069 18 39574 11 39588 19 40092 12 40108 19 40609 15 40628 18 41127 16 41148 17 41646 17 41668 17 42164 18 42188 16 42683 18 42709 14 43201 19 43229 13 43720 19 43749 13 44239 19 44269 14 44286 3 44758 19 44789 19 45277 19 45309 19 45329 3 45796 19 45828 23 46315 20 46337 8 46347 24 46835 55 47354 56 47874 56 48395 54 48915 53 49435 53 49955 53 50475 52 50995 51 51516 50 52037 2 52041 44 52561 44 53080 44 53599 44 54118 44 54637 45 55156 45 55674 46 56193 46 56712 47 57231 47 57750 47 58269 47 58788 47 59307 47 59826 47 60346 46 60865 46 61384 46 61903 45 62422 45 62942 43 63461 41 63980 41 64500 39 65019 39 65539 38 66059 38 66578 38 67099 19 67119 17 67619 18 67639 16 68140 16 68159 16 68663 13 68678 16 69187 7 69197 17 69708 4 69715 18 70228 2 70234 18 70753 18 71272 17 71790 18 72307 19 72827 17 73347 14 73867 11
d616d323a9eeb9da1b66f8d5df671d63c092c9919cb2c0b223e29c63257c944d,136 24 655 24 1175 23 1694 24 2213 24 2733 23 3253 22 3773 21 4293 20 4813 19 5334 17 5856 14 6377 11 6897 9 7417 7
d616d323a9eeb9da1b66f8d5df671d63c092c9919cb2c0b223e29c63257c944d,46906 5 47423 8 47941 9 48460 10 48979 10 49497 12 50016 12 50535 13 51054 13 51573 14 52092 14 52611 14 53130 15 53649 15 54168 16 54687 16 55206 16 55725 17 56245 16 56764 16 57283 16 57802 17 58321 17 58840 17 59359 17 59878 17 60397 17 60916 17 61435 17 61954 18 62473 18 62992 18 63511 18 64030 18 64549 18 65068 18 65587 18 66107 17 66626 17 67145 17 67664 17 68183 17 68702 16 69222 15 69741 15 70260 15 70780 13 71299 12 71820 8
d616d323a9eeb9da1b66f8d5df671d63c092c9919cb2c0b223e29c63257c944d,9045 1 9560 6 10077 10 10596 12 11115 14 11634 14 12153 14 12674 13 13193 14 13711 16 14229 18 14748 19 15267 20 15787 19 16305 21 16829 17 17349 16 17871 14 18391 14 18911 14 19430 14 19462 2 19947 17 19979 6 20467 17 20497 9 20990 14 21015 11 21509 4 21514 9 21533 12 22029 2 22034 9 22052 13 22548 1 22556 7 22570 14 23074 8 23088 15 23594 7 23606 17 24114 6 24125 18 24633 6 24644 18 25151 7 25163 18 25669 8 25681 18 26187 9 26199 19 26705 10 26718 19 27223 10 27236 20 27742 10 27755 20 28261 33 28779 34 29298 34 29816 35 30334 35 30853 35 31371 36 31889 37 32408 37 32926 37 33445 37 33964 37 34482 37 35001 37 35520 37 36038 37 36557 37 37075 37 37594 37 38112 34 38148 1 38631 33 39149 34 39668 32 40187 30 40705 30 41224 19 41245 9 41742 20 41764 10 42261 19 42284 9 42780 18 42804 8 43299 18 43328 3 43818 17 44337 16 44856 15 45375 14 45894 13 46417 7 46937 5
d616d323a9eeb9da1b66f8d5df671d63c092c9919cb2c0b223e29c63257c944d,82224 3 82740 8 83258 12 83777 13
d616d323a9eeb9da1b66f8d5df671d63c092c9919cb2c0b223e29c63257c944d,24618 2 25138 2
d616d323a9eeb9da1b66f8d5df671d63c092c9919cb2c0b223e29c63257c944d,43893 1 44393 7 44411 3 44910 11 44927 8 44936 4 45427 13 45445 15 45945 15 45963 16 46463 36 46982 37 47500 38 48018 39 48537 39 48589 5 49055 40 49105 9 49574 43 49618 2 49623 12 50093 62 50611 64 51130 65 51649 63 52167 64 52686 64 53205 64 53724 66 54243 67 54762 66 55281 66 55800 65 56319 25 56345 38 56838 24 56864 37 57357 22 57383 36 57876 21 57902 35 58395 20 58421 34 58914 19 58940 32 59433 18 59459 32 59952 16 59978 31 60471 10 60483 3 60498 30 60991 9 61017 30 61510 9 61536 30 62029 11 62056 29 62549 10 62575 30 63068 10 63095 35 63588 9 63614 41 64108 9 64134 41 64628 8 64653 41 65148 7 65173 42 65668 7 65693 27 65722 11 66189 7 66212 28 66243 9 66710 6 66730 30 66762 12 67230 7 67248 15 67270 25 67751 6 67768 2 67794 21 68272 3 68317 16 68828 4 68836 16 69347 6 69356 14 69866 7 69875 13 70385 7 70394 13 70904 7 70912 13 71423 20 71941 10 71953 7 72459 19 72978 17 73498 10 74017 6 74537 3
d616d323a9eeb9da1b66f8d5df671d63c092c9919cb2c0b223e29c63257c944d,7024 3 7543 3
d616d323a9eeb9da1b66f8d5df671d63c092c9919cb2c0b223e29c63257c944d,27299 3 27811 12 28329 14 28848 15 29367 15 29886 15 30405 15 30923 16 31441 16 31960 15 32478 15 32998 12 33517 10 34036 8 34552 10 35071 9 35592 7 36111 6 36630 4
d616d323a9eeb9da1b66f8d5df671d63c092c9919cb2c0b223e29c63257c944d,23659 2 24178 2 24697 2 25216 1
d616d323a9eeb9da1b66f8d5df671d63c092c9919cb2c0b223e29c63257c944d,324 9 843 9 1363 9 1883 9 2402 10 2922 9 3442 9 3962 8 4482 8 5001 8 5521 7 6041 6 6561 5 7081 5 7600 5 8120 4 8639 4 9144 9 9158 4 9661 20 10178 22 10696 23 11215 23 11733 25 12252 25 12771 24 13290 24 13809 24 14328 24 14847 24 15366 24 15885 23 16403 24 16920 24 17438 25 17958 23 18479 21 18999 19 19518 18 20037 16 20556 7 21076 4 21596 3 22115 2
d616d323a9eeb9da1b66f8d5df671d63c092c9919cb2c0b223e29c63257c944d,22139 2 22658 2 23176 3 23694 5 24213 5 24732 6 25250 7 25770 6 26289 7 26807 11 27326 14 27845 14 28365 13 28885 12 29410 6
d616d323a9eeb9da1b66f8d5df671d63c092c9919cb2c0b223e29c63257c944d,30959 1 31478 2
d616d323a9eeb9da1b66f8d5df671d63c092c9919cb2c0b223e29c63257c944d,80787 3 81304 6 81823 6 82341 8 82860 7 83378 8 83897 8
d616d323a9eeb9da1b66f8d5df671d63c092c9919cb2c0b223e29c63257c944d,32005 2 32523 3 33041 4 33558 5 34077 4 34596 4 35116 4 35636 3 36156 3 36675 3 37192 5 37711 5 38231 4 38751 2
d616d323a9eeb9da1b66f8d5df671d63c092c9919cb2c0b223e29c63257c944d,20065 2 20584 1
d616d323a9eeb9da1b66f8d5df671d63c092c9919cb2c0b223e29c63257c944d,19550 1 20069 2
d616d323a9eeb9da1b66f8d5df671d63c092c9919cb2c0b223e29c63257c944d,23183 3 23702 3 24221 4 24741 3 25261 2
d616d323a9eeb9da1b66f8d5df671d63c092c9919cb2c0b223e29c63257c944d,50726 1 51235 2 51244 2 51754 1 51762 3 52272 1 52279 5 52790 2 52798 4 53308 3 53317 4 53827 3 53835 5 54345 4 54353 6 54864 4 54871 6 55382 5 55389 7 55900 14 56418 15 56937 15 57457 13 57974 15 58493 15 59011 16 59530 16 60048 17 60567 17 61085 18 61604 18 62122 19 62641 19 63159 19 63677 20 64195 21 64714 20 65233 20 65751 20 66270 20 66788 13 66804 4 67307 12 67826 11 68345 9 68863 10 69382 9 69901 8 70421 5 70940 3
d616d323a9eeb9da1b66f8d5df671d63c092c9919cb2c0b223e29c63257c944d,9234 4 9751 7 10270 8 10788 9 11306 11 11825 11 12343 13 12862 15 13380 23 13899 24 14417 26 14936 26 15454 27 15971 29 16488 31 17006 32 17524 33 18042 33 18560 33 19078 34 19596 34 20113 35 20629 37 21147 37 21665 37 22183 37 22702 35 23220 35 23739 33 24258 32 24776 31 25294 30 25812 29 26331 26 26850 24 27368 22 27888 18 28408 15 28927 13 29448 9 29968 6 30489 3
d616d323a9eeb9da1b66f8d5df671d63c092c9919cb2c0b223e29c63257c944d,62160 3 62678 5 63196 7 63714 9 64232 10 64751 10 65270 9 65788 10 66306 10 66824 6 67342 6 67861 6 68380 6 68899 6 69418 6 69937 6 70456 7 70975 8 71493 9 72012 9 72530 11 73048 12 73567 11 74085 12 74604 12 75122 13 75641 13 76159 14 76678 13 77197 13 77716 13 78235 12 78754 12 79273 11 79792 11 80311 10 80830 9 81350 7 81869 6 82389 4
d616d323a9eeb9da1b66f8d5df671d63c092c9919cb2c0b223e29c63257c944d,395 17 914 16 1433 16 1952 15 2471 14 2991 10 3512 6
d616d323a9eeb9da1b66f8d5df671d63c092c9919cb2c0b223e29c63257c944d,65313 2 65831 6 66347 11 66864 15 67370 6 67382 17 67888 8 67900 19 68406 10 68417 21 68924 34 69441 37 69959 38 70477 39 70995 41 71042 6 71513 43 71559 10 72031 59 72550 50 72605 5 73068 50 73125 5 73587 50 73645 4 74106 50 74164 3 74625 51 74684 1 75145 50 75203 1 75665 50 75722 1 76185 50 76705 49 77224 50 77743 50 78262 50 78781 50 79301 49 79820 50 80340 49 80860 48 81379 48 81898 49 82416 50 82934 52 83444 62 83962 63
d616d323a9eeb9da1b66f8d5df671d63c092c9919cb2c0b223e29c63257c944d,32130 3 32646 8 33163 12 33679 15 34166 3 34191 23 34684 6 34707 26 35202 7 35224 29 35721 7 35742 30 36240 7 36260 30 36760 6 36778 31 37279 6 37296 31 37799 6 37815 31 38319 5 38333 31 38839 5 38851 31 39358 6 39370 31 39878 5 39888 31 40397 6 40406 31 40917 6 40925 30 41437 6 41445 29 41957 6 41964 28 42477 33 42997 31 43517 28 44036 27 44556 24 45075 23 45593 23 46111 22 46630 20 47149 17 47668 14 48188 5
d616d323a9eeb9da1b66f8d5df671d63c092c9919cb2c0b223e29c63257c944d,464 10 983 10 1502 10 2021 11 2540 11 3059 12 3578 12 4097 12 4616 12 5135 12 5654 12 6173 11 6693 9 7214 2 7217 3
d616d323a9eeb9da1b66f8d5df671d63c092c9919cb2c0b223e29c63257c944d,52383 4 52900 8 53417 11 53934 15 54451 17 54968 20 55485 23 56003 24 56521 25 57039 26 57558 26 58076 27 58595 14 58610 11 59113 13 59129 11 59632 13 59648 11 60150 14 60166 11 60669 14 60684 12 61187 15 61203 11 61706 26 62225 25 62744 24 63263 23 63783 21 64302 20 64821 19 65340 18 65860 16 66379 16 66898 16 67417 15 67936 15 68456 14 68975 13 69495 12 70014 12 70534 10 71054 8 71574 6 72095 2
d616d323a9eeb9da1b66f8d5df671d63c092c9919cb2c0b223e29c63257c944d,78845 1 79363 3 79882 4 80400 5 80918 7 80927 4 81437 16 81955 18 82474 19 82993 21 83512 24 84031 25
d616d323a9eeb9da1b66f8d5df671d63c092c9919cb2c0b223e29c63257c944d,6199 7 6717 8 7235 10 7754 10 8272 11 8790 12 9309 13 9827 14 10346 15 10864 17 11382 18 11901 19 12419 21 12937 23 13455 24 13974 25 14493 25 15011 25 15530 26 16048 27 16567 28 17085 22 17110 4 17604 21 17630 2 18123 9 18134 10 18642 8 18655 7 19163 2 19176 5 19696 5 20216 4 20735 5 21256 4 21776 4 22297 3 22817 2
d616d323a9eeb9da1b66f8d5df671d63c092c9919cb2c0b223e29c63257c944d,20723 6 21240 11 21759 12 22277 14 22796 15 23315 16 23835 2 23839 12 24360 10 24879 10 25398 11 25917 4 25923 5 26436 4 26445 2 26955 3 27475 1 27994 2 28514 1
d616d323a9eeb9da1b66f8d5df671d63c092c9919cb2c0b223e29c63257c944d,500 8 1019 7 1538 7 2058 5 2577 4
d616d323a9eeb9da1b66f8d5df671d63c092c9919cb2c0b223e29c63257c944d,19707 1
d616d323a9eeb9da1b66f8d5df671d63c092c9919cb2c0b223e29c63257c944d,43066 2 43584 3 44104 8 44623 10 45143 10 45662 10 46182 8 46702 5
d6eb7ce7723e2f6dc13b90b41a29ded27dbd815bad633fdf582447c686018896,3641 1 4161 2 4681 2 5201 3 5721 5 6241 6 6761 7 7281 8 7801 9 8321 9 8841 9 9361 9 9881 9 10401 9 10921 9 11441 9 11961 8 12481 7 13001 6 13521 6 14041 6 14561 6 15081 6 15601 6 16121 5 16641 5 17162 2
d6eb7ce7723e2f6dc13b90b41a29ded27dbd815bad633fdf582447c686018896,30681 2 31201 2 31721 3 32241 3 32761 3 33281 3 33801 2 34321 2
d6eb7ce7723e2f6dc13b90b41a29ded27dbd815bad633fdf582447c686018896,72281 2 72801 3 73321 4 73841 4 74361 4 74881 4 75401 4 75921 3 76441 3 76961 3 77481 3 78001 2 78521 2 79041 1
d6eb7ce7723e2f6dc13b90b41a29ded27dbd815bad633fdf582447c686018896,98801 2 99321 3 99841 4 100361 5 100881 5 101401 5 101420 4 101921 5 101939 6 102441 5 102458 8 102961 5 102977 9 103481 5 103497 10 104001 6 104016 12 104521 6 104535 14 105041 7 105052 18 105561 29 106081 29 106601 29 107121 30 107641 30 108161 29 108681 29 109201 29 109721 29 110241 29 110761 29 111281 4 111288 22 111801 2 111808 22 112328 22 112848 21 113366 23 113883 26 114403 26 114923 26 115443 25 115963 25 116483 13 116497 10 117003 11 117019 7 117524 8 117541 2 118045 6 118566 4
d6eb7ce7723e2f6dc13b90b41a29ded27dbd815bad633fdf582447c686018896,114434 6 114953 9 115473 10 115993 11 116512 13 117031 14 117550 15 118069 16 118588 16 119108 15 119627 16 120146 16 120665 17 121170 4 121184 18 121688 9 121702 19 122206 12 122221 20 122725 36 123244 38 123763 39 124281 41 124801 41 125321 40 125841 39 126361 37 126881 36 127401 18 127422 13 127921 18 127944 8 128441 17 128961 16 129481 15 130001 14 130521 13 131044 9 131055 5 131572 8 132091 9 132610 11 133128 13 133647 13 133667 4 134165 15 134184 10 134684 15 134703 12 135202 17 135221 15 135721 17 135740 16 136241 16 136260 17 136761 16 136779 18 137281 15 137298 19 137801 15 137817 20 138321 14 138336 21 138841 13 138856 20 139361 12 139375 21 139881 11 139894 22 140401 10 140414 21 140921 9 140934 21 141441 8 141454 21 141961 6 141974 21 142481 5 142494 20 143001 3 143014 20 143521 1 143534 20 144054 19 144575 18 145095 18 145616 16 146137 14 146659 12 147182 7
d6eb7ce7723e2f6dc13b90b41a29ded27dbd815bad633fdf582447c686018896,151841 5 152361 6 152881 6 153401 7 153921 7 154441 8 154961 8 155481 8 156001 8 156521 8 157041 8 157561 7 158081 7 158601 6 159121 6 159641 4
d6eb7ce7723e2f6dc13b90b41a29ded27dbd815bad633fdf582447c686018896,173692 4 174208 10 174724 15 175242 18 175761 19 176281 19 176801 18 177321 17 177841 16 178361 14 178881 13 179401 9 179921 6 180441 5
d6eb7ce7723e2f6dc13b90b41a29ded27dbd815bad633fdf582447c686018896,18732 4 19250 9 19769 11 20287 14 20806 16 21326 16 21845 18 22365 18 22885 18 23406 17 23926 17 24448 15 24969 13 25491 10
d6eb7ce7723e2f6dc13b90b41a29ded27dbd815bad633fdf582447c686018896,170567 1 171087 3 171608 2
d6eb7ce7723e2f6dc13b90b41a29ded27dbd815bad633fdf582447c686018896,52545 9 53064 13 53583 16 54102 18 54622 19 55141 20 55656 26 56174 28 56692 30 57210 31 57729 31 58250 28 58771 25 59292 24 59813 21 60334 19 60856 14 61379 7
d6eb7ce7723e2f6dc13b90b41a29ded27dbd815bad633fdf582447c686018896,28620 2 29137 9 29655 13 30174 16 30693 18 31212 20 31731 22 32251 23 32770 24 33290 25 33810 25 34330 24 34851 23 35371 22 35892 20 36413 18 36934 15 37457 9
d6eb7ce7723e2f6dc13b90b41a29ded27dbd815bad633fdf582447c686018896,158646 3 158650 4 159161 4 159167 9 159680 5 159689 8 160200 6 160210 3 160214 3 160720 6 160730 2 160735 2 161229 2 161242 4 161250 2 161254 3 161747 5 161762 4 161769 7 162265 9 162281 15 162784 12 162799 16 163304 30 163823 12 163837 16 164343 11 164359 12 164862 11 164885 3 165382 10 165902 10 166422 9 166942 8 167462 7 167982 5 168503 3
d6eb7ce7723e2f6dc13b90b41a29ded27dbd815bad633fdf582447c686018896,62960 4 63475 10 63993 12 64511 14 65029 16 65547 18 66066 18 66586 18 67105 18 67625 17 68145 17 68665 16 69185 15 69705 14 70226 12 70747 10 71269 6
d6eb7ce7723e2f6dc13b90b41a29ded27dbd815bad633fdf582447c686018896,74908 4 75427 6 75947 6 76468 5 76988 5 77508 5 78028 5
d6eb7ce7723e2f6dc13b90b41a29ded27dbd815bad633fdf582447c686018896,80144 9 80661 15 81178 19 81695 23 82214 24 82733 26 83252 27 83771 28 84284 3 84291 28 84802 36 85320 38 85839 39 86359 38 86878 39 87398 38 87918 38 88437 39 88957 38 89477 37 89997 37 90517 36 91038 34 91558 33 92079 24 92108 1 92599 23 92628 2 93121 2 93124 18 93147 6 93648 13 93666 10 94171 9 94185 12 94695 4 94705 13 95224 15 95744 15 96264 16 96784 16 97304 16 97825 14 98346 13 98868 9
d6eb7ce7723e2f6dc13b90b41a29ded27dbd815bad633fdf582447c686018896,16163 8 16681 12 17200 14 17720 14 18239 16 18759 16 19279 16 19799 16 20318 17 20838 16 21358 16 21878 15 22398 15 22919 13 23439 12 23960 10 24482 6
d6eb7ce7723e2f6dc13b90b41a29ded27dbd815bad633fdf582447c686018896,34890 3 35408 7 35927 9 36446 11 36965 13 37484 17 38003 20 38522 21 39041 23 39561 24 40080 25 40600 25 41120 25 41641 24 42162 23 42683 22 43204 20 43731 13 44252 11 44774 8 45296 3
d6eb7ce7723e2f6dc13b90b41a29ded27dbd815bad633fdf582447c686018896,166450 3 166968 8 167486 11 168005 13 168524 15 169044 15 169563 17 170083 17 170603 17 171122 19 171642 19 172162 19 172682 20 173202 20 173723 19 174243 19 174764 17 175284 17 175805 15 176327 12 176848 10 177371 5
d6eb7ce7723e2f6dc13b90b41a29ded27dbd815bad633fdf582447c686018896,27088 4 27608 6 28127 8 28647 9 29167 10 29688 9 30209 8 30731 5
d6eb7ce7723e2f6dc13b90b41a29ded27dbd815bad633fdf582447c686018896,51014 10 51532 14 52051 16 52570 18 53089 20 53609 20 54128 22 54648 22 55168 22 55688 22 56208 22 56729 21 57249 21 57770 19 58290 19 58811 17 59333 14 59854 12 60375 10 60896 8 61418 4 61939 2
d6eb7ce7723e2f6dc13b90b41a29ded27dbd815bad633fdf582447c686018896,62464 1 62984 1 63498 3 63503 2 64018 3 64023 2 64537 3 64543 2 65056 4 65061 4 65576 9 66097 9 66618 10 67138 10 67659 10 68182 6 68702 3 68706 1 69223 2
d6eb7ce7723e2f6dc13b90b41a29ded27dbd815bad633fdf582447c686018896,147230 3 147748 6 148266 8 148784 11 149301 15 149819 17 150338 19 150857 21 151376 22 151896 22 152416 22 152936 22 153456 22 153976 22 154496 21 155017 20 155537 19 156058 18 156580 16 157104 13 157625 12 158145 12 158665 13 159185 14 159208 7 159704 15 159726 11 160224 16 160244 15 160743 37 161263 37 161782 38 162301 38 162821 36 163341 35 163861 33 164382 21 164905 6 164914 2
d6eb7ce7723e2f6dc13b90b41a29ded27dbd815bad633fdf582447c686018896,113446 3 113964 7 114480 11 114997 14 115515 16 116032 18 116551 19 117069 21 117588 22 118107 22 118625 23 119144 22 119664 21 120183 21 120703 20 121222 19 121742 17 122262 16 122782 14 123302 12 123823 10 124343 8 124867 3
d6eb7ce7723e2f6dc13b90b41a29ded27dbd815bad633fdf582447c686018896,27118 9 27636 12 28154 15 28674 17 29193 19 29713 20 30232 21 30752 21 31272 22 31792 22 32312 23 32832 23 33352 23 33872 22 34392 22 34912 22 35433 20 35954 19 36474 18 36995 16 37516 14 38037 12 38558 9 39080 3
d6eb7ce7723e2f6dc13b90b41a29ded27dbd815bad633fdf582447c686018896,41675 3 42194 4 42714 4 43234 3 43755 1
d6eb7ce7723e2f6dc13b90b41a29ded27dbd815bad633fdf582447c686018896,118135 5 118654 7 119171 10 119689 13 120207 14 120726 14 121246 14 121764 15 122284 15 122803 16 123324 14 123844 13 124365 12 124886 9 125408 5
d6eb7ce7723e2f6dc13b90b41a29ded27dbd815bad633fdf582447c686018896,8425 4 8944 7 9464 8 9983 10 10503 12 11020 16 11536 21 12054 23 12574 23 13093 24 13612 25 14131 26 14650 27 15170 27 15690 27 16210 26 16730 26 17250 25 17770 25 18291 24 18811 23 19332 22 19852 21 20373 19 20894 17 21415 14 21935 13 22457 10
d6eb7ce7723e2f6dc13b90b41a29ded27dbd815bad633fdf582447c686018896,46380 1 46899 5 47418 8 47937 11 48456 12 48975 13 49494 14 50012 17 50531 18 51051 19 51571 19 52091 19 52611 19 53131 19 53651 18 54171 14 54691 12 55212 9 55732 8 56253 5 56775 2
d6eb7ce7723e2f6dc13b90b41a29ded27dbd815bad633fdf582447c686018896,139458 6 139976 10 140495 13 141014 15 141534 16 142054 16 142574 16 143094 16 143614 16 144134 16 144655 14 145175 14 145695 13 146216 11 146736 10 147257 7 147778 5
d6eb7ce7723e2f6dc13b90b41a29ded27dbd815bad633fdf582447c686018896,29227 6 29740 14 30260 14 30779 15 31298 16 31818 15 32338 15 32858 14 33377 15 33898 13 34418 12 34939 8 35461 2
d6eb7ce7723e2f6dc13b90b41a29ded27dbd815bad633fdf582447c686018896,91619 3 92139 4 92658 5 93179 4 93700 2
d6eb7ce7723e2f6dc13b90b41a29ded27dbd815bad633fdf582447c686018896,103589 7 104108 9 104627 11 105146 12 105666 12 106185 13 106705 13 107224 14 107744 14 108264 14 108784 14 109304 14 109824 14 110344 15 110864 15 111384 16 111905 15 112425 16 112444 7 112945 27 113466 26 113986 26 114507 25 115028 24 115549 23 116071 6 116079 13 116599 12 117120 10 117640 10 118161 8 118682 6 119203 3
d6eb7ce7723e2f6dc13b90b41a29ded27dbd815bad633fdf582447c686018896,68751 2 69271 3 69790 4 70309 5 70827 8 71346 9 71866 8 72385 7 72905 4
d6eb7ce7723e2f6dc13b90b41a29ded27dbd815bad633fdf582447c686018896,177431 11 177949 16 178468 18 178987 20 179506 21 180026 21 180546 21
d6eb7ce7723e2f6dc13b90b41a29ded27dbd815bad633fdf582447c686018896,127517 12 128035 16 128554 18 129073 20 129592 21 130112 21 130632 21 131151 22 131671 21 132191 21 132711 20 133231 20 133751 20 134271 19 134791 19 135312 17 135832 16 136353 14 136874 12 137395 10 137919 4
d6eb7ce7723e2f6dc13b90b41a29ded27dbd815bad633fdf582447c686018896,121 24 641 24 1160 25 1679 26 2199 25 2718 26 3237 27 3757 27 4276 28 4796 28 5316 28 5835 29 6355 29 6876 28 7396 27 7916 27 8437 25 8958 23 9479 21 10001 17 10523 13 11046 8 11569 2
d6eb7ce7723e2f6dc13b90b41a29ded27dbd815bad633fdf582447c686018896,66178 5 66697 8 67216 17 67736 19 68256 20 68775 22 69295 22 69815 22 70335 23 70855 23 71375 22 71895 22 72416 21 72936 21 73456 21 73976 20 74492 5 74498 17 75011 6 75020 14 75530 7 75542 12 76050 7 76064 8 76570 7 77090 7 77610 7 78131 6 78652 5 79171 6 79688 9 80207 9 80727 10 81240 17 81759 18 82278 18 82797 19 83317 18 83837 14 84357 13 84877 12 85398 11 85919 9 86440 8 86962 4
d6eb7ce7723e2f6dc13b90b41a29ded27dbd815bad633fdf582447c686018896,156657 6 157175 9 157694 12 158213 13 158732 14 159252 15 159771 16 160291 17 160811 17 161330 17 161844 23 162363 23 162881 26 163399 29 163920 29 164441 9 164451 20 164962 7 164974 18 165483 4 165495 18 166003 2 166015 18 166536 21 166561 2 167057 20 167079 10 167579 18 167599 11 168100 10 168112 6 168119 12 168622 31 169144 30 169666 27 170188 22 170709 21 171230 20 171754 17 172275 18 172796 17 173317 9 173839 5
d6eb7ce7723e2f6dc13b90b41a29ded27dbd815bad633fdf582447c686018896,51606 7 52124 10 52643 12 53163 13 53682 16 54202 17 54722 18 55242 19 55762 19 56282 20 56802 19 57323 18 57843 18 58364 17 58885 16 59406 15 59926 15 60447 14 60967 14 61487 14 62007 14 62528 13 63049 11 63570 9 64091 7 64614 2
d6eb7ce7723e2f6dc13b90b41a29ded27dbd815bad633fdf582447c686018896,138975 5 139492 10 140010 12 140528 15 141047 17 141567 17 142087 20 142607 21 143127 21 143647 22 144168 21 144689 20 145211 18 145732 17 146254 14 146775 13 147295 12 147816 11 148336 11 148857 10 149377 10 149898 7
d6eb7ce7723e2f6dc13b90b41a29ded27dbd815bad633fdf582447c686018896,119748 3 120266 7 120783 12 121301 16 121820 18 122339 19 122856 22 123375 23 123893 25 124412 26 124932 25 125452 24 125973 20 126494 18 127016 17 127539 14 128061 8
d6eb7ce7723e2f6dc13b90b41a29ded27dbd815bad633fdf582447c686018896,15225 2 15740 10 16258 13 16776 16 17295 18 17815 19 18334 21 18854 22 19374 23 19894 23 20414 23 20934 22 21453 23 21973 22 22494 19 23014 18 23536 15 24057 13 24580 9
d6eb7ce7723e2f6dc13b90b41a29ded27dbd815bad633fdf582447c686018896,175377 7 175895 11 176414 13 176934 13 177454 14 177973 15 178493 16 179013 16 179533 16 180053 16 180573 16
d6eb7ce7723e2f6dc13b90b41a29ded27dbd815bad633fdf582447c686018896,99995 8 100512 13 101031 16 101550 17 102069 19 102589 20 103109 20 103629 21 104149 21 104669 21 105189 22 105705 26 106223 28 106742 29 107261 30 107780 30 108299 30 108819 25 109338 22 109858 22 110378 21 110898 21 111418 21 111938 21 112459 20 112979 19 113500 17 114021 15 114542 12 115066 7 115588 3
d6eb7ce7723e2f6dc13b90b41a29ded27dbd815bad633fdf582447c686018896,30823 4 31342 6 31862 7 32381 10 32900 12 33420 13 33940 13 34460 13 34980 13 35500 13 36019 14 36539 14 37059 13 37579 12 38100 9
d6eb7ce7723e2f6dc13b90b41a29ded27dbd815bad633fdf582447c686018896,14240 6 14759 8 15278 9 15797 10 16316 11 16835 12 17355 11 17874 11 18394 11 18913 12 19433 11 19952 12 20472 12 20991 12 21510 6 21519 4 22029 4 22549 10 23070 9 23590 7 24102 12 24621 10 25141 10 25660 12 26180 12 26700 12 27220 13 27740 13 28260 13 28780 13 29301 11 29821 11 30340 12 30860 11 31379 12 31897 13 32416 14 32934 15 33453 16 33972 16 34491 16 35010 16 35529 15 36047 16 36567 16 37086 17 37606 17 38126 17 38636 28 39154 30 39674 31 40193 31 40713 31 41233 30 41753 30 42273 30 42793 30 43313 30 43833 30 44354 28 44874 19 45394 13 45913 14 46432 15 46951 17 47470 18 47989 20 48508 22 49027 24 49547 25 50067 25 50587 25 51107 26 51627 26 52148 26 52668 26 53188 27 53708 27 54229 26 54749 26 55269 26 55790 25 56310 25 56831 24 57352 22 57873 20 58394 19 58915 17 59437 14 59959 11 60481 6 61003 2
d6eb7ce7723e2f6dc13b90b41a29ded27dbd815bad633fdf582447c686018896,153038 6 153557 9 154076 11 154595 12 155114 13 155633 13 156153 13 156672 14 157192 14 157712 14 158232 13 158753 11 159274 9
d6eb7ce7723e2f6dc13b90b41a29ded27dbd815bad633fdf582447c686018896,82863 5 83380 11 83884 2 83898 15 84401 8 84416 18 84920 10 84935 20 85439 12 85453 23 85958 39 86477 41 86996 42 87515 43 88035 43 88555 42 89075 18 89097 20 89595 17 89619 17 90115 16 90140 15 90636 12 90661 14 91157 8 91183 11 91679 2 91704 9 92230 1
d6eb7ce7723e2f6dc13b90b41a29ded27dbd815bad633fdf582447c686018896,121333 4 121851 8 122370 10 122888 13 123407 15 123926 17 124446 18 124966 18 125486 19 126006 19 126526 19 127046 19 127566 19 128087 18 128607 17 129128 15 129649 13 130170 10 130692 4
d6eb7ce7723e2f6dc13b90b41a29ded27dbd815bad633fdf582447c686018896,133815 2 134332 12 134851 17 135369 21 135889 22 136409 23 136929 23 137449 24 137969 24 138489 25 139009 25 139530 23 140050 23 140571 22 141091 22 141612 21 142132 21 142651 21 143171 22 143690 29 144210 32 144730 13 144748 23 145249 13 145267 26 145768 13 145786 28 146288 14 146304 31 146808 47 147328 47 147848 48 148368 47 148888 47 149409 46 149929 46 150455 39 150975 39 151494 39 152014 38 152534 36 153053 35 153573 33 154093 15 154117 6 154613 12 155133 11 155654 9 156174 9 156695 7 157218 3
d6eb7ce7723e2f6dc13b90b41a29ded27dbd815bad633fdf582447c686018896,8496 10 9013 14 9531 17 10051 18 10570 19 11090 20 11610 20 12131 2 12137 13 12658 12 13178 12 13699 11 14219 10 14740 9 15261 8 15781 7 16299 9 16818 10 17338 9 17857 10 18377 9 18897 8
d6eb7ce7723e2f6dc13b90b41a29ded27dbd815bad633fdf582447c686018896,94815 4 95334 6 95853 8 96372 9 96892 10 97411 11 97931 11 98451 11 98971 11 99491 10 100012 8 100533 6 101053 5 101573 3 102093 2
d6eb7ce7723e2f6dc13b90b41a29ded27dbd815bad633fdf582447c686018896,105749 3 106269 3 106790 3 107310 3 107830 4 107835 3 108349 9 108869 9 109388 11 109908 11 110427 11 110935 6 110947 7 111454 20 111476 4 111974 19 111994 5 112493 19 112514 5 113013 18 113034 4 113533 18 113555 3 114054 18 114574 20 115095 18 115616 15 116137 7
d6eb7ce7723e2f6dc13b90b41a29ded27dbd815bad633fdf582447c686018896,170227 1 170744 7 171263 9 171781 12 172300 14 172820 14 173339 16 173859 17 174378 19 174898 19 175418 19 175938 19 176459 17 176979 16 177499 16 178019 15 178539 15 179059 14 179579 13 180099 12 180620 11
d6eb7ce7723e2f6dc13b90b41a29ded27dbd815bad633fdf582447c686018896,79223 3 79744 1
d6eb7ce7723e2f6dc13b90b41a29ded27dbd815bad633fdf582447c686018896,65191 8 65709 10 66228 11 66749 10 67270 8 67794 2
d6eb7ce7723e2f6dc13b90b41a29ded27dbd815bad633fdf582447c686018896,75081 3 75599 6 76113 13 76631 15 77151 15 77670 15 78189 16 78710 14 79233 10 79753 7 80275 2
d6eb7ce7723e2f6dc13b90b41a29ded27dbd815bad633fdf582447c686018896,35563 2 36082 4 36602 5 37123 3
d6eb7ce7723e2f6dc13b90b41a29ded27dbd815bad633fdf582447c686018896,128132 3 128650 7 129169 10 129688 12 130208 13 130728 14 131247 16 131767 17 132287 17 132808 16 133328 17 133848 17 134369 16 134889 16 135409 16 135928 17 136447 18 136965 20 137483 21 138002 22 138522 22 139042 21 139564 18 140087 14 140610 10 141132 5
d6eb7ce7723e2f6dc13b90b41a29ded27dbd815bad633fdf582447c686018896,79268 3 79786 11 80304 4 80314 2 80823 3 81342 3 81861 4 82380 4 82899 4 83418 5 83926 3 83937 6 84444 19 84963 21 84989 5 85483 22 85506 8 86003 32 86523 32 87044 31 87564 31 88086 28 88608 23 89129 16 89652 12 90175 8 90696 7 91216 8 91735 10 92254 12 92773 12 93292 12 93810 15 94329 16 94849 15 95369 14 95889 13 96409 12 96930 9 97451 6
d6eb7ce7723e2f6dc13b90b41a29ded27dbd815bad633fdf582447c686018896,38694 2 39212 6 39732 7 40251 9 40770 10 41289 11 41809 11 42328 12 42847 13 43367 13 43887 12 44407 12 44927 10 45447 9 45967 8 46488 5 47009 2
d6eb7ce7723e2f6dc13b90b41a29ded27dbd815bad633fdf582447c686018896,171815 3 172333 8 172852 10 173371 12 173891 12 174411 13 174930 15 175450 15 175970 16 176490 16 177010 16 177530 16 178050 16 178570 16 179091 15 179611 14 180132 13 180652 13
d6eb7ce7723e2f6dc13b90b41a29ded27dbd815bad633fdf582447c686018896,12182 5 12701 7 13220 8 13739 10 14258 11 14777 13 15296 15 15816 16 16335 18 16854 19 17374 19 17893 20 18413 20 18932 21 19452 20 19972 18 20493 15 21014 7
d6eb7ce7723e2f6dc13b90b41a29ded27dbd815bad633fdf582447c686018896,62621 7 63139 12 63658 14 64177 16 64697 17 65217 17 65736 19 66256 19 66776 19 67295 20 67815 20 68334 21 68854 21 69374 20 69893 20 70413 19 70933 17 71452 13 71972 12 72492 11 73012 11 73532 9 74052 7
d6eb7ce7723e2f6dc13b90b41a29ded27dbd815bad633fdf582447c686018896,97473 6 97992 8 98511 10 99030 11 99550 11 100070 11 100588 15 101106 18 101624 20 102143 21 102662 22 103182 22 103701 23 104221 23 104741 23 105261 29 105781 11 105793 18 106301 10 106315 16 106822 9 106835 16 107343 7 107355 16 107874 17 108394 16 108913 16 109434 14 109955 12 110475 11 110996 9 111519 4
d6eb7ce7723e2f6dc13b90b41a29ded27dbd815bad633fdf582447c686018896,44946 17 45465 21 45985 22 46504 25 47024 26 47544 27 48064 28 48583 30 49104 29 49624 29 50145 28 50665 28 51187 26 51711 22 52238 14 52762 8 53285 2
d6eb7ce7723e2f6dc13b90b41a29ded27dbd815bad633fdf582447c686018896,56387 6 56906 9 56918 4 57425 16 57945 5 57952 9 58466 3 58473 7 58986 1 58994 6 59506 2 59513 7 60026 3 60031 9 60547 13 61068 11 61589 10 62111 7
d6eb7ce7723e2f6dc13b90b41a29ded27dbd815bad633fdf582447c686018896,126593 3 127111 7 127631 8 128150 9 128670 9 129190 8 129710 8 130231 6 130753 3
d6eb7ce7723e2f6dc13b90b41a29ded27dbd815bad633fdf582447c686018896,240 19 760 19 1279 19 1798 19 2317 19 2835 20 3354 21 3874 21 4393 21 4913 21 5433 21 5953 21 6473 21 6994 20 7515 19 8035 18 8555 17 9075 10 9595 9 10114 9 10632 11 11152 5 11160 4 11672 4 11680 4 12192 4 12201 3 12712 4 12720 4 13233 11 13754 9
d6eb7ce7723e2f6dc13b90b41a29ded27dbd815bad633fdf582447c686018896,161978 4 162497 5 163016 7 163535 8 164055 8 164574 10 165077 3 165094 10 165595 8 165613 12 166114 11 166133 12 166633 16 166652 13 167152 25 167178 8 167672 25 167698 8 168192 36 168712 36 169232 37 169752 37 170272 37 170793 35 171313 20 171334 14 171834 18 171857 10 172355 16 172380 6 172876 15 173398 13 173920 16 174441 17 174961 18 175481 18 176000 20 176519 21 177038 22 177558 23 178078 23 178598 22 179119 20 179639 19 180160 17 180680 16
d6eb7ce7723e2f6dc13b90b41a29ded27dbd815bad633fdf582447c686018896,81878 2 82398 2 82917 3 83437 3 83958 2 84479 1
d6eb7ce7723e2f6dc13b90b41a29ded27dbd815bad633fdf582447c686018896,34564 5 35082 10 35601 12 36120 14 36639 15 37159 15 37678 17 38199 16 38719 16 39240 15 39761 13 40283 9 40805 6
d6eb7ce7723e2f6dc13b90b41a29ded27dbd815bad633fdf582447c686018896,85518 1
d6eb7ce7723e2f6dc13b90b41a29ded27dbd815bad633fdf582447c686018896,143246 3 143764 6 144283 7 144801 9 145321 11 145840 12 146359 14 146879 14 147399 14 147919 15 148439 15 148959 16 149479 18 149999 19 150519 19 151039 19 151560 18 152081 17 152602 15 153123 13 153645 10
d6eb7ce7723e2f6dc13b90b41a29ded27dbd815bad633fdf582447c686018896,10650 1 11168 5 11686 8 12206 8 12725 10 13245 10 13766 9 14286 9 14807 8 15327 7 15849 4
d6eb7ce7723e2f6dc13b90b41a29ded27dbd815bad633fdf582447c686018896,60056 4 60572 10 61090 15 61609 17 62128 20 62647 22 63166 24 63686 25 64205 27 64725 29 65245 30 65765 31 66285 32 66805 32 67325 32 67846 31 68366 17 68389 8 68886 13 68911 4 69406 12 69927 11 70448 9 70970 6
d6eb7ce7723e2f6dc13b90b41a29ded27dbd815bad633fdf582447c686018896,131808 4 132327 6 132846 8 133365 9 133885 9 134405 9 134925 9 135445 9 135966 7 136487 5 137008 3
d6eb7ce7723e2f6dc13b90b41a29ded27dbd815bad633fdf582447c686018896,114140 4 114658 9 115177 12 115696 14 116215 16 116733 19 117252 20 117771 22 118290 23 118809 24 119329 24 119848 25 120368 25 120888 25 121409 24 121930 23 122451 22 122973 20 123498 16 124025 11 124546 11 125066 11 125585 13 126105 13 126624 15 127143 16 127663 15 128182 16 128701 17 129221 17 129740 18 130260 18 130779 19 131299 19 131819 18 132339 18 132860 18 133380 19 133901 18 134423 15 134943 15 135464 14 135985 12 136506 11 137026 11 137545 12 138065 12 138585 12 139105 12 139625 12 140146 10 140667 8 141188 6
d6eb7ce7723e2f6dc13b90b41a29ded27dbd815bad633fdf582447c686018896,73058 8 73577 11 74096 13 74615 14 75134 16 75654 17 76173 18 76693 18 77213 18 77733 18 78254 16 78774 16 79294 16 79815 14 80336 12 80857 9 81379 5
d6eb7ce7723e2f6dc13b90b41a29ded27dbd815bad633fdf582447c686018896,25746 3 26265 6 26785 7 27305 8 27824 9 28343 3 28347 6 28863 3 28868 5 29383 3 29388 4 29902 4 29907 5 30421 11 30941 11 31460 12 31979 13 32498 14 33018 14 33537 14 34057 14 34577 15 35097 15 35617 15 36138 15 36658 15 37179 13 37700 12 38221 10 38741 8 39264 2
d6eb7ce7723e2f6dc13b90b41a29ded27dbd815bad633fdf582447c686018896,43425 7 43943 12 44462 15 44981 17 45500 18 46019 20 46539 20 47059 20 47579 21 48099 21 48620 20 49140 19 49661 18 50182 16 50702 15 51223 13 51746 8
d6eb7ce7723e2f6dc13b90b41a29ded27dbd815bad633fdf582447c686018896,95439 3 95955 9 96473 13 96992 15 97511 17 98029 19 98549 20 99068 22 99093 4 99587 32 100107 33 100627 24 100654 7 101147 24 101175 7 101668 22 101697 5 102188 19 102217 5 102708 19 102733 8 103228 19 103251 10 103748 19 103770 11 104268 20 104289 12 104788 33 105308 33 105828 32 106347 8 106357 23 106866 8 106878 22 107384 9 107399 21 107902 10 107919 20 108421 9 108440 19 108940 8 108960 17 109480 13 110003 8 110524 6
d6eb7ce7723e2f6dc13b90b41a29ded27dbd815bad633fdf582447c686018896,155754 2 156273 3 156794 1
d6eb7ce7723e2f6dc13b90b41a29ded27dbd815bad633fdf582447c686018896,20571 8 21089 11 21606 15 22125 16 22644 18 23163 19 23682 20 24201 21 24721 21 25241 21 25760 22 26280 21 26801 19 27321 18 27841 16 28362 14 28883 12 29405 9 29929 4 30450 3 30970 2
d6eb7ce7723e2f6dc13b90b41a29ded27dbd815bad633fdf582447c686018896,61659 13 62175 18 62693 21 63212 23 63732 24 64251 25 64771 25 65291 26 65811 27 66330 28 66850 28 67367 31 67886 31 68405 32 68924 18 68943 4 68954 2 69443 15 69962 14 70482 12 71001 12 71520 13 72040 12 72560 12 73080 10 73602 1
d6eb7ce7723e2f6dc13b90b41a29ded27dbd815bad633fdf582447c686018896,174480 3
d6eb7ce7723e2f6dc13b90b41a29ded27dbd815bad633fdf582447c686018896,148490 6 149009 8 149527 11 150043 16 150562 17 151081 18 151601 18 152121 18 152641 17 153161 16 153682 14 154203 12 154724 10 155246 6
d6eb7ce7723e2f6dc13b90b41a29ded27dbd815bad633fdf582447c686018896,174487 1 175006 3 175526 3 176045 2
d6eb7ce7723e2f6dc13b90b41a29ded27dbd815bad633fdf582447c686018896,289 15 318 20 339 17 809 15 838 38 1328 17 1359 37 1847 18 1878 38 2367 19 2396 40 2887 19 2915 41 3407 19 3434 41 3926 20 3953 42 4446 5 4453 14 4472 42 4966 6 4973 48 5025 9 5486 16 5506 33 5546 8 6007 14 6027 20 6049 7 6067 8 6530 9 6546 20 6587 8 7054 2 7065 21 7107 8 7584 21 7627 7 8103 20 8148 6 8622 20 8669 4 9142 19 9662 19 10182 18 10702 18 11223 17 11743 21 12265 21 12787 20 13314 14 13833 16 14353 17 14872 18 15392 18 15911 19 16430 20 16950 21 17470 21 17990 21 18017 4 18509 33 19026 36 19546 30 19577 5 20067 2 20073 5 20081 17 20601 17 21121 16 21640 16 22160 15 22680 14 23201 12 23724 6
d6eb7ce7723e2f6dc13b90b41a29ded27dbd815bad633fdf582447c686018896,139659 3 140177 7 140696 10 141208 2 141216 10 141727 3 141735 12 142247 3 142252 15 142768 19 143289 18 143810 16 144331 14 144853 11
d6eb7ce7723e2f6dc13b90b41a29ded27dbd815bad633fdf582447c686018896,85068 7 85585 10 86103 13 86621 15 87140 15 87658 16 88177 16 88696 16 89214 17 89733 17 90251 18 90770 17 91289 17 91809 16 92329 14 92850 11
d6eb7ce7723e2f6dc13b90b41a29ded27dbd815bad633fdf582447c686018896,172415 3 172934 2
d6eb7ce7723e2f6dc13b90b41a29ded27dbd815bad633fdf582447c686018896,30982 4 31500 10 32019 17 32538 18 33056 19 33575 19 34095 18 34615 18 35137 15 35658 14 36179 12 36699 11 37219 11 37740 9 38260 8 38780 8 39301 7 39821 7 40342 5
d6eb7ce7723e2f6dc13b90b41a29ded27dbd815bad633fdf582447c686018896,160982 11 161499 16 162018 19 162537 20 163057 19 163577 19 164097 18 164618 17 165139 16 165661 13 166182 12 166702 13 167222 15 167742 15 168262 14 168783 12 169306 1 169309 4
d6eb7ce7723e2f6dc13b90b41a29ded27dbd815bad633fdf582447c686018896,156301 1 156820 3 157340 3 157860 3 158381 2
d6eb7ce7723e2f6dc13b90b41a29ded27dbd815bad633fdf582447c686018896,141241 4 141760 6 142279 8 142798 10 143317 11 143836 12 144354 14 144873 16 145392 17 145911 19 146430 20 146950 21 147470 21 147989 22 148508 23 149028 15 149044 6 149547 14 149565 4 150066 14 150586 12 151106 10 151626 8 152146 6 152668 1
d6eb7ce7723e2f6dc13b90b41a29ded27dbd815bad633fdf582447c686018896,39840 3 40355 13 40874 15 41393 17 41913 18 42433 19 42952 20 43472 21 43993 20 44513 21 45033 20 45554 19 46074 19 46595 17 47116 15 47638 13 48160 10 48683 5 49205 2 49724 3 50243 5 50251 3 50260 1 50762 19 51282 19 51802 19 52322 20 52842 20 53361 22 53385 1 53880 28 54400 7 54416 13 54920 5 54937 13 55458 13 55977 14 56496 17 57015 18 57534 20 58054 20 58574 20 59094 20 59614 20 60134 20 60655 18 61177 15 61698 13 62220 10 62742 7
d6eb7ce7723e2f6dc13b90b41a29ded27dbd815bad633fdf582447c686018896,25275 2 25794 6 26313 8 26833 10 27353 11 27873 12 28393 12 28913 12 29433 12 29954 10 30474 10 30996 1 31000 2
d6eb7ce7723e2f6dc13b90b41a29ded27dbd815bad633fdf582447c686018896,154237 5 154756 6 155275 7 155795 7 156316 5 156837 3
d6eb7ce7723e2f6dc13b90b41a29ded27dbd815bad633fdf582447c686018896,89770 8 90288 11 90806 14 91325 15 91844 16 92363 18 92882 19 93401 20 93921 20 94440 20 94960 20 95480 20 95999 21 96519 21 97039 20 97558 21 98078 21 98598 20 99118 20 99637 19 100157 16 100678 13 101198 10 101720 5
d6eb7ce7723e2f6dc13b90b41a29ded27dbd815bad633fdf582447c686018896,165166 1 165173 4 165684 5 165691 8 166203 17 166723 18 167243 18 167762 20 168282 20 168801 21 169320 21 169840 21 170360 20 170880 19 171400 18 171920 18 172440 17 172961 14 173483 4
d6eb7ce7723e2f6dc13b90b41a29ded27dbd815bad633fdf582447c686018896,118372 3 118888 10 119406 12 119925 13 120444 14 120963 15 121482 16 122002 15 122522 14 123043 12 123564 9 124088 2
d6eb7ce7723e2f6dc13b90b41a29ded27dbd815bad633fdf582447c686018896,131910 5 132429 7 132944 4 132949 7 133463 12 133983 11 134503 10 135023 11 135543 12 136062 15 136579 19 137097 10 137109 9 137616 11 137631 7 138135 12 138152 3 138654 15 139174 15 139694 15 140214 15 140734 16 141254 16 141775 16 142295 16 142815 16 143336 16 143856 17 144377 16 144898 15 145419 13 145940 12 146461 10
d6eb7ce7723e2f6dc13b90b41a29ded27dbd815bad633fdf582447c686018896,83020 5 83537 14 84056 21 84576 23 85095 25 85615 26 86135 27 86655 27 87176 27 87697 27 88218 26 88739 25 89259 25 89781 23 90303 20 90824 19 91346 16 91869 12 92391 9
d6eb7ce7723e2f6dc13b90b41a29ded27dbd815bad633fdf582447c686018896,174022 9 174540 19 175059 21 175579 22 176098 23 176618 23 177138 23 177658 22 178179 21 178699 20 179220 18 179740 17 180260 14 180780 13
d6eb7ce7723e2f6dc13b90b41a29ded27dbd815bad633fdf582447c686018896,33111 4 33629 8 34147 14 34666 16 35184 19 35703 20 36222 21 36742 21 37261 22 37781 21 38300 21 38820 21 39340 20 39859 19 40380 17 40900 15 41420 13 41941 11 42462 9 42983 7
d6eb7ce7723e2f6dc13b90b41a29ded27dbd815bad633fdf582447c686018896,27901 2
d6eb7ce7723e2f6dc13b90b41a29ded27dbd815bad633fdf582447c686018896,15945 5 16464 16 16985 16 17505 17 18026 17 18546 17 19066 17 19585 17 20105 17 20625 15 21146 13 21666 12 22187 10 22707 9 23229 5
d6eb7ce7723e2f6dc13b90b41a29ded27dbd815bad633fdf582447c686018896,48705 1
d6eb7ce7723e2f6dc13b90b41a29ded27dbd815bad633fdf582447c686018896,159472 9 159990 12 160509 14 161029 15 161548 17 162068 18 162587 19 163107 20 163626 21 164146 21 164666 20 165185 21 165706 19 166226 18 166746 17 167267 15 167789 11 168311 4 168317 1
d6eb7ce7723e2f6dc13b90b41a29ded27dbd815bad633fdf582447c686018896,76794 3 77314 5 77324 2 77834 13 78354 14 78384 3 78874 13 78902 6 79394 10 79420 8 79915 9 79938 10 80437 10 80456 12 80958 11 80974 14 81478 13 81492 15 81999 28 82521 25 83043 23 83564 23 84084 23 84605 23 85126 22 85646 23 86167 22 86688 22 87209 21 87732 18 88254 16 88774 16 89294 15 89815 12 90335 12 90855 12 91375 12 91896 11 92419 7 92940 6 93460 6 93980 6 94500 5 95019 6 95535 10 96039 5 96056 9 96556 12 96576 9 97075 15 97096 8 97594 17 97615 9 98114 17 98133 11 98635 29 99156 14 99173 9 99677 10 99694 8 100199 7 100217 4
d6eb7ce7723e2f6dc13b90b41a29ded27dbd815bad633fdf582447c686018896,119961 3 120479 8 120998 10 121517 12 122037 12 122556 13 123076 14 123596 14 124116 15 124636 15 125157 15 125677 15 126198 14 126718 14 127238 14 127758 14 128279 13 128799 13 129320 12 129840 11 130362 7 130884 1
d6eb7ce7723e2f6dc13b90b41a29ded27dbd815bad633fdf582447c686018896,25841 7 26360 9 26879 11 27398 12 27918 12 28438 11 28958 11 29479 8 30000 5
d6eb7ce7723e2f6dc13b90b41a29ded27dbd815bad633fdf582447c686018896,362 8 371 6 882 8 891 6 1403 7 1411 6 1923 6 1931 6 2443 14 2963 14 3483 14 4003 14 4523 14 5043 14 5564 13 6085 11 6606 10 7126 10 7647 8 8168 6 8690 4
d6eb7ce7723e2f6dc13b90b41a29ded27dbd815bad633fdf582447c686018896,49257 6 49774 10 50291 13 50809 16 51329 17 51849 18 52368 19 52888 18 53409 16 53929 15 54449 14 54969 13 55490 10 56010 2 56530 1 57050 1 57570 1 58086 1 58090 2 58604 3 58609 3 59123 13 59642 15 60163 15 60683 15 61204 15 61725 15 62245 16 62765 16 63285 16 63805 16 64325 15 64844 13 65366 11 65888 9 66408 10 66929 9 67450 8 67971 6 68491 5
d6eb7ce7723e2f6dc13b90b41a29ded27dbd815bad633fdf582447c686018896,141811 4 142328 8 142846 11 143365 13 143884 14 144403 16 144922 17 145442 17 145962 18 146482 17 147002 17 147522 17 148042 17 148562 16 149082 15 149603 12 150124 10 150647 5
d6eb7ce7723e2f6dc13b90b41a29ded27dbd815bad633fdf582447c686018896,114252 5 114770 9 115289 10 115809 10 116328 11 116848 11 117368 11 117888 11 118409 9 118929 8 119450 6
d6eb7ce7723e2f6dc13b90b41a29ded27dbd815bad633fdf582447c686018896,124143 3 124662 5 125181 8 125701 9 126221 10 126740 12 127259 14 127777 17 128296 18 128815 19 129334 20 129853 21 130372 22 130891 22 131411 22 131931 22 132451 21 132971 21 133491 20 134011 20 134531 19 135051 18 135572 16 136093 14 136613 14 137134 12 137654 11 138174 10 138694 8 139215 4 139735 4 140256 3
d6eb7ce7723e2f6dc13b90b41a29ded27dbd815bad633fdf582447c686018896,160536 4 161055 7 161574 12 162093 14 162612 14 163132 13 163652 13 164172 13 164692 13 165213 12 165734 11 166256 6 166264 1
d6eb7ce7723e2f6dc13b90b41a29ded27dbd815bad633fdf582447c686018896,23778 1 24295 6 24815 7 25335 7 25855 6 25863 2 26375 3 26383 3 26895 3 26903 4 27415 3 27424 3 27934 4 27944 3 28455 3 28465 3 28975 4 28985 3 29495 4 29505 3 30016 4 30025 3 30539 4 30544 4 31062 5 31584 3
d6eb7ce7723e2f6dc13b90b41a29ded27dbd815bad633fdf582447c686018896,43537 7 44056 9 44575 10 45094 12 45614 12 46134 12 46655 10 47176 8
d6eb7ce7723e2f6dc13b90b41a29ded27dbd815bad633fdf582447c686018896,132478 2 132997 4 133516 6 134036 6 134555 7 135074 8 135594 7 136113 8 136633 8 137152 9 137672 9 138191 10 138711 10 139230 11 139750 11 140270 11 140790 11 141309 13 141829 13 142349 14 142869 15 143388 16 143909 15 144429 15 144950 15 145471 14 145992 13 146512 13 147031 14 147549 16 148067 17 148585 19 149104 19 149623 19 150142 19 150661 19 151181 18 151700 18 152220 17 152744 10 153264 8 153784 7 154303 6 154823 1
d6eb7ce7723e2f6dc13b90b41a29ded27dbd815bad633fdf582447c686018896,16509 3 17029 4 17551 3 18072 2
d6eb7ce7723e2f6dc13b90b41a29ded27dbd815bad633fdf582447c686018896,394 5 417 13 914 5 937 13 1434 4 1457 12 1954 4 1977 12 2474 4 2489 3 2494 14 2993 5 3004 24 3513 4 3523 24 4033 5 4042 25 4552 6 4561 26 5072 36 5592 36 6112 36 6632 36 7151 37 7671 36 8191 36 8711 35 9231 34 9751 32 10271 30 10791 29 11311 14 11327 13 11832 13 11852 6 12352 13 12872 13 13393 12 13914 10 14435 9 14957 6
d6eb7ce7723e2f6dc13b90b41a29ded27dbd815bad633fdf582447c686018896,68000 4 68519 6 69038 8 69557 9 70075 12 70594 13 71114 14 71634 14 72153 15 72673 15 73193 15 73713 15 74234 13 74755 12 75277 9 75800 5
d6eb7ce7723e2f6dc13b90b41a29ded27dbd815bad633fdf582447c686018896,174076 3 174594 6 175114 7 175633 10 176153 11 176673 10 177193 9 177713 8 178233 7 178753 6 179274 4 179794 3 180314 4 180834 4
d6eb7ce7723e2f6dc13b90b41a29ded27dbd815bad633fdf582447c686018896,110635 4 111154 6 111674 5 112194 4
d6eb7ce7723e2f6dc13b90b41a29ded27dbd815bad633fdf582447c686018896,114296 4 114804 5 114813 15 115321 28 115840 29 116358 31 116877 32 117396 32 117915 32 118435 15 118451 15 118954 15 118971 13 119474 15 119491 13 119994 14 120011 13 120514 13 120531 13 121034 13 121051 12 121554 12 121571 12 122074 11 122091 12 122595 9 122611 12 123115 9 123132 11 123636 6 123652 10 124157 4 124173 8 124694 6
d6eb7ce7723e2f6dc13b90b41a29ded27dbd815bad633fdf582447c686018896,97643 5 98160 9 98678 11 99197 13 99716 14 100236 13 100755 14 101276 12 101796 11 102316 10 102837 8 103358 6 103879 4
d6eb7ce7723e2f6dc13b90b41a29ded27dbd815bad633fdf582447c686018896,79966 1 80484 4 81004 4 81523 5 82043 6 82563 6 83083 6 83603 9 84123 9 84644 9 85164 9 85685 8 86205 9 86725 3 86729 5 87246 2 87250 4 87766 2 87770 4 88287 1 88290 1
d6eb7ce7723e2f6dc13b90b41a29ded27dbd815bad633fdf582447c686018896,135099 4 135618 7 136137 9 136656 11 137175 12 137695 13 138215 13 138734 14 139254 15 139774 15 140294 15 140814 15 141334 15 141854 15 142374 15 142894 14 143415 12 143936 10 144458 8 144980 5
d6eb7ce7723e2f6dc13b90b41a29ded27dbd815bad633fdf582447c686018896,146061 7 146580 10 147098 13 147617 15 148136 17 148655 20 149174 22 149694 23 150213 24 150733 23 151253 23 151773 22 152293 22 152814 20 153334 20 153854 20 154374 20 154893 20 155408 25 155925 15 155944 7 156443 17 156962 18 157482 18 158001 19 158521 19 159021 5 159041 19 159539 8 159560 20 160058 9 160071 6 160080 20 160577 11 160589 9 160600 20 161096 44 161616 43 162136 43 162655 44 163175 26 163203 15 163695 26 163724 14 164214 27 164247 10 164734 27 164771 4 165254 27 165774 27 166295 5 166301 20 166822 19 167343 18 167863 18 168384 16 168905 15 169427 12 169949 9 170473 3
d6eb7ce7723e2f6dc13b90b41a29ded27dbd815bad633fdf582447c686018896,144989 5 145507 9 146025 13 146544 16 147064 16 147082 7 147583 17 147601 8 148103 26 148622 27 149142 26 149662 26 150181 26 150701 25 151221 24 151742 21 152262 20 152783 17 153304 15 153831 6
d6eb7ce7723e2f6dc13b90b41a29ded27dbd815bad633fdf582447c686018896,103918 10 104437 12 104956 14 105476 14 105995 16 106515 16 107034 17 107551 19 108069 21 108588 22 109108 22 109627 23 110147 23 110667 23 111187 23 111708 21 112228 21 112749 8 112761 7 113270 4 113282 4
d6eb7ce7723e2f6dc13b90b41a29ded27dbd815bad633fdf582447c686018896,122644 2 123163 3 123683 4 124202 6 124722 6 125241 8 125760 11 126280 12 126800 12 127319 13 127839 13 128358 13 128878 13 129396 15 129916 1 129919 1 129924 6 130445 5 130965 4 131485 3 132004 4 132514 4 132522 4 133034 11 133555 9 134076 5
d6eb7ce7723e2f6dc13b90b41a29ded27dbd815bad633fdf582447c686018896,168932 6 169448 10 169964 14 170482 15 171001 14 171519 16 172039 15 172559 14 173079 13 173599 12 174119 11 174640 9 175161 8 175682 5 176203 1
d6eb7ce7723e2f6dc13b90b41a29ded27dbd815bad633fdf582447c686018896,462 12 982 12 1502 12 2022 12 2542 11 3062 11 3582 10 4095 15 4613 15 5132 15 5651 16 6171 16 6691 16 7210 17 7730 17 8250 17 8770 16 9290 16 9810 16 10330 15 10851 14 11371 9 11382 2 11892 7 12413 5
d6eb7ce7723e2f6dc13b90b41a29ded27dbd815bad633fdf582447c686018896,97702 5 98220 9 98737 13 99256 14 99775 15 100294 16 100813 17 100843 3 101333 17 101361 6 101852 19 101876 12 102372 19 102395 14 102892 20 102914 15 103412 37 103932 37 104452 37 104973 36 105013 9 105493 36 105532 11 106014 35 106051 12 106536 3 106552 18 106571 12 107073 30 107593 30 108114 16 108132 10 108635 15 108653 9 109156 13 109174 6 109677 12 109695 2 110198 10 110718 9 111239 8 111760 6 112282 4 112802 5 113318 10 113836 13 114355 14 114874 15 115393 16 115913 15 116433 14 116953 9 117474 6 117995 3
d6eb7ce7723e2f6dc13b90b41a29ded27dbd815bad633fdf582447c686018896,138777 3 139297 3 139817 3
d6eb7ce7723e2f6dc13b90b41a29ded27dbd815bad633fdf582447c686018896,111744 4 112262 7 112781 8 113302 6 113822 6 114343 5 114864 3 115384 3 115904 1
d6eb7ce7723e2f6dc13b90b41a29ded27dbd815bad633fdf582447c686018896,115901 2
d6eb7ce7723e2f6dc13b90b41a29ded27dbd815bad633fdf582447c686018896,156486 4 157005 5 157525 6 158044 7 158563 8 159082 9 159602 9 160123 7 160645 5 161166 5 161680 3 161686 6 162199 14 162718 15 163238 16 163757 17 164277 17 164797 17 165317 17 165836 18 166356 18 166876 18 167395 19 167915 19 168435 19 168955 19 169475 19 169995 18 170515 18 171036 17 171557 15 172079 13 172601 10 173122 7
d6eb7ce7723e2f6dc13b90b41a29ded27dbd815bad633fdf582447c686018896,481 14 1000 15 1519 16 2039 15 2558 15 3078 15 3598 14 4117 14 4637 14 5157 13 5677 13 6198 11 6718 11 7238 10 7759 7 8281 2
d6eb7ce7723e2f6dc13b90b41a29ded27dbd815bad633fdf582447c686018896,121155 2 121673 6 122190 11 122699 4 122709 12 123217 9 123228 13 123736 25 124255 26 124774 27 125294 27 125813 28 126333 28 126853 28 127373 28 127893 28 128413 27 128933 18 128952 7 129452 18 129971 18 130484 24 131003 24 131522 25 132041 31 132561 32 133080 33 133599 35 134119 35 134639 35 135158 36 135679 35 136199 34 136720 31 137241 11 137256 14 137763 7 137777 11 138284 5 138298 8 138819 6 139342 2
d6eb7ce7723e2f6dc13b90b41a29ded27dbd815bad633fdf582447c686018896,89932 2 90448 5 90967 6 91488 5 92009 4 92531 8 93051 10 93571 11 94090 13 94609 14 95129 13 95649 13 96168 14 96688 14 97209 6
d6eb7ce7723e2f6dc13b90b41a29ded27dbd815bad633fdf582447c686018896,6220 1 6738 4 7257 5 7776 6 8294 9 8809 16 9328 18 9848 19 10369 17 10889 17 11409 16 11929 12 11942 3 12449 11 12462 2 12969 8 12982 1 13490 7 14010 7 14530 8 15049 11 15568 11 16089 8 16612 3
d6eb7ce7723e2f6dc13b90b41a29ded27dbd815bad633fdf582447c686018896,17660 2 18180 3 18699 4 19219 4 19739 4 20259 3 20780 2
d6eb7ce7723e2f6dc13b90b41a29ded27dbd815bad633fdf582447c686018896,153914 4 154432 9 154951 10 155470 11 155989 12 156508 13 157027 14 157547 14 158066 15 158586 15 159105 16 159625 16 160145 16 160664 17 161184 17 161705 16 162225 16 162746 15 163267 11 163789 7 164311 1
d6eb7ce7723e2f6dc13b90b41a29ded27dbd815bad633fdf582447c686018896,2065 3 2585 4 3105 4 3625 2
d6eb7ce7723e2f6dc13b90b41a29ded27dbd815bad633fdf582447c686018896,85792 1 85796 1 86307 10 86827 9 87348 7
d6eb7ce7723e2f6dc13b90b41a29ded27dbd815bad633fdf582447c686018896,100356 5 100874 7 101393 8 101913 8 102432 9 102952 9 103472 9 103992 9 104512 9 105033 8 105553 8 106074 7 106595 6 107116 4
d6eb7ce7723e2f6dc13b90b41a29ded27dbd815bad633fdf582447c686018896,1559 2 2080 1 2600 1 3120 1 3640 1
d6eb7ce7723e2f6dc13b90b41a29ded27dbd815bad633fdf582447c686018896,179919 2 180439 2 180959 2
d8d4bf68a76e4e4c5f21de7ac613451f7115a04db686151e78b8ec0b6a22022b,32270 3 32525 5 32780 6 33034 8 33290 8 33546 8 33802 7 34059 6 34317 3
d8d4bf68a76e4e4c5f21de7ac613451f7115a04db686151e78b8ec0b6a22022b,34833 2 35086 7 35341 9 35597 10 35852 11 36108 11 36364 11 36619 12 36876 10 37132 9 37388 9 37645 6
d8d4bf68a76e4e4c5f21de7ac613451f7115a04db686151e78b8ec0b6a22022b,578 2 832 5 1087 7 1343 8 1599 8 1855 8 2111 8 2368 7 2625 5 2882 3
d8d4bf68a76e4e4c5f21de7ac613451f7115a04db686151e78b8ec0b6a22022b,3396 5 3651 8 3906 10 4161 11 4417 12 4673 12 4929 12 5185 12 5441 11 5698 9 5955 7 6213 2
d8d4bf68a76e4e4c5f21de7ac613451f7115a04db686151e78b8ec0b6a22022b,15171 5 15426 7 15681 8 15937 9 16193 9 16449 8 16705 8 16962 6 17220 2
d8d4bf68a76e4e4c5f21de7ac613451f7115a04db686151e78b8ec0b6a22022b,64927 4 65182 7 65438 7
da6c593410340b19bb212b9f6d274f95b08c0fc8f2570cd66bc5ed42c560acab,1 2 513 1
da6c593410340b19bb212b9f6d274f95b08c0fc8f2570cd66bc5ed42c560acab,38406 5 38917 8 39428 10 39940 11 40451 13 40963 14 41474 16 41985 19 42497 21 43009 22 43521 23 44033 24 44545 24 45057 25 45569 26 46081 26 46593 26 47105 26 47617 26 47647 4 48129 29 48159 5 48641 22 48664 6 48671 6 49153 21 49176 5 49183 6 49665 21 49687 5 49695 7 50177 25 50206 8 50689 24 50718 9 51201 24 51229 10 51713 24 51741 11 52225 25 52253 12 52737 26 52764 13 53249 40 53761 40 54273 40 54785 39 55297 39 55809 38 56321 38 56834 36 57347 34 57860 33 58373 31 58887 28 59401 26 59914 25 60426 24 60939 23 61452 21 61965 20 62478 18 62991 17 63504 15 64017 9 64530 6
da6c593410340b19bb212b9f6d274f95b08c0fc8f2570cd66bc5ed42c560acab,69121 2 69633 4 70145 5 70657 5 71169 5 71681 5 72193 5 72705 6 73217 6 73729 9 74241 11 74753 12 75265 13 75777 14 76289 15 76801 15 77313 16 77825 17 78337 17 78849 17 79361 17 79873 20 80385 22 80897 27 81409 29 81921 30 82433 30 82945 30 83457 31 83969 31 84481 31 84993 31 85505 31 86017 31 86529 31 87041 31 87553 30 88065 30 88577 29 89089 28 89601 27 90113 26 90625 26 91137 25 91649 24 92161 23 92673 20 93185 18 93697 17 94209 16 94723 13 95237 9
da6c593410340b19bb212b9f6d274f95b08c0fc8f2570cd66bc5ed42c560acab,238081 2 238089 5 238593 15 239105 17 239617 18 240129 19 240641 20 241153 21 241665 22 242177 23 242689 24 243201 24 243713 23 244225 23 244737 23 245249 23 245761 23 246273 22 246785 22 247297 22 247809 23 248321 22 248833 22 249345 20 249857 13 249873 3 250369 12 250881 10 251393 8 251905 8 252417 7 252929 2 253441 2 253953 3 254465 5 254977 6 255489 7 256001 7 256513 8 257025 9 257537 9 258049 10 258561 11 259073 11 259585 12 260097 11 260609 10 261121 6
da6c593410340b19bb212b9f6d274f95b08c0fc8f2570cd66bc5ed42c560acab,293392 6 293900 13 294404 23 294913 28 295425 30 295937 31 296449 32 296961 33 297473 35 297985 36 298497 37 299009 38 299521 39 300033 40 300545 41 301057 41 301569 42 302081 42 302593 42 303105 41 303617 41 304129 41 304641 41 305153 40 305665 40 306177 39 306689 38 307201 38 307713 36 308225 35 308737 33 309249 32 309761 30 310274 27 310788 23 311303 18 311817 13 312335 4
da6c593410340b19bb212b9f6d274f95b08c0fc8f2570cd66bc5ed42c560acab,336901 5 337411 7 337921 10 338433 10 338945 10 339457 10 339969 10 340481 10 340993 10 341505 10 342017 10 342529 10 343041 9 343553 9 344065 9 344577 9 345089 8 345601 8 346113 8 346625 8 347137 7 347649 7
da6c593410340b19bb212b9f6d274f95b08c0fc8f2570cd66bc5ed42c560acab,328744 2 329255 4 329766 5 330276 7 330787 8 331298 9 331807 11 332316 13 332827 14 333338 14 333848 16 334359 17 334870 18 335381 19 335890 22 336402 22 336913 22 337425 22 337937 22 338449 22 338961 21 339473 21 339985 21 340497 20 341008 21 341520 21 342031 21 342543 21 343055 21 343566 22 344078 21 344590 21 345102 20 345614 20 346125 21 346637 21 347149 20 347661 20
da6c593410340b19bb212b9f6d274f95b08c0fc8f2570cd66bc5ed42c560acab,284189 5 284699 9 285210 12 285721 14 286232 16 286744 17 287256 19 287768 20 288280 21 288791 22 289304 21 289816 20 290330 18 290843 16 291356 15 291872 10 292385 3
da6c593410340b19bb212b9f6d274f95b08c0fc8f2570cd66bc5ed42c560acab,238655 4 239153 20 239660 26 240170 30 240674 39 241185 41 241696 43 242207 44 242718 46 243230 47 243743 47 244255 52 244767 54 245280 54 245793 54 246305 54 246818 54 247330 54 247843 52 248356 51 248869 49 249382 47 249895 45 250409 41 250924 37 251438 33 251953 29 252467 26 252981 24 253502 14 254017 10 254531 6
da6c593410340b19bb212b9f6d274f95b08c0fc8f2570cd66bc5ed42c560acab,34377 2 34888 5 35399 6 35910 7 36420 8 36927 13 37436 16 37944 20 38455 21 38965 23 39475 25 39986 26 40498 26 41009 27 41520 28 42032 28 42543 29 43054 30 43566 30 44077 31 44588 32 45100 32 45611 33 46122 35 46632 37 47143 38 47655 38 48168 38 48680 38 49192 38 49705 37 50217 10 50231 22 50730 8 50744 21 51244 1 51257 19 51771 17 52284 15 52797 12 53311 9 53825 5
da6c593410340b19bb212b9f6d274f95b08c0fc8f2570cd66bc5ed42c560acab,55342 9 55852 13 56364 21 56875 24 57387 26 57898 28 58410 29 58922 30 59433 31 59945 32 60456 34 60968 35 61480 36 61992 37 62504 38 63016 39 63528 40 64040 40 64553 39 65065 40 65578 40 66091 40 66604 40 67117 40 67631 39 68143 40 68655 41 69167 41 69680 41 70192 41 70704 42 71217 40 71729 40 72241 39 72752 38 73264 36 73777 33 74290 31 74804 15 74823 2 75317 10 75831 3
da6c593410340b19bb212b9f6d274f95b08c0fc8f2570cd66bc5ed42c560acab,314962 5 315472 8 315983 11 316494 14 317004 17 317515 18 318026 19 318537 19 319047 21 319558 22 320069 23 320580 24 321091 24 321602 25 322114 25 322625 26 323137 25 323648 26 324160 26 324671 27 325183 27 325694 27 326206 27 326718 27 327229 28 327741 28 328253 27 328764 28 329276 28 329788 27 330299 28 330811 28 331323 27 331834 28 332346 28 332857 28 333368 29 333879 29 334391 29 334902 30 335413 30 335925 30 336437 30 336948 30 337460 30 337972 30 338484 29 338996 29 339508 29 340020 29 340532 28 341044 28 341556 28 342067 29 342579 28 343092 27 343604 26 344116 25 344628 25 345140 24 345652 24 346165 22 346677 21 347189 20 347701 19
da6c593410340b19bb212b9f6d274f95b08c0fc8f2570cd66bc5ed42c560acab,6223 2 6732 6 7242 9 7753 11 8264 12 8774 14 9286 14 9797 14 10308 14 10819 8 11330 8 11841 9 12353 8 12865 7 13377 7 13889 6 14401 5 14914 3
da6c593410340b19bb212b9f6d274f95b08c0fc8f2570cd66bc5ed42c560acab,14945 5 15430 5 15444 4 15454 11 15942 7 15954 24 16453 38 16965 39 17477 40 17988 43 18500 45 19012 46 19524 47 20036 47 20549 46 21061 46 21574 45 22086 45 22598 45 23111 43 23623 42 24135 40 24648 38 25160 37 25673 35 26185 34 26698 32 27211 30 27724 29 28237 27 28750 26 29263 26 29776 25 30289 24 30802 24 31314 24 31827 23 32338 25 32850 25 33362 26 33874 27 34385 29 34897 29 35409 30 35921 31 36432 33 36945 32 37457 32 37969 32 38481 32 38993 32 39505 32 40017 33 40529 33 41042 32 41554 29 42067 27 42579 26 43091 26 43603 27 44115 28 44628 28 45140 29 45652 29 46165 29 46677 30 47190 30 47702 30 48214 31 48726 31 49239 31 49751 31 50264 30 50777 29 51290 28 51803 27 52316 27 52829 26 53342 25 53856 22 54369 19 54882 8
da6c593410340b19bb212b9f6d274f95b08c0fc8f2570cd66bc5ed42c560acab,274535 5 275046 7 275556 9 276067 10 276578 11 277088 13 277598 15 278108 17 278618 19 279128 21 279639 22 280149 23 280660 24 281172 24 281683 24 282194 25 282705 25 283217 25 283728 25 284239 26 284751 25 285262 25 285774 23 286286 21 286798 20 287310 18 287823 16 288336 13 288856 4
da6c593410340b19bb212b9f6d274f95b08c0fc8f2570cd66bc5ed42c560acab,198275 3 198785 7 199295 13 199805 17 200314 21 200825 24 201338 25 201851 27 202364 28 202876 33 203388 43 203436 13 203900 62 204412 63 204924 63 205436 63 205949 62 206461 62 206973 61 207485 61 207993 65 208504 65 209015 63 209526 63 210036 64 210545 67 211056 69 211567 72 212078 75 212589 77 213101 78 213613 78 214125 77 214637 65 214705 5 215149 64 215661 61 216173 57 216685 55 217197 53 217709 51 218221 49 218734 46 219247 43 219761 38 220274 26 220788 23 221302 21 221814 23 222323 27 222823 5 222832 33 223331 48 223841 52 224352 55 224861 59 225370 63 225880 66 226391 67 226902 68 227413 68 227924 69 228436 68 228948 67 229461 63 229974 58 230487 55 230999 53 231512 49 232025 44 232538 41 233051 36 233564 29 234078 12 234594 5
da6c593410340b19bb212b9f6d274f95b08c0fc8f2570cd66bc5ed42c560acab,273118 2 273622 3 273627 13 274130 23 274639 27 275150 29 275661 31 276172 33 276683 35 277193 38 277703 41 278213 44 278723 47 279233 50 279743 52 280254 53 280764 55 281274 57 281785 58 282296 59 282807 60 283318 61 283829 62 284340 63 284852 63 285347 6 285363 64 285857 10 285875 64 286368 12 286386 65 286878 15 286897 65 287390 16 287408 65 287901 82 288413 80 288924 80 289435 80 289947 80 290458 80 290968 81 291479 81 291990 80 292502 79 293013 78 293525 76 294036 75 294548 74 295059 74 295571 73 296082 72 296594 71 297106 69 297618 68 298129 68 298641 65 299154 62 299664 62 300174 64 300685 65 301197 64 301708 65 302219 66 302731 65 303242 65 303754 63 304266 60 304777 53 305289 50 305800 49 306311 43 306355 4 306823 42 307334 42 307845 43 308357 43 308868 44 309379 45 309890 46 310401 47 310912 48 311423 49 311933 50 312445 48 312956 48 313468 47 313979 48 314491 48 315002 49 315514 49 316025 50 316537 49 317048 50 317560 49 318071 48 318583 47 319094 47 319606 47 320118 47 320629 13 320645 31 321141 12 321158 30 321652 13 321671 29 322155 3 322164 13 322184 28 322666 5 322676 13 322697 27 323177 6 323187 14 323209 26 323688 7 323699 13 323721 26 324200 7 324210 13 324233 16 324254 4 324711 8 324722 13 324745 15 325223 9 325233 13 325258 13 325734 24 325770 12 326246 24 326283 10 326757 24 326797 7 327269 24 327781 24 328292 24 328804 24 329316 23 329829 21 330341 21 330854 19 331366 19 331878 18 332391 17 332903 16 333414 17 333926 16 334439 14 334950 14 335462 10 335974 9 336477 3 336486 8 336989 4 336998 8 337500 5 337510 8 338012 5 338022 8 338524 5 338534 8 339036 18 339548 18 340060 19 340573 18 341085 19 341598 19 342117 12 342631 11 343144 10 343656 10 344168 10 344680 10 345192 10 345704 10 346216 10 346728 10 347240 10 347752 10
da6c593410340b19bb212b9f6d274f95b08c0fc8f2570cd66bc5ed42c560acab,28804 4 29314 16 29825 20 30336 22 30848 24 31359 26 31871 27 32382 29 32894 30 33406 32 33918 32 34430 33 34942 34 35454 35 35966 36 36478 37 36989 38 37500 40 38012 40 38524 40 39037 39 39551 36 40064 35 40577 33 41090 30 41602 28 42115 20 42629 5
da6c593410340b19bb212b9f6d274f95b08c0fc8f2570cd66bc5ed42c560acab,253589 9 254099 14 254609 18 255119 21 255630 23 256140 25 256651 27 257161 29 257672 31 258182 33 258692 35 259201 38 259712 39 260223 40 260735 40 261247 40 261758 41 262270 41 262781 42 263293 42 263805 42 264317 41 264829 41 265341 41 265853 42 266365 42 266877 42 267390 41 267902 41 268415 39 268928 37 269441 36 269953 35 270466 33 270979 30 271492 27 272005 24 272517 23 273031 20 273544 17 274059 6
da6c593410340b19bb212b9f6d274f95b08c0fc8f2570cd66bc5ed42c560acab,177307 12 177817 17 178327 28 178838 31 179350 33 179862 35 180373 37 180885 38 181398 39 181910 40 182423 40 182935 41 183448 41 183961 42 184473 44 184965 1 184969 4 184986 45 185477 11 185498 46 185989 13 186010 47 186501 15 186520 49 187013 68 187526 67 188038 68 188551 70 189065 71 189578 73 190091 82 190603 85 191116 36 191155 48 191629 35 191669 49 192141 36 192181 50 192654 91 193167 91 193684 41 193727 47 194197 41 194241 48 194710 45 194757 48 195224 43 195270 51 195741 93 196257 39 196297 49 196773 86 197288 5 197301 22 197324 46 197820 15 197847 33 198338 9 198365 24 198853 3 198880 18
da6c593410340b19bb212b9f6d274f95b08c0fc8f2570cd66bc5ed42c560acab,11923 9 12430 21 12941 25 13452 28 13962 31 14473 33 14984 36 15495 39 16007 41 16519 42 17031 44 17543 45 18055 46 18568 46 19080 47 19593 47 20106 47 20621 44 21135 42 21648 42 22162 40 22676 38 23192 35 23707 32 24222 29 24737 27 25250 26 25764 25 26278 23 26791 22 27303 22 27817 20 28330 19 28843 18 29359 13 29873 9 30386 7 30899 5 31412 4
da6c593410340b19bb212b9f6d274f95b08c0fc8f2570cd66bc5ed42c560acab,70304 6 70814 14 71325 18 71835 23 72346 26 72858 28 73369 30 73880 33 74392 35 74903 37 75415 39 75926 41 76438 42 76950 42 77463 41 77975 41 78487 41 79000 40 79512 40 80025 39 80537 39 81050 38 81562 37 82075 35 82588 33 83102 30 83616 28 84131 18 84646 10
da6c593410340b19bb212b9f6d274f95b08c0fc8f2570cd66bc5ed42c560acab,245451 12 245959 19 246469 22 246979 25 247488 29 247990 40 248501 41 249011 44 249522 46 250031 50 250542 52 251053 54 251564 56 252076 57 252588 57 253100 58 253614 56 254127 54 254640 53 255153 51 255665 50 256178 49 256690 49 257203 47 257716 45 258229 43 258741 42 259254 39 259766 37 260279 34 260792 30 261304 27 261818 21 262331 18 262847 11 263363 5
da6c593410340b19bb212b9f6d274f95b08c0fc8f2570cd66bc5ed42c560acab,92853 10 92867 12 93367 25 93881 23 94402 14 94917 7
da6c593410340b19bb212b9f6d274f95b08c0fc8f2570cd66bc5ed42c560acab,31422 2 31932 6 32441 12 32955 11 33469 9 33982 8 34497 4
da6c593410340b19bb212b9f6d274f95b08c0fc8f2570cd66bc5ed42c560acab,10464 5 10971 15 11473 28 11980 34 12488 39 12998 41 13505 47 14014 50 14525 51 15036 52 15548 52 16059 53 16571 53 17083 53 17595 53 18107 52 18620 51 19133 49 19646 46 20158 44 20670 41 21182 40 21695 37 22207 36 22721 32 23235 28 23750 23 24264 20 24778 17 25292 14 25805 12 26321 6
da6c593410340b19bb212b9f6d274f95b08c0fc8f2570cd66bc5ed42c560acab,170713 2 171222 9 171732 13 172244 14 172755 17 173266 19 173778 20 174290 21 174802 22 175313 25 175825 28 176337 30 176850 31 177362 33 177874 35 178386 37 178899 37 179411 38 179923 39 180435 40 180947 41 181460 40 181972 41 182485 41 182998 40 183511 39 184024 38 184538 36 185052 34 185566 32 186084 26 186609 13 187124 10
da6c593410340b19bb212b9f6d274f95b08c0fc8f2570cd66bc5ed42c560acab,227059 5 227567 13 228074 20 228582 24 229093 26 229605 27 230116 28 230628 29 231140 30 231651 31 232163 32 232211 15 232675 32 232718 23 233187 34 233226 28 233699 68 234212 68 234724 69 235237 69 235750 69 236262 69 236776 68 237291 10 237304 52 237805 6 237816 53 238328 53 238839 54 239351 54 239863 54 240374 55 240886 55 241397 56 241908 57 242420 57 242931 56 243443 53 243955 50 244467 47 244979 45 245491 43 246004 40 246516 38 247029 35 247542 32 248055 28 248569 22 249083 12
da6c593410340b19bb212b9f6d274f95b08c0fc8f2570cd66bc5ed42c560acab,158451 3 158962 5 159473 7 159984 8 160496 2 160500 3 161013 1
da6c593410340b19bb212b9f6d274f95b08c0fc8f2570cd66bc5ed42c560acab,18681 6 19192 12 19703 16 20214 19 20725 23 21236 26 21747 29 22258 32 22770 34 23281 37 23793 39 24305 41 24817 43 25330 43 25843 42 26365 32 26879 30 27395 26 27911 22 28423 21 28935 19 29448 16 29960 15 30473 12 30987 3
da6c593410340b19bb212b9f6d274f95b08c0fc8f2570cd66bc5ed42c560acab,150258 3 150770 3 151282 3
da6c593410340b19bb212b9f6d274f95b08c0fc8f2570cd66bc5ed42c560acab,153335 3 153846 5 154358 6 154869 7 155381 7 155892 8 156404 8 156917 6 157429 5
da6c593410340b19bb212b9f6d274f95b08c0fc8f2570cd66bc5ed42c560acab,157961 3 158473 3 158984 5 159495 6 160006 7 160517 9 160535 4 161029 9 161046 5 161540 9 161557 7 162052 9 162068 8 162564 9 162579 10 163076 9 163090 11 163587 11 163601 12 164099 27 164611 27 165123 27 165635 27 166147 27 166658 28 167170 28 167682 28 168194 28 168706 29 169218 29 169731 28 170244 27 170757 26 171270 25 171783 24 172296 23 172809 22 173322 22 173836 20 174350 18 174863 17 175375 17 175888 15 176402 12 176915 9 177429 5
da6c593410340b19bb212b9f6d274f95b08c0fc8f2570cd66bc5ed42c560acab,326 73 839 73 1351 73 1864 73 2377 72 2889 73 3401 75 3911 81 4421 86 4931 93 5441 97 5951 101 6414 12 6462 104 6924 18 6973 107 7435 25 7481 112 7946 28 7989 117 8457 30 8499 120 8969 31 9008 123 9481 32 9519 123 9992 33 10030 123 10504 34 10541 122 11015 121 11143 31 11527 119 11660 25 12039 118 12181 14 12552 118 13064 119 13577 119 14091 7 14101 108 14615 108 15129 8 15142 94 15642 6 15657 12 15670 80 16156 4 16170 10 16184 80 16670 2 16683 9 16698 80 17196 9 17211 81 17708 9 17724 81 18221 8 18237 82 18733 8 18752 80 19247 5 19266 80 19780 79 20294 78 20808 77 21322 76 21835 76 22350 74 22869 67 23390 59 23916 45 24434 39 24951 34 25466 30 25981 2 25988 20 26503 17 27017 14 27531 11 28046 6
da6c593410340b19bb212b9f6d274f95b08c0fc8f2570cd66bc5ed42c560acab,125711 6 126222 14 126733 19 127244 22 127755 24 128267 26 128779 27 129291 28 129803 29 130315 30 130827 31 131339 31 131851 32 132363 31 132875 31 133387 31 133899 30 134411 29 134924 28 135436 26 135949 24 136461 22 136973 21 137486 18 138000 15 138514 11 139028 7 139541 4
da6c593410340b19bb212b9f6d274f95b08c0fc8f2570cd66bc5ed42c560acab,253772 1 254282 5 254305 5 254793 7 254815 12 255304 8 255326 15 255814 11 255835 19 256324 13 256346 20 256835 14 256858 20 257346 16 257370 21 257857 17 257882 21 258368 18 258395 21 258880 18 258907 23 259392 17 259419 23 259903 18 259930 26 260414 19 260442 27 260925 20 260953 29 261436 22 261465 30 261947 23 261976 31 262435 10 262459 24 262488 32 262942 20 262970 25 263000 32 263453 24 263481 27 263511 33 263964 26 263992 65 264475 94 264986 96 265497 97 266009 98 266521 98 267033 99 267545 99 268056 100 268568 100 269079 101 269586 106 270096 108 270607 47 270656 60 271118 48 271169 59 271630 49 271681 59 272141 50 272194 58 272653 50 272706 58 273165 51 273218 58 273677 51 273731 57 274189 50 274243 58 274701 50 274755 9 274765 48 275213 49 275267 9 275277 49 275725 49 275779 59 276237 49 276292 58 276749 49 276804 35 276845 3 276849 14 277261 49 277316 33 277363 12 277773 49 277829 32 277877 10 278286 48 278341 4 278347 14 278366 6 278389 10 278798 48 278854 1 278861 2 278901 10 279311 46 279413 11 279824 45 279925 11 280336 45 280437 11 280848 45 280949 11 281360 44 281461 11 281872 44 281973 11 282384 43 282484 12 282897 38 282996 12 283409 37 283507 14 283923 17 283947 10 284018 15 284436 15 284461 7 284530 14 284949 14 284975 2 285042 14 285462 13 285553 15 285975 11 286065 15 286487 10 286576 16 287000 8 287088 16 287513 6 287599 17 288110 18 288622 17 289134 17 289646 17 290158 16 290670 16 291182 16 291694 16 292207 14 292720 7 293232 6 293746 2
da6c593410340b19bb212b9f6d274f95b08c0fc8f2570cd66bc5ed42c560acab,223506 2 224017 4 224528 5
da6c593410340b19bb212b9f6d274f95b08c0fc8f2570cd66bc5ed42c560acab,146222 8 146731 12 147241 14 147744 24 148255 25 148765 28 149276 29 149788 29 150299 31 150811 31 151323 31 151836 30 152348 30 152861 29 153373 29 153885 29 154398 28 154910 29 155423 28 155936 28 156449 27 156962 26 157475 26 157988 25 158501 7 158509 17 159015 2 159021 17 159533 18 160045 5 160052 11 160556 5 160564 11 161069 2 161076 11 161588 12 162100 12 162612 12 163124 12 163635 12 164147 12 164658 13 165170 14 165681 17 166193 17 166705 18 167217 18 167728 19 168239 21 168751 20 169262 21 169774 20 170285 21 170797 22 171309 23 171821 24 172333 24 172845 25 173357 25 173869 26 174381 26 174893 26 175405 26 175917 25 176429 25 176942 23 177454 23 177967 21 178480 19 178992 17 179505 10
da6c593410340b19bb212b9f6d274f95b08c0fc8f2570cd66bc5ed42c560acab,97602 2 98112 5 98624 5 99135 6 99645 8 100154 11 100666 9 101178 10 101690 10 102202 9 102714 9 103227 7 103740 5 104253 3
da6c593410340b19bb212b9f6d274f95b08c0fc8f2570cd66bc5ed42c560acab,103765 1 104275 5 104787 6 105298 7 105809 9 106321 9 106814 3 106833 9 107325 5 107345 10 107837 5 107857 10 108349 6 108369 9 108861 8 108877 13 109374 8 109387 15 109887 8 109897 16 110401 24 110914 22 111427 21 111939 21 112452 20 112965 19 113477 18 113988 19 114499 19 115010 19 115519 22 116030 22 116542 22 117054 21 117566 21 118079 19 118592 18 119107 15 119620 14 120133 12 120645 11 121159 4
da6c593410340b19bb212b9f6d274f95b08c0fc8f2570cd66bc5ed42c560acab,138572 6 139080 15 139591 21 140102 23 140613 25 140647 5 141124 27 141157 8 141635 30 141667 11 142146 46 142658 47 143170 51 143681 53 144193 53 144705 54 145217 56 145729 57 146241 57 146753 58 147265 58 147777 59 148289 59 148802 58 149314 58 149826 57 150339 56 150851 55 151362 56 151874 55 152386 55 152898 54 153410 53 153922 51 154434 49 154945 36 154986 7 155457 35 155969 34 156481 34 156994 33 157506 32 158019 31 158532 30 159044 29 159557 28 160069 28 160582 27 161094 27 161607 26 162120 25 162633 24 163146 24 163659 23 164172 22 164685 21 165198 20 165711 19 166225 17 166738 15 167252 11
da6c593410340b19bb212b9f6d274f95b08c0fc8f2570cd66bc5ed42c560acab,106820 1 107331 2 107844 1
da6c593410340b19bb212b9f6d274f95b08c0fc8f2570cd66bc5ed42c560acab,217458 4 217969 6 218480 8 218992 9 219504 10 220016 10 220529 9 221042 7 221555 2
da6c593410340b19bb212b9f6d274f95b08c0fc8f2570cd66bc5ed42c560acab,251813 5 252324 7 252835 10 253345 14 253854 18 254365 21 254876 24 255388 25 255878 7 255899 29 256387 12 256411 32 256895 18 256922 34 257406 64 257918 65 258429 68 258941 69 259452 71 259964 73 260476 76 260988 78 261500 80 262012 81 262524 84 263036 85 263548 86 264060 87 264572 88 265084 89 265597 89 265689 9 266109 102 266621 103 267134 103 267646 104 268159 103 268671 104 269183 105 269695 105 270207 106 270720 106 271232 108 271745 109 272257 112 272770 112 273283 112 273795 113 274308 90 274399 22 274822 87 274912 22 275335 86 275425 22 275847 33 275883 50 275938 21 276360 31 276396 49 276451 20 276872 30 276909 48 276963 21 277384 29 277422 48 277476 20 277897 28 277935 47 277988 20 278410 26 278447 47 278500 21 278922 25 278960 46 279013 20 279435 23 279473 46 279525 21 279949 20 279986 45 280038 20 280474 6 280498 46 280550 20 281011 46 281062 21 281524 46 281575 20 282037 46 282087 20 282549 46 282600 20 283062 46 283113 19 283574 46 283625 19 284086 46 284137 19 284599 46 284650 17 285112 45 285163 16 285624 46 285676 15 286137 45 286189 13 286650 44 286703 11 287166 40 287216 9 287682 36 287728 9 288196 34 288240 8 288709 34 288753 6 289222 33 289266 2 289735 32 290248 31 290761 30 291274 29 291786 29 292299 28 292811 28 293323 27 293835 27 294347 26 294859 26 295371 25 295884 23 296397 20 296910 17 297424 12
da6c593410340b19bb212b9f6d274f95b08c0fc8f2570cd66bc5ed42c560acab,191368 1 191878 5 192388 8 192900 9 193412 10 193925 9 194438 7 194951 5
da6c593410340b19bb212b9f6d274f95b08c0fc8f2570cd66bc5ed42c560acab,227730 2 228236 9 228742 15 229253 16 229766 14 230279 13 230791 12 231305 10 231820 6
da6c593410340b19bb212b9f6d274f95b08c0fc8f2570cd66bc5ed42c560acab,197011 8 197520 14 198030 18 198541 21 199052 24 199558 33 200070 36 200582 41 201094 42 201607 42 202119 42 202632 41 203145 40 203657 39 204170 38 204683 37 205196 35 205709 34 206221 33 206735 30 207249 27 207762 25 208277 19 208792 15 209313 4
da6c593410340b19bb212b9f6d274f95b08c0fc8f2570cd66bc5ed42c560acab,133538 2 134041 14 134548 20 135058 24 135569 26 136079 28 136589 30 137100 31 137611 32 138123 32 138636 31 139148 31 139660 31 140172 31 140685 31 141198 30 141711 29 142224 28 142736 28 143248 29 143761 28 144273 28 144785 28 145298 27 145811 26 146323 25 146836 23 147349 21 147862 19 148376 15 148891 10 149405 5
da6c593410340b19bb212b9f6d274f95b08c0fc8f2570cd66bc5ed42c560acab,160145 2 160654 7 161166 9 161678 10 162191 9 162704 8 163216 9 163729 8 164242 8 164754 9 165266 10 165778 10 166290 11 166802 12 167315 12 167827 13 168340 12 168853 12 169366 11 169879 11 170392 10 170905 10 171418 9 171933 6
da6c593410340b19bb212b9f6d274f95b08c0fc8f2570cd66bc5ed42c560acab,164817 1 165325 8 165834 13 165858 2 166344 18 166368 6 166855 33 167367 35 167878 37 168390 39 168902 40 169413 43 169925 45 170436 47 170948 48 171460 49 171972 49 172484 50 172996 51 173508 51 174020 52 174532 53 175044 53 175557 52 176069 53 176581 53 177093 53 177606 52 178118 52 178632 50 179145 49 179658 42 180167 2 180171 38 180670 50 181180 51 181689 21 181713 30 182199 24 182228 26 182709 27 182747 18 183219 31 183262 14 183731 33 183775 12 184243 39 184288 12 184755 57 185256 8 185267 58 185767 71 186278 73 186789 75 187301 76 187813 77 188325 78 188837 78 189350 78 189863 13 189882 59 190377 9 190398 55 190890 7 190914 52 191405 1 191428 50 191941 49 192454 48 192967 46 193480 44 193993 42 194506 41 195019 39 195532 38 196044 37 196556 37 197068 36 197580 35 198092 35 198605 33 199118 31 199630 30 200143 28 200655 26 201167 25 201680 23 202192 22 202705 20 203218 18 203731 15 204246 9
da6c593410340b19bb212b9f6d274f95b08c0fc8f2570cd66bc5ed42c560acab,210369 4 210879 13 211387 25 211897 29 212408 31 212919 34 213431 35 213942 37 214454 38 214966 41 215478 45 215991 45 216503 46 217015 47 217527 47 218039 47 218552 47 219064 47 219577 46 220090 45 220602 45 221115 43 221628 41 222141 38 222654 35 223168 31 223683 26 224197 9 224710 6
da6c593410340b19bb212b9f6d274f95b08c0fc8f2570cd66bc5ed42c560acab,441 43 509 4 954 4 963 31 1019 6 1479 25 1529 8 1999 16 2020 5 2037 12 2515 46 3028 45 3541 44 4052 45 4562 47 5074 43 5587 8 5596 26 6101 5 6115 16
da6c593410340b19bb212b9f6d274f95b08c0fc8f2570cd66bc5ed42c560acab,111044 3 111554 7 112066 8 112577 10 113089 12 113600 15 114111 17 114623 18 115134 20 115646 21 116158 21 116670 21 117182 21 117695 20 118207 19 118719 19 119232 17 119750 11 120263 9 120776 8 121288 7 121801 6 122314 4
da6c593410340b19bb212b9f6d274f95b08c0fc8f2570cd66bc5ed42c560acab,246254 3 246764 6 247276 6 247787 7 248298 7 248809 8 249320 9 249832 9 250344 9 250856 10 251368 14 251880 16 252392 17 252414 3 252905 17 252924 5 253417 24 253930 23 254443 22 254955 22 255468 21 255980 21 256493 20 257005 20 257518 19 258030 19 258543 18 259056 17 259568 17 260081 16 260594 15 261106 15 261619 14 262132 13 262644 13 263157 12 263670 11 264183 10 264695 10 265208 9 265721 8 266235 6 266748 5 267261 4 267774 3 268287 2
da6c593410340b19bb212b9f6d274f95b08c0fc8f2570cd66bc5ed42c560acab,198646 1 199152 11 199663 13 200174 15 200686 17 201198 18 201709 20 202221 20 202733 20 203245 20 203758 19 204270 19 204783 18 205295 18 205807 18 206319 18 206832 17 207344 17 207856 17 208369 16 208882 15 209394 15 209907 14 210421 12 210934 11 211448 9 211961 8 212474 7 212987 6 213499 6 214011 6 214522 7 215033 8 215544 9 216056 9 216568 9 217080 9 217592 9 218105 8 218617 8 219130 7 219642 7 220155 6 220667 6 221179 6 221691 6 222204 5 222716 5 223228 5 223740 5 224253 4 224766 3 225279 2 225792 1
da6c593410340b19bb212b9f6d274f95b08c0fc8f2570cd66bc5ed42c560acab,101375 2 101887 2 102398 3 102910 3 103422 3 103935 2 104447 2
dab46d798d29aff2e99c23f47ed3064f5cafb1644629b015c95a2dd2ee593bb4,59950 3 60204 7 60459 9 60715 9 60970 11 61226 11 61481 12 61737 12 61993 12 62249 11 62506 9 62762 8 63019 6
dab46d798d29aff2e99c23f47ed3064f5cafb1644629b015c95a2dd2ee593bb4,36920 7 37175 11 37429 14 37684 16 37939 18 38194 19 38450 19 38705 20 38961 19 39218 18 39474 17 39731 15 39988 13 40245 10 40503 6
dab46d798d29aff2e99c23f47ed3064f5cafb1644629b015c95a2dd2ee593bb4,61028 1 61281 7 61536 10 61791 12 62046 13 62301 14 62556 15 62812 15 63068 15 63323 15 63579 15 63836 14 64092 13 64349 12 64606 9 64863 7
dab46d798d29aff2e99c23f47ed3064f5cafb1644629b015c95a2dd2ee593bb4,20877 5 21132 7 21388 8 21643 10 21899 11 22156 11 22412 11 22669 11 22925 11 23182 10 23439 9 23697 7 23955 3
dab46d798d29aff2e99c23f47ed3064f5cafb1644629b015c95a2dd2ee593bb4,17563 7 17817 11 18072 14 18328 15 18583 17 18839 18 19095 18 19352 18 19608 18 19865 17 20121 17 20378 16 20635 15 20893 12 21150 10 21408 6
dab46d798d29aff2e99c23f47ed3064f5cafb1644629b015c95a2dd2ee593bb4,15304 4 15558 9 15813 12 16069 14 16325 15 16581 15 16838 15 17095 14 17352 13 17609 12 17867 9 18126 4
dab46d798d29aff2e99c23f47ed3064f5cafb1644629b015c95a2dd2ee593bb4,4070 7 4325 10 4580 13 4836 14 5092 14 5349 13 5606 12 5863 11 6121 9 6380 4
dab46d798d29aff2e99c23f47ed3064f5cafb1644629b015c95a2dd2ee593bb4,26097 3 26351 6 26605 10 26861 11 27117 12 27373 13 27629 13 27886 12 28143 11 28400 9 28658 6
dab46d798d29aff2e99c23f47ed3064f5cafb1644629b015c95a2dd2ee593bb4,51960 1 52213 7 52469 8 52724 11 52979 14 53235 8 53244 5 53492 7 53500 5 53748 13 54005 12 54261 12 54518 11 54775 10 55032 9 55290 7 55549 4
df40099c6306ca1f47fcc8a62e2fa39486d4e223177afdc51b2ad189691802d8,36921 3 37181 4 37441 4 37701 5 37961 5 38221 6 38481 6 38741 7 39001 7 39261 8 39521 8 39781 8 40041 9 40301 9 40561 9 40822 8 41083 7 41344 6 41605 5 41867 2
df40099c6306ca1f47fcc8a62e2fa39486d4e223177afdc51b2ad189691802d8,58768 2 59026 7 59285 8 59544 9 59803 11 60063 11 60322 12 60581 12 60841 12 61101 12 61361 11 61621 11 61881 10 62141 9 62401 8 62661 7 62923 3
df40099c6306ca1f47fcc8a62e2fa39486d4e223177afdc51b2ad189691802d8,74107 2 74365 6 74625 7 74885 7 75145 7 75405 7 75666 5 75927 3
df40099c6306ca1f47fcc8a62e2fa39486d4e223177afdc51b2ad189691802d8,14832 2 15090 5 15349 7 15609 7 15869 8 16129 8 16389 9 16649 9 16909 9 17169 9 17430 8 17690 8 17950 7 18210 7 18471 6 18732 5 18993 4 19255 1
df40099c6306ca1f47fcc8a62e2fa39486d4e223177afdc51b2ad189691802d8,13 19 273 19 532 20 792 20 1052 20 1312 19 1572 18 1833 15 2094 12 2358 7
df40099c6306ca1f47fcc8a62e2fa39486d4e223177afdc51b2ad189691802d8,29917 2 30176 4 30182 2 30436 10 30696 10 30955 11 31214 12 31473 13 31732 13 31992 13 32252 12 32512 11 32773 10 33033 9 33294 7 33555 5 33817 1
df40099c6306ca1f47fcc8a62e2fa39486d4e223177afdc51b2ad189691802d8,74380 6 74639 10 74897 16 75156 18 75415 20 75675 21 75935 21 76195 20 76456 19 76717 17 76978 14 77241 10
df40099c6306ca1f47fcc8a62e2fa39486d4e223177afdc51b2ad189691802d8,47862 5 48121 7 48380 9 48640 9 48899 10 49159 11 49418 12 49678 12 49938 12 50198 12 50458 12 50717 13 50977 13 51237 13 51497 12 51758 11 52018 11 52278 11 52539 17 52800 17 53065 14 53324 16 53584 17 53843 18 54103 18 54363 18 54623 17 54884 15 55145 13 55406 11 55668 4
df40099c6306ca1f47fcc8a62e2fa39486d4e223177afdc51b2ad189691802d8,86604 3 86861 11 87119 14 87378 16 87637 17 87897 18 88157 18 88418 17 88678 16 88939 15 89199 14 89459 13 89718 14 89977 14
df40099c6306ca1f47fcc8a62e2fa39486d4e223177afdc51b2ad189691802d8,64273 8 64520 3 64532 10 64772 12 64791 11 65029 15 65049 14 65287 17 65306 16 65544 18 65564 18 65801 19 65823 18 66059 19 66083 18 66319 17 66343 17 66578 14 66603 17 66839 11 66864 14 67101 7 67124 12 67137 4 67385 7 67397 6 67656 8 67667 8 67916 9 67927 10 68177 20 68437 21 68698 7 68706 12 68962 2 68967 12 69227 12 69487 12 69746 13 70007 11 70267 10 70528 7 70791 3
df40099c6306ca1f47fcc8a62e2fa39486d4e223177afdc51b2ad189691802d8,9390 4 9647 8 9905 10 10164 11 10423 12 10682 13 10941 14 11201 13 11461 12 11721 12 11981 10 12242 6
df40099c6306ca1f47fcc8a62e2fa39486d4e223177afdc51b2ad189691802d8,37727 6 37986 9 38244 12 38502 14 38762 14 39021 15 39281 15 39541 14 39801 14 40061 12 40321 12 40582 9 40842 8 41103 6 41364 3
df40099c6306ca1f47fcc8a62e2fa39486d4e223177afdc51b2ad189691802d8,58799 4 59057 7 59316 8 59575 10 59834 11 60093 12 60352 13 60611 14 60870 15 61130 14 61390 14 61650 12 61911 9
df40099c6306ca1f47fcc8a62e2fa39486d4e223177afdc51b2ad189691802d8,28380 5 28639 7 28899 8 29158 9 29418 10 29678 10 29938 10 30198 11 30458 11 30718 11 30979 10 31239 10 31498 12 31758 12 32018 12 32278 12 32539 11 32800 9 33060 8 33322 4
df40099c6306ca1f47fcc8a62e2fa39486d4e223177afdc51b2ad189691802d8,78308 8 78564 15 78823 17 79082 19 79342 19 79602 19 79862 19 80122 19 80383 18 80645 16 80908 13 81174 6 81435 1
df40099c6306ca1f47fcc8a62e2fa39486d4e223177afdc51b2ad189691802d8,37247 3 37506 5 37753 9 37765 7 38012 20 38272 20 38531 21 38790 22 39049 22 39309 21 39568 21 39828 16 40088 16 40348 15 40609 14 40869 13 41129 12 41389 11 41649 11 41910 9 42170 9 42430 8 42692 4
df40099c6306ca1f47fcc8a62e2fa39486d4e223177afdc51b2ad189691802d8,51 9 311 9 571 10 831 11 1092 11 1352 11 1613 10 1874 9 2135 8 2396 7 2658 5
df40099c6306ca1f47fcc8a62e2fa39486d4e223177afdc51b2ad189691802d8,51798 2 52056 7 52315 9 52575 10 52835 10 53095 10 53355 10 53614 11 53874 10 54133 10 54392 11 54652 10 54912 9 55173 8 55434 6 55696 2
df40099c6306ca1f47fcc8a62e2fa39486d4e223177afdc51b2ad189691802d8,24494 1 24753 5 25013 8 25273 9 25533 10 25793 11 26053 12 26314 12 26574 14 26834 15 27095 15 27355 15 27616 14 27877 13 28137 13 28398 11 28660 7 28921 5
df40099c6306ca1f47fcc8a62e2fa39486d4e223177afdc51b2ad189691802d8,83531 6 83790 9 84050 11 84310 13 84571 13 84831 14 85091 14 85351 15 85612 14 85872 14 86133 13 86393 13 86654 12 86916 10 87177 8 87441 3
df40099c6306ca1f47fcc8a62e2fa39486d4e223177afdc51b2ad189691802d8,23999 4 24257 7 24516 9 24776 10 25035 11 25295 11 25555 12 25815 12 26075 12 26335 12 26596 11 26856 11 27117 10 27379 6
df40099c6306ca1f47fcc8a62e2fa39486d4e223177afdc51b2ad189691802d8,24796 2 25055 5 25314 6 25573 8 25832 9 26092 10 26351 11 26611 12 26870 13 27130 14 27389 15 27649 16 27909 16 28169 17 28429 17 28689 18 28949 18 29209 19 29469 19 29730 18 29990 18 30251 17 30512 15 30773 13
df40099c6306ca1f47fcc8a62e2fa39486d4e223177afdc51b2ad189691802d8,17517 7 17775 11 18035 12 18294 15 18317 4 18554 16 18574 9 18814 30 19074 31 19334 32 19595 32 19856 32 20118 31 20379 31 20640 30 20900 30 21161 29 21422 27 21683 10 21697 12 21943 9 21961 6 22204 7 22466 2
df40099c6306ca1f47fcc8a62e2fa39486d4e223177afdc51b2ad189691802d8,41721 4 41978 8 42237 10 42496 11 42755 12 43014 13 43273 14 43532 14 43792 14 44051 15 44306 19 44563 22 44822 22 45081 22 45340 23 45599 23 45858 23 46117 23 46377 12 46395 3 46637 11 46897 10 47157 10 47418 8 47679 5
df40099c6306ca1f47fcc8a62e2fa39486d4e223177afdc51b2ad189691802d8,77072 3 77330 7 77589 9 77848 11 78108 12 78368 13 78627 14 78887 14 79147 15 79407 15 79667 16 79927 16 80187 16 80447 15 80708 14 80968 14 81229 13 81490 11 81751 10 82013 8 82273 8 82533 10 82793 11 83052 14 83312 15 83572 15 83832 16 84092 16 84353 16 84614 15 84875 14 85131 4 85136 12 85388 8 85398 8 85646 10 85660 4 85905 11 86163 13 86422 14 86681 14 86940 15 87200 15 87459 15 87719 15 87978 15 88238 14 88498 13 88759 10 89022 2
df40099c6306ca1f47fcc8a62e2fa39486d4e223177afdc51b2ad189691802d8,68486 5 68743 10 69002 12 69261 14 69521 15 69781 15 70041 16 70301 16 70561 15 70822 13 71083 10
df40099c6306ca1f47fcc8a62e2fa39486d4e223177afdc51b2ad189691802d8,1702 7 1958 12 2216 15 2474 17 2732 19 2991 20 3249 21 3509 21 3768 21 4027 22 4274 6 4287 21 4531 12 4545 23 4790 39 5049 40 5309 21 5333 16 5568 21 5595 15 5828 22 5856 14 6089 21 6116 14 6349 21 6377 14 6609 21 6637 14 6870 20 6898 13 7130 19 7158 13 7390 18 7418 14 7650 17 7678 13 7911 14 7939 12 8172 12 8200 11 8433 11 8462 8 8693 11 8724 6 8953 10 8986 2 9213 10 9474 8 9735 5
df40099c6306ca1f47fcc8a62e2fa39486d4e223177afdc51b2ad189691802d8,54985 6 55244 8 55502 11 55761 12 56020 14 56279 15 56539 14 56798 15 57058 14 57318 14 57578 13 57838 12 58098 11 58358 10 58618 9 58880 4
df40099c6306ca1f47fcc8a62e2fa39486d4e223177afdc51b2ad189691802d8,59927 8 60185 13 60444 15 60703 17 60963 17 61223 17 61484 15 61744 14 62006 11 62267 8 62529 4
df40099c6306ca1f47fcc8a62e2fa39486d4e223177afdc51b2ad189691802d8,12618 4 12873 12 13132 14 13391 16 13650 17 13910 17 14170 17 14430 17 14690 16 14951 15 15212 13 15473 12 15734 10 15997 6
df40099c6306ca1f47fcc8a62e2fa39486d4e223177afdc51b2ad189691802d8,63328 6 63586 10 63843 14 64103 15 64363 15 64622 16 64881 17 65140 18 65399 18 65657 19 65916 19 66176 18 66436 17 66696 15 66955 14 67214 14 67472 16 67731 18 67991 19 68251 20 68511 21 68771 21 69031 21 69292 20 69552 19 69813 17 70074 15 70334 14 70594 13 70854 13 71113 13 71373 12 71633 12 71892 13 72152 13 72412 13 72672 13 72931 14 73191 14 73452 13 73712 13 73972 12 74233 11 74493 11 74754 9 75015 8 75276 6
df40099c6306ca1f47fcc8a62e2fa39486d4e223177afdc51b2ad189691802d8,46676 2 46934 7 47194 9 47453 12 47713 13 47973 14 48234 13 48494 14 48754 14 49015 13 49275 13 49535 13 49796 11 50057 9 50318 7 50580 2
df40099c6306ca1f47fcc8a62e2fa39486d4e223177afdc51b2ad189691802d8,75803 2 76062 5 76321 7 76581 7 76840 9 77099 10 77358 11 77617 12 77876 13 78136 13 78395 15 78654 16 78914 16 79173 19 79433 21 79693 21 79953 22 80213 22 80474 21 80735 20 80996 19 81263 12 81523 12 81783 12 82043 11 82304 10 82564 9 82825 7 83086 5
df40099c6306ca1f47fcc8a62e2fa39486d4e223177afdc51b2ad189691802d8,51373 2 51633 3
df40099c6306ca1f47fcc8a62e2fa39486d4e223177afdc51b2ad189691802d8,3293 6 3551 9 3810 11 4069 12 4327 14 4587 14 4846 15 5106 15 5366 15 5627 14 5887 14 6147 14 6408 13 6669 13 6930 13 7190 14 7451 13 7710 15 7970 16 8229 17 8489 17 8749 18 9009 18 9268 19 9528 19 9788 19 10048 20 10308 20 10556 6 10568 20 10816 9 10828 20 11075 32 11336 31 11596 31 11857 29 12117 28 12378 26 12639 24 12900 11 12915 7 13162 8 13424 6
df40099c6306ca1f47fcc8a62e2fa39486d4e223177afdc51b2ad189691802d8,89079 6 89338 9 89597 10 89856 12 90116 12
df40099c6306ca1f47fcc8a62e2fa39486d4e223177afdc51b2ad189691802d8,30324 6 30581 12 30839 16 31097 19 31357 19 31617 20 31877 20 32137 20 32398 18 32658 17 32920 14 33182 11 33444 9 33454 12 33711 16 33971 16 34230 17 34490 17 34750 17 35010 17 35270 16 35530 16 35790 16 36051 17 36312 18 36571 19 36830 20 37088 22 37347 23 37607 23 37866 23 38126 22 38387 20 38647 17 38908 10 39168 8
df40099c6306ca1f47fcc8a62e2fa39486d4e223177afdc51b2ad189691802d8,53734 3 53989 10 54247 13 54506 14 54765 15 55025 15 55285 15 55545 14 55805 14 56066 11 56328 6
df40099c6306ca1f47fcc8a62e2fa39486d4e223177afdc51b2ad189691802d8,75058 2 75315 7 75574 9 75833 11 76093 11 76352 13 76611 14 76869 15 77128 15 77387 15 77647 15 77906 15 78166 14 78425 13 78685 12 78946 10 79206 8 79468 3
df40099c6306ca1f47fcc8a62e2fa39486d4e223177afdc51b2ad189691802d8,63879 1 64137 6 64395 9 64653 11 64911 14 65170 15 65429 16 65688 17 65947 18 66206 18 66466 18 66726 17 66986 16 67247 14 67508 11 67772 4
df40099c6306ca1f47fcc8a62e2fa39486d4e223177afdc51b2ad189691802d8,19149 3 19408 5 19667 7 19927 7 20187 7 20447 7 20708 5 20969 2
df40099c6306ca1f47fcc8a62e2fa39486d4e223177afdc51b2ad189691802d8,24882 3 25140 6 25398 9 25657 10 25917 11 26176 12 26435 13 26694 14 26953 15 27213 13 27473 12 27733 10 27994 6
df40099c6306ca1f47fcc8a62e2fa39486d4e223177afdc51b2ad189691802d8,20986 4 21239 14 21497 17 21756 19 22016 20 22276 20 22536 20 22797 19 23057 19 23318 17 23580 14 23842 11 24103 8
df40099c6306ca1f47fcc8a62e2fa39486d4e223177afdc51b2ad189691802d8,3316 3 3569 12 3828 13 4087 15 4346 16 4606 16 4866 15 5126 14 5386 12 5647 10 5908 8 6169 6
df40099c6306ca1f47fcc8a62e2fa39486d4e223177afdc51b2ad189691802d8,69355 5 69614 7 69873 9 70132 11 70391 12 70651 13 70910 14 71170 14 71430 14 71690 15 71950 15 72209 16 72469 15 72730 14 72990 14 73250 14 73269 4 73510 25 73770 27 74031 26 74292 7 74301 17 74561 18 74821 18 75081 18 75342 17 75602 18 75863 17 76124 15 76384 15 76644 17 76904 21 77164 22 77423 24 77683 25 77943 25 78203 26 78463 26 78723 26 78983 26 79243 26 79504 24 79765 22 80025 19 80286 17 80548 13 80810 3
df40099c6306ca1f47fcc8a62e2fa39486d4e223177afdc51b2ad189691802d8,60007 2 60266 4 60526 4 60786 5 61040 3 61045 7 61298 14 61556 17 61815 18 62074 19 62333 20 62593 19 62852 19 63112 17 63372 15 63633 11 63893 9 64154 5
df40099c6306ca1f47fcc8a62e2fa39486d4e223177afdc51b2ad189691802d8,11379 7 11637 10 11895 14 12154 16 12414 17 12674 18 12934 18 13195 17 13457 14 13719 6
df40099c6306ca1f47fcc8a62e2fa39486d4e223177afdc51b2ad189691802d8,30630 7 30885 13 31142 16 31398 21 31657 21 31916 22 32175 22 32435 21 32695 20 32956 17 33217 14 33480 5
df40099c6306ca1f47fcc8a62e2fa39486d4e223177afdc51b2ad189691802d8,56357 7 56616 9 56876 10 57135 12 57395 12 57655 12 57915 12 58175 13 58436 11 58697 10 58958 8 59220 5
df40099c6306ca1f47fcc8a62e2fa39486d4e223177afdc51b2ad189691802d8,51951 6 52209 9 52467 11 52726 13 52985 14 53244 15 53503 16 53763 16 54023 16 54283 16 54543 16 54803 16 55064 14 55324 14 55585 12 55846 10 56109 5
df40099c6306ca1f47fcc8a62e2fa39486d4e223177afdc51b2ad189691802d8,36872 2 37129 7 37388 8 37646 11 37906 14 38165 18 38425 20 38686 20 38946 20 39206 21 39467 20 39727 20 39986 21 40247 20 40507 19 40768 17 41029 14 41290 12 41553 7
df40099c6306ca1f47fcc8a62e2fa39486d4e223177afdc51b2ad189691802d8,56385 6 56642 10 56900 12 57158 14 57417 16 57676 16 57936 16 58195 17 58455 16 58714 16 58974 15 59234 14 59494 12 59755 9 60016 7 60277 3
df40099c6306ca1f47fcc8a62e2fa39486d4e223177afdc51b2ad189691802d8,6205 5 6464 8 6723 9 6983 10 7243 10 7503 10 7763 10 8023 9 8283 8 8543 6 8804 3
df40099c6306ca1f47fcc8a62e2fa39486d4e223177afdc51b2ad189691802d8,45733 5 45991 9 46251 11 46510 12 46770 12 47030 12 47289 13 47549 13 47809 14 48069 14 48330 14 48590 14 48850 14 49110 14 49370 13 49631 12 49892 10 50153 8 50414 6 50675 4
df40099c6306ca1f47fcc8a62e2fa39486d4e223177afdc51b2ad189691802d8,87861 6 88118 11 88376 14 88635 16 88895 16 89154 17 89414 16 89674 16 89934 15 90194 14
df40099c6306ca1f47fcc8a62e2fa39486d4e223177afdc51b2ad189691802d8,37419 4 37678 7 37937 8 38196 10 38456 10 38716 11 38976 11 39236 11 39496 11 39756 11 40016 11 40276 10 40536 10 40796 8 41057 6
df40099c6306ca1f47fcc8a62e2fa39486d4e223177afdc51b2ad189691802d8,51729 4 51986 9 52244 11 52502 14 52760 16 53019 17 53278 18 53538 18 53798 17 54058 16 54319 13 54580 9
df40099c6306ca1f47fcc8a62e2fa39486d4e223177afdc51b2ad189691802d8,27560 1 27817 4 28076 5 28335 6 28594 7 28853 8 29113 8 29373 8 29633 8 29893 8 30153 8 30413 8 30673 8 30933 8 31192 6 31199 2 31447 14 31704 17 31962 19 32221 20 32480 21 32739 22 32999 21 33259 17 33519 15 33780 11 34043 6
df40099c6306ca1f47fcc8a62e2fa39486d4e223177afdc51b2ad189691802d8,68373 2 68630 8 68888 12 69146 15 69405 16 69664 17 69923 18 70183 18 70443 18 70702 19 70962 19 71222 19 71483 16 71744 13 72005 10 72269 2
df40099c6306ca1f47fcc8a62e2fa39486d4e223177afdc51b2ad189691802d8,19496 5 19753 8 20011 10 20270 11 20530 11 20790 11 21051 10 21312 9 21572 9 21833 8 22095 6
df40099c6306ca1f47fcc8a62e2fa39486d4e223177afdc51b2ad189691802d8,59799 2 60058 3 60316 5 60576 5 60835 6 61094 7 61353 8 61613 8 61873 8 62133 8 62393 8 62654 5
df40099c6306ca1f47fcc8a62e2fa39486d4e223177afdc51b2ad189691802d8,78779 2 79038 3 79297 4 79556 5 79816 5 80075 6 80336 5 80597 4 80858 3 81119 2
df40099c6306ca1f47fcc8a62e2fa39486d4e223177afdc51b2ad189691802d8,64740 1 64998 3 65257 4 65516 5 65776 5 66036 5 66296 5 66556 5 66817 4
e17b7aedd251a016c01ef9158e6e4aa940d9f1b35942d86028dc1222192a9258,32034 5 32288 12 32543 15 32797 18 33052 19 33308 19 33563 20 33819 20 34075 19 34330 20 34586 19 34843 17 35100 15 35357 12 35615 8 35872 5
e17b7aedd251a016c01ef9158e6e4aa940d9f1b35942d86028dc1222192a9258,45364 3 45617 9 45871 12 46126 14 46381 16 46636 17 46891 18 47147 18 47403 18 47659 18 47915 18 48171 17 48427 17 48683 16 48940 14 49197 12 49454 9 49713 3
e17b7aedd251a016c01ef9158e6e4aa940d9f1b35942d86028dc1222192a9258,21826 3 22079 11 22334 13 22589 16 22844 17 23100 18 23355 19 23611 19 23867 19 24124 18 24380 18 24637 16 24894 14 25151 11 25411 4
e17b7aedd251a016c01ef9158e6e4aa940d9f1b35942d86028dc1222192a9258,7010 7 7264 10 7519 13 7775 14 8030 16 8286 16 8542 17 8798 17 9055 17 9311 16 9568 15 9825 13 10083 10 10341 7
e17b7aedd251a016c01ef9158e6e4aa940d9f1b35942d86028dc1222192a9258,37513 5 37768 8 38022 11 38277 13 38532 14 38788 14 39043 15 39299 14 39556 12 39812 11 40068 10 40326 6
e17b7aedd251a016c01ef9158e6e4aa940d9f1b35942d86028dc1222192a9258,6342 7 6596 10 6851 11 7106 12 7361 14 7617 14 7873 14 8129 14 8385 14 8641 13 8897 13 9154 11 9410 9 9668 5
eea70a7948d25a9a791dbcb39228af4ea4049fe5ebdee9c04884be8cca3da835,15583 3 16102 4 16622 3 17142 1
eea70a7948d25a9a791dbcb39228af4ea4049fe5ebdee9c04884be8cca3da835,60845 2 61364 2
eea70a7948d25a9a791dbcb39228af4ea4049fe5ebdee9c04884be8cca3da835,21929 8 22447 10 22966 10 23485 11 24004 11 24523 11 25041 12 25560 13 26079 13 26598 14 27117 14 27636 14 28155 14 28674 14 29193 13 29712 13 30232 11 30751 11 31271 9 31791 7 32311 6
eea70a7948d25a9a791dbcb39228af4ea4049fe5ebdee9c04884be8cca3da835,13631 5 14150 6 14668 8 15187 11 15707 11 16226 11 16746 10 17266 9 17785 9 18304 9 18823 10 19343 9 19862 9 20382 7 20901 5
eea70a7948d25a9a791dbcb39228af4ea4049fe5ebdee9c04884be8cca3da835,5883 2
eea70a7948d25a9a791dbcb39228af4ea4049fe5ebdee9c04884be8cca3da835,78721 1 79240 1 79759 1 80277 3 80796 3 81315 3 81835 2
eea70a7948d25a9a791dbcb39228af4ea4049fe5ebdee9c04884be8cca3da835,20088 3 20605 5 21123 6 21641 7 22160 6 22679 6 23199 4 23718 4 24238 2
eea70a7948d25a9a791dbcb39228af4ea4049fe5ebdee9c04884be8cca3da835,408 43 928 43 1447 44 1967 44 2487 44 3007 44 3527 43 4046 44 4566 43 5085 44 5605 43 6126 42 6646 41 7167 40 7686 41 8206 41 8726 40 9246 40 9767 38 10287 37 10807 36 11327 36 11847 35 12367 34 12886 34 13405 34 13924 34 14443 34 14963 34 15482 34 16002 33 16522 32 17041 32 17561 32 18080 32 18600 32 19120 31 19639 32 20159 31 20679 31 21199 31 21718 32 22238 32 22758 32 23277 33 23797 32 24316 33 24836 33 25356 33 25876 33 26396 33 26916 33 27435 33 27954 34 28474 34 28993 35 29513 35 30033 35 30552 36 31072 36 31592 36 32111 37 32630 38 33149 39 33668 40 34187 41 34706 43 35225 45 35745 45 36264 47 36783 48 37303 48 37822 49 38341 50 38861 49 39380 50 39899 51 40418 51 40938 52 41457 53 41977 52 42497 52 43017 52 43537 52 44057 52 44578 51 45099 50 45619 50 46140 49 46660 49 47179 51 47699 50 48219 49 48739 48 49259 47 49779 46 50299 45 50819 44 51339 43 51859 42 52379 41 52899 40 53419 39 53939 38 54460 36 54980 35 55499 35 56020 33 56540 32 57060 31 57581 29 58101 28 58621 27 59140 27 59660 26 60179 26 60699 25 61218 25 61738 24 62258 23 62777 23 63297 22 63816 22 64336 21 64856 20 65375 20 65895 19 66415 18 66935 17 67454 17 67974 16 68494 15 69013 15 69533 14 70053 13 70572 13 71092 12 71612 11 72132 10 72652 9 73171 9 73691 8 74211 7 74730 7 75250 6 75770 5 76290 4 76809 4 77329 3 77849 2 78369 1
eea70a7948d25a9a791dbcb39228af4ea4049fe5ebdee9c04884be8cca3da835,68988 2 69506 3 70025 3 70544 2
eea70a7948d25a9a791dbcb39228af4ea4049fe5ebdee9c04884be8cca3da835,108449 2 108967 4 109485 5 110004 5 110523 5 111042 5 111562 5 112082 4 112602 4 113121 4
eea70a7948d25a9a791dbcb39228af4ea4049fe5ebdee9c04884be8cca3da835,118319 3 118838 5 119358 5 119879 2 120398 2 120918 1
f0d0ab13ff53adc3c4d57e95a5f83d80b06f2cbc0bf002b52cf7b496612e0ce4,319309 6 319828 8 320346 11 320865 13 321384 15 321903 17 322422 20 322941 22 323459 26 323979 26 324499 27 325019 27 325539 28 326058 29 326577 30 327097 30 327617 30 328137 30 328657 30 329177 30 329697 30 330218 29 330738 29 331258 29 331778 29 332298 29 332818 29 333338 29 333858 29 334378 29 334898 28 335418 28 335939 27 336459 27 336980 26 337500 26 338021 24 338541 24 339061 24 339581 24 340101 24 340622 23 341142 23 341662 23 342183 22 342703 21 343224 19 343745 18 344266 16 344787 15 345307 15 345828 6 345837 5 346358 2
f0d0ab13ff53adc3c4d57e95a5f83d80b06f2cbc0bf002b52cf7b496612e0ce4,60913 3 61430 7 61949 9 62468 11 62987 13 63507 14 64026 15 64546 16 65066 17 65586 19 66106 30 66626 33 67146 34 67666 35 68186 36 68707 36 69227 37 69748 37 70268 38 70789 38 71309 39 71830 39 72350 39 72870 40 73391 40 73911 40 74432 39 74952 40 75473 39 75994 39 76514 39 77035 38 77556 38 78076 39 78597 38 79118 37 79639 36 80160 35 80681 34 81201 34 81722 33 82243 32 82764 31 83285 30 83806 28 84327 27 84849 24 85370 22 85892 18 86418 10 86941 5
f0d0ab13ff53adc3c4d57e95a5f83d80b06f2cbc0bf002b52cf7b496612e0ce4,247628 18 248145 24 248663 28 249181 31 249700 33 250218 36 250736 38 251253 42 251770 45 252289 46 252808 47 253327 48 253846 49 254365 50 254884 51 255403 51 255922 52 256441 53 256960 53 257480 53 257999 53 258518 54 259037 54 259557 54 260076 54 260595 54 261115 53 261634 53 262154 52 262674 50 263194 49 263714 47 264234 46 264754 44 265274 42 265795 39 266316 35 266837 31 267358 26 267879 23 268402 16 268927 3
f0d0ab13ff53adc3c4d57e95a5f83d80b06f2cbc0bf002b52cf7b496612e0ce4,195741 3 196259 8 196778 10 197297 11 197804 8 197816 13 198321 28 198840 29 199358 30 199877 31 199922 8 200396 31 200441 11 200915 31 200960 13 201434 30 201478 15 201953 29 201996 18 202472 29 202515 19 202992 28 203033 22 203511 29 203551 24 204031 29 204069 26 204550 30 204588 27 205070 31 205106 29 205589 32 205624 31 206109 66 206628 67 207148 67 207668 67 208188 67 208707 68 209227 68 209747 67 210268 66 210788 66 211308 65 211828 65 212349 64 212869 63 213390 62 213910 61 214431 59 214952 57 215473 56 215994 54 216514 53 217035 51 217554 52 218073 52 218593 51 219112 51 219632 50 220151 49 220671 48 221190 49 221710 49 222230 49 222750 49 223270 49 223789 50 224309 50 224829 49 225349 49 225870 48 226390 48 226910 48 227431 46 227951 46 228472 45 228992 44 229512 44 230033 42 230553 42 231074 40 231594 40 232103 4 232114 40 232618 12 232635 38 233135 58 233654 58 234172 59 234691 60 235210 60 235729 60 236248 60 236767 60 237286 60 237806 59 238325 58 238845 55 239364 47 239884 42 240404 42 240924 42 241444 43 241965 42 242485 43 243006 42 243527 41 244048 41 244569 40 245090 39 245610 39 246131 39 246651 39 247171 38 247691 38 248211 38 248731 38 249251 37 249771 37 250292 36 250812 35 251333 34 251853 33 252373 32 252894 30 253414 29 253935 28 254455 27 254976 26 255497 24 256019 22 256540 20 257061 18 257582 16 258103 14 258624 12 259145 9 259668 3
f0d0ab13ff53adc3c4d57e95a5f83d80b06f2cbc0bf002b52cf7b496612e0ce4,302384 3 302903 4 303420 8 303940 9 304460 10 304980 11 305501 11 306022 10 306542 10 307062 9 307582 9 308102 9 308622 9 309142 9 309663 8 310183 8 310706 5 311227 4 311747 4 312268 2
f0d0ab13ff53adc3c4d57e95a5f83d80b06f2cbc0bf002b52cf7b496612e0ce4,278983 1 279502 3 280022 3 280542 4 281062 4 281583 3 282103 2 282623 2
f0d0ab13ff53adc3c4d57e95a5f83d80b06f2cbc0bf002b52cf7b496612e0ce4,309160 1 309680 2 310200 2 310720 2
f0d0ab13ff53adc3c4d57e95a5f83d80b06f2cbc0bf002b52cf7b496612e0ce4,295 21 815 21 1337 19 1860 15 2381 14 2901 13 3412 21 3930 21 4449 21 4968 21 5488 20 6008 19 6528 18 7047 17 7567 17 8086 18 8606 19 9125 17 9645 15 10163 16 10682 16 11202 16 11721 17 12241 16 12762 12 13282 12 13803 12 14325 10 14848 2
f0d0ab13ff53adc3c4d57e95a5f83d80b06f2cbc0bf002b52cf7b496612e0ce4,265493 2 266004 5 266012 3 266524 6 266531 4 267043 12 267563 11 268083 11 268603 11 269123 11 269643 11 270162 12 270681 13 271201 13 271721 13 272243 11 272764 3 272769 4 273285 1
f0d0ab13ff53adc3c4d57e95a5f83d80b06f2cbc0bf002b52cf7b496612e0ce4,223913 5 224431 9 224950 12 225469 14 225988 15 226508 15 227027 17 227546 18 228065 20 228584 21 229103 23 229623 23 230142 24 230661 25 231181 25 231701 25 232220 26 232740 26 233260 26 233780 26 234299 27 234818 28 235338 28 235857 29 236377 29 236897 29 237417 28 237937 28 238457 28 238979 26 239501 24 240023 22 240544 21 241065 20 241586 18 242107 17 242628 16 243148 16 243669 15 244189 15 244709 15 245230 14 245750 14 246270 14 246790 13 247309 14 247829 14 248349 13 248869 13 249388 13 249908 13 250428 12 250947 12 251467 12 251987 11 252507 11 253027 11 253547 10 254068 9 254589 7 255109 6 255631 2
f0d0ab13ff53adc3c4d57e95a5f83d80b06f2cbc0bf002b52cf7b496612e0ce4,295737 4 295747 3 295753 4 296257 4 296267 10 296777 7 296786 12 297298 20 297819 20 298338 22 298858 23 299378 24 299897 25 300416 25 300936 23 301456 21 301979 18 302502 14 303024 11 303545 10 304067 9 304588 12 305108 15 305628 16 306148 17 306668 18 307190 18 307711 19 308232 21 308753 22 309273 23 309795 22 310316 24 310837 25 311358 25 311881 22 312402 21 312925 18 313448 13
f0d0ab13ff53adc3c4d57e95a5f83d80b06f2cbc0bf002b52cf7b496612e0ce4,156937 3 157454 9 157965 5 157972 15 158484 26 159003 28 159523 29 160042 31 160562 32 161082 33 161602 33 162122 33 162641 35 163161 35 163681 35 164201 35 164721 36 165241 36 165761 36 166280 37 166800 37 167321 36 167842 35 168363 34 168884 33 169404 33 169924 33 170444 32 170964 32 171485 31 172006 29 172526 29 173046 27 173568 23 174090 18 174611 13 175132 9 175654 4
f0d0ab13ff53adc3c4d57e95a5f83d80b06f2cbc0bf002b52cf7b496612e0ce4,298376 1 298894 5 299413 8 299932 13 300452 14 300971 16 301491 17 302011 18 302532 17 303053 17 303575 16 304096 15 304618 14 305139 13 305660 11
f0d0ab13ff53adc3c4d57e95a5f83d80b06f2cbc0bf002b52cf7b496612e0ce4,165804 4 166322 10 166840 17 167360 18 167880 21 168401 22 168923 23 169445 23 169967 23 170488 23 171008 24 171529 24 172049 24 172569 25 173089 25 173608 27 174127 28 174647 28 175166 29 175686 29 176206 29 176726 29 177246 29 177766 29 178286 29 178806 29 179326 29 179846 29 180366 29 180886 28 181405 28 181926 26 182447 24 182969 20 183491 15 184013 10
f0d0ab13ff53adc3c4d57e95a5f83d80b06f2cbc0bf002b52cf7b496612e0ce4,318184 3 318701 10 319219 15 319738 18 320257 20 320775 23 321294 25 321814 26 322333 27 322853 28 323373 28 323893 29 324413 29 324933 30 325453 31 325973 32 326494 31 327014 31 327534 31 328054 31 328574 31 329094 31 329614 31 330135 30 330655 29 331176 27 331697 25 332218 23 332739 20 333260 18 333782 15 334304 10
f0d0ab13ff53adc3c4d57e95a5f83d80b06f2cbc0bf002b52cf7b496612e0ce4,21304 4 21821 13 22338 17 22856 20 23375 22 23893 25 24413 25 24932 27 25451 30 25971 30 26490 31 27010 31 27529 32 28049 32 28568 33 29088 33 29608 33 30128 33 30648 33 31168 33 31688 33 32208 33 32728 33 33248 33 33769 32 34289 32 34810 31 35331 30 35851 30 36372 29 36893 28 37414 26 37935 23 38456 21 38977 19 39499 16 40021 12 40544 7
f0d0ab13ff53adc3c4d57e95a5f83d80b06f2cbc0bf002b52cf7b496612e0ce4,159637 3 160144 4 160156 5 160663 7 160676 5 161182 10 161196 5 161702 19 162221 20 162741 20 163261 20 163781 20 164301 20 164821 20 165341 20 165861 20 166382 19 166903 18 167424 17 167945 16 168465 16 168985 16 169505 16 170025 16 170545 16 171065 16 171585 16 172105 16 172625 16 173146 15 173667 14 174189 12 174712 3
f0d0ab13ff53adc3c4d57e95a5f83d80b06f2cbc0bf002b52cf7b496612e0ce4,183541 3 184061 4 184581 3
f0d0ab13ff53adc3c4d57e95a5f83d80b06f2cbc0bf002b52cf7b496612e0ce4,105559 2 106075 6 106594 7 107113 8 107632 9 108152 9 108671 10 109188 13 109707 14 110227 14 110747 14 111267 14 111786 15 112305 16 112825 16 113345 16 113865 16 114385 16 114905 16 115424 17 115944 17 116464 17 116984 17 117503 18 118023 18 118543 18 119064 17 119584 17 120106 15 120629 12 121150 11 121672 9 122193 8 122714 7 123236 3
f0d0ab13ff53adc3c4d57e95a5f83d80b06f2cbc0bf002b52cf7b496612e0ce4,178866 6 179386 6 179906 6 180426 7 180947 7 181467 8 181987 10 182507 11 183026 13 183546 14 184066 15 184586 15 185107 14 185628 13 186148 13 186669 11 187189 10 187710 8 188231 6
f0d0ab13ff53adc3c4d57e95a5f83d80b06f2cbc0bf002b52cf7b496612e0ce4,269880 1 270400 1 270919 2 271439 2 271959 2 272479 2 272998 3 273518 3 274038 3 274559 2 275079 2 275598 3 276118 3 276639 2 277159 2 277680 1
f5effed21f671bbf4551ecebb7fe95f3be1cf09c16a60afe64d2f0b95be9d1eb,1 6 513 6 1025 6 1537 6 2049 6 2561 5 3073 4 3585 2
f5effed21f671bbf4551ecebb7fe95f3be1cf09c16a60afe64d2f0b95be9d1eb,89626 6 90136 14 90646 18 91155 22 91665 25 92176 27 92687 28 93198 30 93709 30 94219 32 94731 32 95242 32 95754 31 96265 31 96774 33 97285 33 97796 34 98307 34 98818 34 99329 35 99841 34 100353 33 100865 33 101377 32 101889 32 102401 31 102913 31 103425 30 103937 29 104449 27 104961 26 105475 23 105992 16
f5effed21f671bbf4551ecebb7fe95f3be1cf09c16a60afe64d2f0b95be9d1eb,202241 2 202753 3 203265 5 203777 6 204289 7 204801 8 205313 8 205825 9 206337 10 206849 12 207361 13 207873 15 208385 17 208897 19 209409 20 209921 20 210433 20 210945 20 211457 20 211969 21 212481 24 212993 26 213505 27 214017 28 214529 30 215041 31 215553 33 216065 34 216577 35 217089 36 217601 37 218113 38 218625 38 219137 39 219649 40 220161 40 220673 41 221185 42 221697 42 222209 42 222721 43 223233 44 223745 44 224257 45 224313 3 224769 46 224823 6 225281 46 225331 11 225793 47 225842 13 226306 63 226819 63 227332 63 227845 63 228359 62 228877 57 229399 49 229911 50 230423 51 230934 53 231445 54 231956 55 232467 56 232979 56 233491 56 234003 56 234515 56 235027 56 235539 56 236052 54 236564 53 237078 50 237592 46 238107 40 238625 31 239140 24 239661 11
f5effed21f671bbf4551ecebb7fe95f3be1cf09c16a60afe64d2f0b95be9d1eb,253441 12 253953 17 254465 21 254977 24 255489 26 256001 29 256513 31 257025 33 257537 35 258049 37 258561 39 259073 41 259585 42 260097 43 260609 45 261121 46 261633 47 262145 48 262657 50 263169 52 263681 53 264193 54 264705 55 265217 56 265729 56 266241 57 266753 57 267265 58 267777 58 268290 57 268804 55 269318 54 269834 50 270348 48 270862 46 271375 45 271888 44 272402 42 272915 40 273429 37 273944 33 274459 29 274975 24 275494 16 276011 2
f5effed21f671bbf4551ecebb7fe95f3be1cf09c16a60afe64d2f0b95be9d1eb,185866 3 186377 6 186888 9 187400 11 187912 17 188424 21 188935 24 189448 26 189960 28 190472 30 190985 31 191497 32 192010 33 192522 35 193035 36 193548 36 194061 36 194573 37 195086 38 195599 38 196112 38 196625 37 197138 37 197651 37 198164 37 198677 37 199190 37 199702 37 200215 37 200728 37 201241 37 201755 35 202268 35 202782 33 203295 33 203809 31 204323 29 204836 28 205349 27 205863 25 206376 24 206891 21 207405 19 207926 10 208439 10 208952 12 209464 14 209976 16 210487 18 210997 22 211500 31 212012 32 212523 34 213034 37 213546 38 214060 37 214573 36 215086 36 215600 35 216114 34 216628 33 217141 32 217655 31 218168 30 218680 30 219192 30 219703 31 220215 30 220727 29 221239 23 221752 20 222264 18 222778 14 223291 11 223810 1
f5effed21f671bbf4551ecebb7fe95f3be1cf09c16a60afe64d2f0b95be9d1eb,254013 7 254523 10 255033 15 255544 18 256054 21 256565 24 257077 26 257588 28 258100 29 258612 31 259124 36 259637 37 260149 38 260661 41 261173 43 261685 46 262198 48 262711 49 263224 53 263737 54 264249 56 264762 58 265275 60 265789 60 266302 61 266816 62 267330 64 267843 64 268357 63 268871 62 269384 61 269897 61 270411 59 270926 57 271439 56 271952 56 272465 55 272979 53 273495 49 274011 45 274526 41 275045 34 275560 29 276078 21 276593 15
f5effed21f671bbf4551ecebb7fe95f3be1cf09c16a60afe64d2f0b95be9d1eb,347206 2 347718 3
f5effed21f671bbf4551ecebb7fe95f3be1cf09c16a60afe64d2f0b95be9d1eb,132260 5 132769 9 133278 13 133787 17 134282 4 134298 19 134783 18 134808 22 135289 53 135798 56 136308 58 136818 60 137328 61 137838 63 138348 64 138858 66 139367 69 139877 70 140387 72 140897 73 141407 74 141918 74 142428 76 142939 76 143451 75 143962 75 144473 75 144985 73 145497 72 146009 71 146521 69 147033 68 147546 65 148059 62 148575 57 149090 52 149603 50 150116 48 150629 45 151142 43 151655 41 152170 37 152688 29 153201 27 153713 26 154225 23 154738 21 155250 19 155763 17 156276 15 156790 11 157304 5
f5effed21f671bbf4551ecebb7fe95f3be1cf09c16a60afe64d2f0b95be9d1eb,150188 8 150697 13 151207 15 151717 18 152221 27 152730 30 153240 32 153753 31 154265 31 154778 30 155289 32 155800 33 156311 34 156822 35 157332 36 157842 38 158352 39 158863 39 159374 40 159885 41 160395 43 160906 44 161417 45 161928 46 162440 45 162951 46 163462 47 163974 47 164484 48 164995 49 165506 49 166017 50 166528 50 167040 48 167551 47 168062 46 168574 45 169085 44 169597 43 170107 45 170618 45 171129 45 171640 45 172152 43 172665 38 173177 36 173689 34 174201 32 174714 25 174740 2 175227 19
f5effed21f671bbf4551ecebb7fe95f3be1cf09c16a60afe64d2f0b95be9d1eb,201921 6 202425 16 202935 19 203444 23 203954 26 204464 29 204974 31 205484 33 205994 36 206503 40 207013 44 207523 48 208033 51 208544 53 209055 54 209567 55 210079 56 210591 57 211103 57 211615 58 212128 58 212640 59 213152 60 213664 61 214176 62 214687 65 215199 66 215710 68 216222 68 216733 70 217245 71 217757 71 218269 71 218782 70 219295 69 219808 68 220320 67 220833 65 221348 61 221863 57 222377 53 222890 48 223401 19 223423 3 223436 2 223902 29 224408 41 224915 48 225416 60 225925 65 226434 69 226945 71 227457 72 227969 73 228481 73 228994 71 229507 70 230020 68 230533 67 231047 64 231560 63 232075 64 232588 66 233101 73 233613 75 234125 76 234638 75 235150 76 235229 2 235662 83 236175 83 236688 80 237202 77 237716 75 238230 72 238742 71 239249 19 239270 25 239761 18 239787 3 240274 3 240279 13 240298 3 240792 22 241304 23 241818 21 242332 10 242845 7
f5effed21f671bbf4551ecebb7fe95f3be1cf09c16a60afe64d2f0b95be9d1eb,262788 6 263299 9 263811 10 264323 11 264836 14 265349 19 265861 22 266373 23 266888 22 267402 3 267408 16 267923 15 268439 13 268953 13 269468 12 269983 11 270498 9 271011 9 271525 9 272038 8 272553 4
f5effed21f671bbf4551ecebb7fe95f3be1cf09c16a60afe64d2f0b95be9d1eb,246965 5 247472 18 247982 23 248493 30 249005 33 249517 36 250030 37 250542 41 251017 5 251055 42 251527 11 251567 44 252038 17 252080 46 252549 21 252592 48 253060 26 253104 50 253572 31 253616 52 254084 39 254126 55 254596 98 255108 99 255621 99 256135 97 256648 96 257163 93 257678 89 258192 85 258705 73 259219 70 259732 71 260246 70 260760 67 261274 64 261787 62 262301 60 262815 58 263329 56 263843 53 264357 51 264871 50 265385 48 265899 46 266413 43 266928 39 267444 33 267961 26 268479 18 268999 5
f5effed21f671bbf4551ecebb7fe95f3be1cf09c16a60afe64d2f0b95be9d1eb,172713 2 173220 9 173730 11 174240 13 174751 14 175260 17 175768 21 176277 23 176788 24 177297 25 177807 25 178318 24 178829 23 179339 24 179850 24 180361 24 180872 23 181383 18 181895 16 182407 10 182920 5
f5effed21f671bbf4551ecebb7fe95f3be1cf09c16a60afe64d2f0b95be9d1eb,182486 8 182996 13 183506 17 184017 21 184527 26 185035 31 185542 36 186031 60 186539 64 187046 69 187555 72 188064 74 188571 79 189080 82 189591 83 190101 85 190601 96 191112 97 191623 97 192135 97 192647 96 193160 94 193674 91 194188 86 194702 83 195216 79 195729 76 196244 67 196759 60 197273 48 197808 19 198321 12 198836 4
f5effed21f671bbf4551ecebb7fe95f3be1cf09c16a60afe64d2f0b95be9d1eb,242834 2 243344 6 243856 8 244367 9 244880 2
f5effed21f671bbf4551ecebb7fe95f3be1cf09c16a60afe64d2f0b95be9d1eb,283854 9 284365 13 284876 17 285389 20 285901 22 286414 22 286928 21 287441 22 287954 22 288467 23 288980 24 289492 25 290005 26 290517 27 291030 26 291542 27 292054 27 292566 28 293079 27 293592 26 294104 26 294616 26 295128 26 295641 25 296153 25 296666 24 297178 23 297691 21 298203 20 298717 17 299234 10 299750 1
fac507fa4d1649e8b24c195d990f1fc3ca3633d917839e1751a9d412a14ab5e3,15108 1 15363 5 15618 7 15873 8 16129 8 16385 8 16641 8 16897 8 17153 8 17409 8 17665 6 17921 4
fac507fa4d1649e8b24c195d990f1fc3ca3633d917839e1751a9d412a14ab5e3,18433 2 18689 3 18945 3 19201 3 19457 4 19713 5 19969 6 20225 6 20481 6 20737 5 20993 5 21249 4
fac507fa4d1649e8b24c195d990f1fc3ca3633d917839e1751a9d412a14ab5e3,46342 1 46595 6 46849 9 47105 10 47361 10 47617 10 47873 10 48129 10 48385 9 48643 6 48900 5
fac507fa4d1649e8b24c195d990f1fc3ca3633d917839e1751a9d412a14ab5e3,49409 2 49665 3 49921 3 50177 4 50433 4 50689 5 50945 5 51201 6 51457 6 51713 7 51969 7 52225 7 52481 7 52737 7 52993 7 53249 8 53505 8 53761 8 54017 8 54273 9 54529 9 54785 9 55041 9 55297 8 55556 5
fac507fa4d1649e8b24c195d990f1fc3ca3633d917839e1751a9d412a14ab5e3,23561 2 23815 7 24069 10 24323 12 24579 12 24835 12 25091 12 25348 10 25605 8 25861 7 26118 4 26375 2
fac507fa4d1649e8b24c195d990f1fc3ca3633d917839e1751a9d412a14ab5e3,63003 4 63257 6 63512 10 63768 10 64023 10 64279 10 64535 10 64792 9 65048 8 65305 6
fac507fa4d1649e8b24c195d990f1fc3ca3633d917839e1751a9d412a14ab5e3,60190 5 60444 8 60700 9 60956 9 61211 10 61467 10 61722 10 61980 8 62238 6 62495 4
fac507fa4d1649e8b24c195d990f1fc3ca3633d917839e1751a9d412a14ab5e3,31780 4 32035 7 32290 9 32546 10 32802 10 33058 10 33315 9 33571 9 33827 9 34084 7 34344 2
fac507fa4d1649e8b24c195d990f1fc3ca3633d917839e1751a9d412a14ab5e3,46888 4 47143 7 47398 9 47654 10 47910 11 48166 11 48422 11 48678 12 48934 11 49191 10 49447 8 49706 4
fac507fa4d1649e8b24c195d990f1fc3ca3633d917839e1751a9d412a14ab5e3,16682 3 16686 3 16937 9 17192 11 17448 11 17704 11 17960 10 18216 10 18472 10 18728 9 18985 8 19242 6 19499 3
fac507fa4d1649e8b24c195d990f1fc3ca3633d917839e1751a9d412a14ab5e3,38969 6 38984 3 39224 8 39239 6 39480 9 39493 9 39504 4 39736 9 39747 20 39992 32 40248 10 40260 20 40505 8 40517 19 40761 8 40773 19 41018 6 41031 17 41290 13 41549 9 41808 5
fac507fa4d1649e8b24c195d990f1fc3ca3633d917839e1751a9d412a14ab5e3,58682 6 58937 8 59192 9 59448 10 59704 10 59960 10 60216 9 60472 8 60728 7 60985 5 61242 2
fac507fa4d1649e8b24c195d990f1fc3ca3633d917839e1751a9d412a14ab5e3,65 9 321 9 576 9 832 9 1088 9 1343 10 1599 11 1855 10 2111 10 2368 9 2627 5
fac507fa4d1649e8b24c195d990f1fc3ca3633d917839e1751a9d412a14ab5e3,59206 7 59460 10 59715 11 59971 11 60227 12 60483 11 60739 11 60996 10 61252 9 61509 7 61766 5
fac507fa4d1649e8b24c195d990f1fc3ca3633d917839e1751a9d412a14ab5e3,56161 3 56416 6 56671 8 56925 10 57181 11 57436 11 57692 11 57948 11 58204 10 58461 8 58718 5
fac507fa4d1649e8b24c195d990f1fc3ca3633d917839e1751a9d412a14ab5e3,53863 3 54118 5 54373 7 54629 8 54885 9 55141 9 55397 10 55653 10 55910 8 56167 6 56425 3
fac507fa4d1649e8b24c195d990f1fc3ca3633d917839e1751a9d412a14ab5e3,43115 3 43369 7 43625 8 43880 10 44136 10 44393 10 44649 10 44905 10 45162 9 45419 8 45676 7 45933 5 46190 3
fac507fa4d1649e8b24c195d990f1fc3ca3633d917839e1751a9d412a14ab5e3,47230 3 47480 10 47735 11 47991 12 48247 13 48503 13 48760 13 49018 11 49274 11 49530 11 49786 11 50043 10 50300 9 50557 8 50813 7 51070 6 51327 3
fac507fa4d1649e8b24c195d990f1fc3ca3633d917839e1751a9d412a14ab5e3,62338 6 62594 7 62850 8 63106 8 63361 9 63617 9 63873 9 64129 9 64386 7 64643 2
fac507fa4d1649e8b24c195d990f1fc3ca3633d917839e1751a9d412a14ab5e3,50155 3 50165 2 50409 6 50419 6 50664 7 50674 7 50919 8 50929 9 51166 3 51174 20 51421 5 51430 20 51676 8 51686 19 51932 29 52188 19 52209 7 52444 18 52701 17 52957 16 53214 15 53471 13 53728 4 53735 4 53984 3
fac507fa4d1649e8b24c195d990f1fc3ca3633d917839e1751a9d412a14ab5e3,31464 2 31718 5 31973 7 32229 8 32484 10 32739 12 32995 12 33251 12 33508 9 33764 7 34022 5 34280 1
fac507fa4d1649e8b24c195d990f1fc3ca3633d917839e1751a9d412a14ab5e3,16364 5 16619 6 16875 6 17130 7 17385 8 17640 9 17896 10 18152 10 18408 11 18664 11 18921 10 19178 9 19434 8
fac507fa4d1649e8b24c195d990f1fc3ca3633d917839e1751a9d412a14ab5e3,33267 4 33521 7 33775 10 34030 12 34286 13 34542 13 34798 13 35055 11 35311 11 35568 9 35826 2
fac507fa4d1649e8b24c195d990f1fc3ca3633d917839e1751a9d412a14ab5e3,32256 1 32510 3 32766 3 33021 4 33277 4 33533 4 33789 4 34045 4 34302 3 34559 2
fe9adb627a6f45747c5a8223b671774791ededf9364f6544be487c540107fa4f,9985 1 10241 2 10497 3 10753 3 11009 3 11265 3 11521 2 11777 1
fe9adb627a6f45747c5a8223b671774791ededf9364f6544be487c540107fa4f,14849 7 15105 10 15361 11 15617 12 15873 12 16129 12 16385 12 16642 9
fe9adb627a6f45747c5a8223b671774791ededf9364f6544be487c540107fa4f,36099 2 36354 6 36609 9 36865 10 37121 10 37377 10 37633 10 37889 9 38146 7 38403 5 38660 3
fe9adb627a6f45747c5a8223b671774791ededf9364f6544be487c540107fa4f,55809 9 56065 11 56321 11 56577 11 56833 9 57089 8 57345 8 57601 8 57857 8 58113 7 58371 1
fe9adb627a6f45747c5a8223b671774791ededf9364f6544be487c540107fa4f,11534 3 11789 5 12044 6 12294 12 12549 12 12805 12 13061 11 13317 12 13574 3 13578 7 13835 6 14092 5 14350 1
fe9adb627a6f45747c5a8223b671774791ededf9364f6544be487c540107fa4f,5386 2 5640 7 5896 9 6153 8 6410 4
fe9adb627a6f45747c5a8223b671774791ededf9364f6544be487c540107fa4f,27403 4 27659 5 27914 6 28170 6 28425 8 28681 8 28938 7 29193 8 29449 8 29705 7 29961 6 30219 3
fe9adb627a6f45747c5a8223b671774791ededf9364f6544be487c540107fa4f,31243 4 31498 7 31754 8 32010 9 32266 9 32522 10 32777 11 33034 11 33290 12 33548 12 33804 13 34060 14 34315 15 34572 14 34828 14 35085 3 35091 7 35349 3
fe9adb627a6f45747c5a8223b671774791ededf9364f6544be487c540107fa4f,8216 3 8471 5 8726 6 8981 7 9236 9 9492 9 9748 9 10004 9 10260 9 10516 8 10773 7 11030 6 11288 4 11544 6 11800 7 12056 7 12312 7 12569 6 12827 3
fe9adb627a6f45747c5a8223b671774791ededf9364f6544be487c540107fa4f,18196 1
fe9adb627a6f45747c5a8223b671774791ededf9364f6544be487c540107fa4f,23575 6 23830 8 24086 8 24341 9 24597 10 24854 9 25110 9 25366 9 25622 8 25878 7 26133 6 26388 6 26644 6 26901 5 27158 3
fe9adb627a6f45747c5a8223b671774791ededf9364f6544be487c540107fa4f,542 4 797 6 1052 7 1307 8 1563 8 1819 7 2076 4
fe9adb627a6f45747c5a8223b671774791ededf9364f6544be487c540107fa4f,34080 4 34336 5 34591 7 34845 10 35100 12 35356 12 35612 12 35868 12 36125 11 36381 11 36637 10 36893 9 37150 6
fe9adb627a6f45747c5a8223b671774791ededf9364f6544be487c540107fa4f,7199 2 7454 5 7710 5 7965 7 8221 6 8477 6 8733 6 8990 4
fe9adb627a6f45747c5a8223b671774791ededf9364f6544be487c540107fa4f,55072 1 55327 3 55582 4 55838 5 56094 5 56350 5 56606 4 56862 8 57118 11 57374 13 57631 13 57887 14 58144 14 58400 14 58657 12 58913 12 59168 12 59424 11 59681 9 59937 8 60194 6
fe9adb627a6f45747c5a8223b671774791ededf9364f6544be487c540107fa4f,3109 4 3364 6 3620 6 3876 6 4132 6 4389 4 4647 2 4903 3 5159 3 5415 3
fe9adb627a6f45747c5a8223b671774791ededf9364f6544be487c540107fa4f,18727 2 18982 4 19237 5 19493 5 19749 5 20005 5
fe9adb627a6f45747c5a8223b671774791ededf9364f6544be487c540107fa4f,60458 8 60713 10 60968 11 61224 12 61480 12 61736 12 61992 12 62248 12 62504 11 62761 10 63017 9 63273 8 63529 5 63784 6 64039 8 64295 9 64551 9 64807 9 65063 10 65319 10
fe9adb627a6f45747c5a8223b671774791ededf9364f6544be487c540107fa4f,54061 3 54315 6 54569 9 54824 11 55080 11 55336 11 55592 10 55848 9 56105 7 56363 3
fe9adb627a6f45747c5a8223b671774791ededf9364f6544be487c540107fa4f,7732 5 7987 7 8243 8 8499 9 8755 9 9011 9 9267 8 9524 6 9781 4
fe9adb627a6f45747c5a8223b671774791ededf9364f6544be487c540107fa4f,17471 4 17727 5 17983 5 18239 5 18495 6 18752 4 19009 3
fe9adb627a6f45747c5a8223b671774791ededf9364f6544be487c540107fa4f,65 8 321 8 577 7 834 5 1092 2
fe9adb627a6f45747c5a8223b671774791ededf9364f6544be487c540107fa4f,3656 4 3910 6 4166 6 4424 3
fe9adb627a6f45747c5a8223b671774791ededf9364f6544be487c540107fa4f,9292 3 9547 5 9802 6 10057 7 10313 7 10569 7 10824 8 11080 7 11336 6 11593 5 11850 3
fe9adb627a6f45747c5a8223b671774791ededf9364f6544be487c540107fa4f,80 2 337 1
fe9adb627a6f45747c5a8223b671774791ededf9364f6544be487c540107fa4f,341 3 595 6 850 8 1106 9 1362 10 1618 11 1875 10 2131 10 2388 8 2646 5
fe9adb627a6f45747c5a8223b671774791ededf9364f6544be487c540107fa4f,51040 4 51293 9 51548 11 51803 12 52059 12 52315 12 52572 11 52829 10 53086 10 53343 9 53601 7 53858 6 54113 7 54369 8 54625 8 54881 9 55137 9 55393 9 55650 8 55907 9 55917 5 56164 15 56422 16 56679 16 56935 17 57191 17 57447 17 57704 16 57961 14 58217 14 58474 12 58731 10 58988 8
fe9adb627a6f45747c5a8223b671774791ededf9364f6544be487c540107fa4f,9567 4 9822 7 10078 7 10334 8 10589 9 10845 8 11101 5
fe9adb627a6f45747c5a8223b671774791ededf9364f6544be487c540107fa4f,47970 1 48224 5 48479 7 48735 7 48991 8 49248 8 49505 7 49762 7 50019 6 50276 5 50533 3
fe9adb627a6f45747c5a8223b671774791ededf9364f6544be487c540107fa4f,15459 3 15715 4 15970 5 16227 3 16483 3 16741 1
fe9adb627a6f45747c5a8223b671774791ededf9364f6544be487c540107fa4f,101 2
fe9adb627a6f45747c5a8223b671774791ededf9364f6544be487c540107fa4f,45166 4 45171 2 45421 9 45676 10 45931 11 46186 13 46441 14 46697 14 46953 14 47210 13 47469 10 47728 7 47984 7 48241 6 48498 3
fe9adb627a6f45747c5a8223b671774791ededf9364f6544be487c540107fa4f,23149 2 23403 5 23658 7 23914 8 24170 8 24426 8 24682 7 24939 4
fe9adb627a6f45747c5a8223b671774791ededf9364f6544be487c540107fa4f,59758 3 60013 5 60269 7 60524 8 60780 8 61036 9 61292 9 61548 9 61804 9 62061 7 62317 5
fe9adb627a6f45747c5a8223b671774791ededf9364f6544be487c540107fa4f,4483 5 4738 7 4994 8 5249 9 5503 11 5757 13 6012 15 6268 15 6523 16 6779 16 7036 15 7292 15 7549 13 7810 8 8068 5 8325 4 8331 8 8582 3 8586 11 8839 15 9095 15 9350 16 9606 16 9862 15 10119 14 10375 14 10632 13 10888 12 11145 10 11403 7
fe9adb627a6f45747c5a8223b671774791ededf9364f6544be487c540107fa4f,21910 2 22166 3 22422 2 22680 4 22937 3 23194 2
fe9adb627a6f45747c5a8223b671774791ededf9364f6544be487c540107fa4f,6811 8 7066 9 7321 11 7576 12 7832 12 8088 12 8344 12 8600 12 8856 12 9112 11 9369 9 9625 9 9880 9 10136 8 10391 10 10647 10 10903 9 11160 8 11417 6 11675 2
fe9adb627a6f45747c5a8223b671774791ededf9364f6544be487c540107fa4f,18077 5 18331 8 18587 8 18843 8 19099 8 19355 8 19609 10 19865 9 20120 10 20377 8 20633 7 20890 3
fe9adb627a6f45747c5a8223b671774791ededf9364f6544be487c540107fa4f,26278 2 26531 6 26786 8 27041 9 27297 10 27553 10 27809 11 28065 11 28322 9 28579 6
fe9adb627a6f45747c5a8223b671774791ededf9364f6544be487c540107fa4f,31396 7 31650 10 31906 9 32162 8 32420 5
fe9adb627a6f45747c5a8223b671774791ededf9364f6544be487c540107fa4f,19891 5 20146 8 20401 10 20656 12 20912 12 21168 12 21425 11 21682 9 21940 7 22198 1 22200 2
fe9adb627a6f45747c5a8223b671774791ededf9364f6544be487c540107fa4f,6837 5 7092 7 7347 8 7603 11 7859 12 8115 12 8372 12 8628 11 8885 10 9142 9 9398 8 9654 7 9909 7 10163 8 10419 7 10674 8 10929 9 11185 8 11441 8 11697 7 11954 6 12212 2
fe9adb627a6f45747c5a8223b671774791ededf9364f6544be487c540107fa4f,3001 4 3256 6 3512 8 3767 11 4022 12 4278 13 4534 12 4790 11 5046 11 5302 10 5559 5 5816 3
fe9adb627a6f45747c5a8223b671774791ededf9364f6544be487c540107fa4f,17084 3 17339 6 17594 8 17849 10 18104 11 18360 11 18616 11 18872 10 19128 9 19386 6 19644 3
fe9adb627a6f45747c5a8223b671774791ededf9364f6544be487c540107fa4f,21697 5 21952 7 22207 8 22461 10 22716 11 22972 11 23227 12 23483 11 23739 10 23995 8 24252 6 24510 2
fe9adb627a6f45747c5a8223b671774791ededf9364f6544be487c540107fa4f,25022 5 25276 8 25532 9 25788 10 26044 10 26300 10 26555 11 26811 10 27067 9 27324 7
fe9adb627a6f45747c5a8223b671774791ededf9364f6544be487c540107fa4f,8901 2 9155 6 9410 7 9665 8 9919 10 10174 11 10430 12 10686 12 10943 11 11199 10 11456 8 11714 2
fe9adb627a6f45747c5a8223b671774791ededf9364f6544be487c540107fa4f,19142 8 19397 9 19653 10 19909 10 20165 10 20422 9 20678 9 20935 7 21192 5 21450 1
fe9adb627a6f45747c5a8223b671774791ededf9364f6544be487c540107fa4f,27080 3 27334 8 27590 9 27846 9 28101 11 28358 10 28614 10 28870 9 29126 8 29383 6
fe9adb627a6f45747c5a8223b671774791ededf9364f6544be487c540107fa4f,30928 6 31183 8 31439 9 31694 10 31950 11 32206 11 32462 10 32719 9 32976 6
fe9adb627a6f45747c5a8223b671774791ededf9364f6544be487c540107fa4f,15321 5 15575 8 15831 9 16087 9 16342 11 16598 11 16853 12 17109 12 17365 12 17622 10 17878 9 18136 4
fe9adb627a6f45747c5a8223b671774791ededf9364f6544be487c540107fa4f,27610 2 27865 5 28120 6 28376 6 28632 6 28890 1
fe9adb627a6f45747c5a8223b671774791ededf9364f6544be487c540107fa4f,42718 3 42973 5 43229 5 43485 6 43742 5 43999 3
fe9adb627a6f45747c5a8223b671774791ededf9364f6544be487c540107fa4f,21992 3 22248 3 22505 2 22762 1
fe9adb627a6f45747c5a8223b671774791ededf9364f6544be487c540107fa4f,7929 6 8181 12 8434 15 8689 15 8944 15 9199 15 9455 13 9711 11 9967 8 10226 1
fe9adb627a6f45747c5a8223b671774791ededf9364f6544be487c540107fa4f,49663 2 49913 8 50168 9 50424 9 50680 9 50935 10 51191 10 51447 10 51704 9 51960 3 51965 4 52222 3 52479 2 52735 2 52991 2 53247 2 53499 2 53503 2 53754 7 54010 7 54265 8 54521 8 54777 8 55033 8 55289 8 55546 7 55802 7 56059 6 56317 2
fe9adb627a6f45747c5a8223b671774791ededf9364f6544be487c540107fa4f,18944 1 19199 2 19453 4 19709 4 19964 5 20220 5 20476 5 20732 5 20989 4 21246 3
fe9adb627a6f45747c5a8223b671774791ededf9364f6544be487c540107fa4f,16896 1 17151 2 17407 2 17663 2
